0 0.13177083333333334 0.25925925925925924 0.040625 0.12222222222222222
0 0.9127604166666666 0.2949074074074074 0.0578125 0.058333333333333334
0 0.77109375 0.3300925925925926 0.0203125 0.030555555555555555
0 0.6114583333333333 0.38055555555555554 0.04895833333333333 0.027777777777777776
0 0.20729166666666668 0.3814814814814815 0.022916666666666665 0.040740740740740744
0 0.2421875 0.3861111111111111 0.023958333333333335 0.03888888888888889
0 0.8994791666666667 0.3907407407407407 0.025 0.02962962962962963
0 0.2713541666666667 0.40694444444444444 0.025 0.07314814814814814
0 0.20520833333333333 0.5046296296296297 0.042708333333333334 0.03518518518518519
0 0.06666666666666667 0.5356481481481481 0.034375 0.049074074074074076
0 0.17604166666666668 0.5356481481481481 0.034375 0.03796296296296296
0 0.01015625 0.5648148148148148 0.0203125 0.04814814814814815