0 0.8111979166666666 0.26851851851851855 0.019270833333333334 0.046296296296296294
0 0.6640625 0.31666666666666665 0.023958333333333335 0.037037037037037035
0 0.5578125 0.37546296296296294 0.022916666666666665 0.028703703703703703
0 0.26979166666666665 0.3976851851851852 0.03333333333333333 0.049074074074074076
0 0.20729166666666668 0.41944444444444445 0.036458333333333336 0.10740740740740741
0 0.3411458333333333 0.42916666666666664 0.0375 0.04351851851851852
0 0.7723958333333333 0.4300925925925926 0.06458333333333334 0.04537037037037037
0 0.28880208333333335 0.4587962962962963 0.022395833333333334 0.07685185185185185
0 0.15182291666666667 0.5393518518518519 0.0390625 0.03425925925925926
0 0.015625 0.5685185185185185 0.030208333333333334 0.04814814814814815
0 0.07005208333333333 0.5740740740740741 0.050520833333333334 0.044444444444444446