0 0.8260416666666667 0.27824074074074073 0.020833333333333332 0.04351851851851852
0 0.6411458333333333 0.32175925925925924 0.026041666666666668 0.032407407407407406
0 0.5486979166666667 0.37175925925925923 0.0234375 0.028703703703703703
0 0.2825520833333333 0.39351851851851855 0.0296875 0.03518518518518519
0 0.3703125 0.4199074074074074 0.04375 0.049074074074074076
0 0.7864583333333334 0.42268518518518516 0.053125 0.026851851851851852
0 0.21796875 0.44722222222222224 0.03177083333333333 0.1
0 0.30234375 0.4564814814814815 0.03697916666666667 0.07222222222222222
0 0.15677083333333333 0.5393518518518519 0.025 0.04351851851851852
0 0.07447916666666667 0.5657407407407408 0.028125 0.03518518518518519
0 0.0171875 0.5657407407407408 0.03333333333333333 0.04814814814814815