0 0.203125 0.4060185185185185 0.035416666666666666 0.10648148148148148
0 0.06328125 0.5726851851851852 0.0484375 0.03796296296296296
0 0.28854166666666664 0.4726851851851852 0.020833333333333332 0.05462962962962963
0 0.2604166666666667 0.40370370370370373 0.030208333333333334 0.03888888888888889
0 0.32864583333333336 0.43148148148148147 0.040625 0.044444444444444446
0 0.37057291666666664 0.43472222222222223 0.016145833333333335 0.03611111111111111
0 0.6729166666666667 0.31805555555555554 0.023958333333333335 0.03611111111111111
0 0.8903645833333333 0.362962962962963 0.05364583333333333 0.04814814814814815
0 0.80546875 0.26296296296296295 0.018229166666666668 0.044444444444444446
0 0.7484375 0.41898148148148145 0.046875 0.028703703703703703
0 0.559375 0.37407407407407406 0.025 0.03148148148148148
0 0.14895833333333333 0.5370370370370371 0.022916666666666665 0.03888888888888889
0 0.012760416666666666 0.5717592592592593 0.024479166666666666 0.04722222222222222
0 0.2359375 0.49907407407407406 0.028125 0.027777777777777776