0 0.8932291666666666 0.29259259259259257 0.019791666666666666 0.05555555555555555
0 0.97734375 0.324537037037037 0.0453125 0.04351851851851852
0 0.51328125 0.34675925925925927 0.030729166666666665 0.03981481481481482
0 0.32734375 0.4060185185185185 0.013020833333333334 0.03425925925925926
0 0.3489583333333333 0.4064814814814815 0.026041666666666668 0.07037037037037037
0 0.43203125 0.4074074074074074 0.027604166666666666 0.05555555555555555
0 0.7244791666666667 0.4148148148148148 0.026041666666666668 0.044444444444444446
0 0.37161458333333336 0.47314814814814815 0.05677083333333333 0.037037037037037035
0 0.24010416666666667 0.5300925925925926 0.04895833333333333 0.17314814814814813
0 0.014583333333333334 0.5606481481481481 0.028125 0.05648148148148148
0 0.10677083333333333 0.5958333333333333 0.06666666666666667 0.06944444444444445