0 0.9893229166666667 0.31203703703703706 0.019270833333333334 0.037037037037037035
0 0.48411458333333335 0.3472222222222222 0.015104166666666667 0.040740740740740744
0 0.4666666666666667 0.3541666666666667 0.015625 0.04351851851851852
0 0.26276041666666666 0.37407407407407406 0.04635416666666667 0.10925925925925926
0 0.18776041666666668 0.3837962962962963 0.018229166666666668 0.03425925925925926
0 0.35 0.38935185185185184 0.022916666666666665 0.03796296296296296
0 0.0703125 0.4361111111111111 0.01875 0.037037037037037035
0 0.6744791666666666 0.4513888888888889 0.036458333333333336 0.032407407407407406
0 0.3111979166666667 0.4550925925925926 0.028645833333333332 0.04722222222222222
0 0.21770833333333334 0.49953703703703706 0.020833333333333332 0.03611111111111111
0 0.07239583333333334 0.5421296296296296 0.016666666666666666 0.04537037037037037
0 0.14401041666666667 0.5791666666666667 0.09114583333333333 0.06759259259259259