0 0.8651041666666667 0.2875 0.029166666666666667 0.04537037037037037
0 0.9203125 0.3263888888888889 0.051041666666666666 0.049074074074074076
0 0.5533854166666666 0.3347222222222222 0.0234375 0.03611111111111111
0 0.4984375 0.3384259259259259 0.023958333333333335 0.023148148148148147
0 0.27265625 0.387037037037037 0.030729166666666665 0.04259259259259259
0 0.42682291666666666 0.4101851851851852 0.04010416666666667 0.044444444444444446
0 0.7239583333333334 0.41435185185185186 0.028125 0.04351851851851852
0 0.3450520833333333 0.4203703703703704 0.0328125 0.06481481481481481
0 0.23359375 0.4962962962962963 0.033854166666666664 0.03888888888888889
0 0.011458333333333333 0.5625 0.022916666666666665 0.05277777777777778
0 0.24713541666666666 0.5643518518518519 0.06822916666666666 0.12129629629629629
0 0.08151041666666667 0.5981481481481481 0.0265625 0.05