0 0.84140625 0.2824074074074074 0.0234375 0.03888888888888889
0 0.6111979166666667 0.32222222222222224 0.0265625 0.03888888888888889
0 0.5283854166666667 0.36342592592592593 0.025520833333333333 0.03425925925925926
0 0.29010416666666666 0.38564814814814813 0.013541666666666667 0.032407407407407406
0 0.8317708333333333 0.3939814814814815 0.04583333333333333 0.04722222222222222
0 0.74765625 0.4148148148148148 0.06197916666666667 0.040740740740740744
0 0.4125 0.4236111111111111 0.03125 0.062037037037037036
0 0.32005208333333335 0.4444444444444444 0.03802083333333333 0.06296296296296296
0 0.2203125 0.4981481481481482 0.029166666666666667 0.1037037037037037
0 0.17447916666666666 0.524537037037037 0.026041666666666668 0.03611111111111111
0 0.015364583333333333 0.562037037037037 0.028645833333333332 0.03888888888888889
0 0.08515625 0.5800925925925926 0.034895833333333334 0.04351851851851852