0 0.9067708333333333 0.30185185185185187 0.028125 0.044444444444444446
0 0.9877604166666667 0.32685185185185184 0.024479166666666666 0.03518518518518519
0 0.49713541666666666 0.34814814814814815 0.030729166666666665 0.044444444444444446
0 0.4625 0.38055555555555554 0.01875 0.03148148148148148
0 0.22916666666666666 0.3907407407407407 0.020833333333333332 0.037037037037037035
0 0.35208333333333336 0.40046296296296297 0.026041666666666668 0.06018518518518518
0 0.43411458333333336 0.4013888888888889 0.025520833333333333 0.05092592592592592
0 0.33177083333333335 0.4064814814814815 0.021875 0.03333333333333333
0 0.7263020833333333 0.4083333333333333 0.0390625 0.040740740740740744
0 0.24895833333333334 0.4425925925925926 0.021875 0.03148148148148148
0 0.3606770833333333 0.4842592592592593 0.058854166666666666 0.044444444444444446
0 0.010677083333333334 0.5476851851851852 0.021354166666666667 0.041666666666666664
0 0.24453125 0.5532407407407407 0.06197916666666667 0.1361111111111111
0 0.12369791666666667 0.5837962962962963 0.05364583333333333 0.04722222222222222