0 0.8700520833333333 0.28564814814814815 0.030729166666666665 0.04351851851851852
0 0.9432291666666667 0.3226851851851852 0.05416666666666667 0.03611111111111111
0 0.5395833333333333 0.33935185185185185 0.03229166666666667 0.032407407407407406
0 0.2596354166666667 0.39166666666666666 0.03177083333333333 0.03518518518518519
0 0.42630208333333336 0.4046296296296296 0.033854166666666664 0.046296296296296294
0 0.7244791666666667 0.40925925925925927 0.020833333333333332 0.02962962962962963
0 0.3375 0.41064814814814815 0.013541666666666667 0.030555555555555555
0 0.34427083333333336 0.41759259259259257 0.028125 0.07222222222222222
0 0.23932291666666666 0.5421296296296296 0.05260416666666667 0.15648148148148147
0 0.010677083333333334 0.5592592592592592 0.021354166666666667 0.046296296296296294
0 0.08046875 0.5967592592592592 0.021354166666666667 0.04722222222222222