0 0.7403645833333333 0.26944444444444443 0.027604166666666666 0.040740740740740744
0 0.6942708333333333 0.3101851851851852 0.028125 0.03518518518518519
0 0.1953125 0.37407407407407406 0.03333333333333333 0.1
0 0.70078125 0.3990740740740741 0.034895833333333334 0.03518518518518519
0 0.8122395833333333 0.41944444444444445 0.07135416666666666 0.046296296296296294
0 0.8153645833333333 0.4444444444444444 0.0671875 0.02962962962962963
0 0.19557291666666668 0.45231481481481484 0.028645833333333332 0.04537037037037037
0 0.37395833333333334 0.4527777777777778 0.053125 0.037037037037037035
0 0.24270833333333333 0.46296296296296297 0.029166666666666667 0.044444444444444446
0 0.31744791666666666 0.49027777777777776 0.0421875 0.05277777777777778
0 0.22057291666666667 0.49583333333333335 0.0328125 0.03425925925925926
0 0.04401041666666667 0.5 0.0296875 0.04259259259259259
0 0.008072916666666667 0.5731481481481482 0.016145833333333335 0.046296296296296294
0 0.023697916666666666 0.600462962962963 0.04635416666666667 0.041666666666666664