0 0.11927083333333334 0.2587962962962963 0.030208333333333334 0.10648148148148148
0 0.7940104166666667 0.3199074074074074 0.028645833333333332 0.03796296296296296
0 0.24453125 0.33287037037037037 0.0265625 0.04722222222222222
0 0.7596354166666667 0.3435185185185185 0.027604166666666666 0.03148148148148148
0 0.8549479166666667 0.34444444444444444 0.0515625 0.03333333333333333
0 0.27708333333333335 0.36666666666666664 0.023958333333333335 0.07592592592592592
0 0.2625 0.3675925925925926 0.026041666666666668 0.03888888888888889
0 0.8807291666666667 0.3902777777777778 0.06354166666666666 0.05648148148148148
0 0.5630208333333333 0.3962962962962963 0.046875 0.027777777777777776
0 0.14322916666666666 0.5157407407407407 0.035416666666666666 0.02962962962962963
0 0.025 0.5712962962962963 0.041666666666666664 0.06111111111111111
0 0.11119791666666666 0.5828703703703704 0.034895833333333334 0.05648148148148148
0 0.053385416666666664 0.6199074074074075 0.025520833333333333 0.041666666666666664