0 0.23958333333333334 0.4134259259259259 0.021875 0.041666666666666664
0 0.18802083333333333 0.38981481481481484 0.020833333333333332 0.037037037037037035
0 0.018229166666666668 0.5513888888888889 0.035416666666666666 0.06388888888888888
0 0.28958333333333336 0.4212962962962963 0.08645833333333333 0.12962962962962962
0 0.35234375 0.4078703703703704 0.024479166666666666 0.0712962962962963
0 0.40911458333333334 0.3787037037037037 0.03177083333333333 0.027777777777777776
0 0.4401041666666667 0.34814814814814815 0.03125 0.037037037037037035
0 0.43645833333333334 0.39490740740740743 0.015625 0.041666666666666664
0 0.9354166666666667 0.3106481481481482 0.029166666666666667 0.04722222222222222
0 0.32109375 0.5032407407407408 0.06614583333333333 0.03981481481481482
0 0.22369791666666666 0.5337962962962963 0.05364583333333333 0.032407407407407406