0 0.7270833333333333 0.2712962962962963 0.014583333333333334 0.03518518518518519
0 0.6984375 0.30694444444444446 0.029166666666666667 0.03981481481481482
0 0.19114583333333332 0.3699074074074074 0.030208333333333334 0.09722222222222222
0 0.6888020833333334 0.39537037037037037 0.04010416666666667 0.037037037037037035
0 0.8161458333333333 0.4111111111111111 0.052083333333333336 0.03888888888888889
0 0.8111979166666666 0.44722222222222224 0.0640625 0.02962962962962963
0 0.36666666666666664 0.45092592592592595 0.06666666666666667 0.03888888888888889
0 0.18098958333333334 0.4601851851851852 0.0328125 0.040740740740740744
0 0.22994791666666667 0.46296296296296297 0.03697916666666667 0.040740740740740744
0 0.054947916666666666 0.49583333333333335 0.022395833333333334 0.04537037037037037
0 0.3104166666666667 0.4962962962962963 0.03125 0.046296296296296294
0 0.008333333333333333 0.575 0.014583333333333334 0.05
0 0.02109375 0.612037037037037 0.0421875 0.03888888888888889