0 0.8091145833333333 0.26666666666666666 0.018229166666666668 0.040740740740740744
0 0.6708333333333333 0.31851851851851853 0.023958333333333335 0.037037037037037035
0 0.8979166666666667 0.36203703703703705 0.04895833333333333 0.03888888888888889
0 0.5619791666666667 0.37453703703703706 0.023958333333333335 0.026851851851851852
0 0.26588541666666665 0.4 0.030729166666666665 0.037037037037037035
0 0.20572916666666666 0.4125 0.03333333333333333 0.10277777777777777
0 0.7578125 0.42314814814814816 0.046875 0.03333333333333333
0 0.3341145833333333 0.4300925925925926 0.0359375 0.04537037037037037
0 0.2921875 0.4726851851851852 0.01875 0.058333333333333334
0 0.1484375 0.5407407407407407 0.03125 0.04259259259259259
0 0.06744791666666666 0.5675925925925925 0.044270833333333336 0.040740740740740744
0 0.011979166666666667 0.5685185185185185 0.022916666666666665 0.044444444444444446