0 0.91328125 0.3023148148148148 0.0265625 0.04537037037037037
0 0.4825520833333333 0.34953703703703703 0.0296875 0.030555555555555555
0 0.22239583333333332 0.3925925925925926 0.025 0.037037037037037035
0 0.43385416666666665 0.4 0.022916666666666665 0.05
0 0.3533854166666667 0.4013888888888889 0.028645833333333332 0.06018518518518518
0 0.33489583333333334 0.40694444444444444 0.016666666666666666 0.03796296296296296
0 0.725 0.4078703703703704 0.0375 0.04351851851851852
0 0.2518229166666667 0.4393518518518518 0.013020833333333334 0.041666666666666664
0 0.36796875 0.48842592592592593 0.06510416666666667 0.03981481481481482
0 0.01015625 0.5458333333333333 0.0203125 0.03796296296296296
0 0.25104166666666666 0.549074074074074 0.07604166666666666 0.14074074074074075
0 0.13307291666666668 0.5777777777777777 0.0671875 0.05
0 0.01796875 0.5851851851851851 0.030729166666666665 0.037037037037037035