0 0.21744791666666666 0.2439814814814815 0.027604166666666666 0.09351851851851851
0 0.7734375 0.25462962962962965 0.019791666666666666 0.03518518518518519
0 0.3729166666666667 0.27314814814814814 0.026041666666666668 0.09074074074074075
0 0.49635416666666665 0.3074074074074074 0.017708333333333333 0.027777777777777776
0 0.828125 0.31805555555555554 0.014583333333333334 0.032407407407407406
0 0.5244791666666667 0.32592592592592595 0.05 0.03148148148148148
0 0.32109375 0.3662037037037037 0.016145833333333335 0.03425925925925926
0 0.3026041666666667 0.3685185185185185 0.015625 0.040740740740740744
0 0.7106770833333333 0.4236111111111111 0.0671875 0.026851851851851852
0 0.37213541666666666 0.4689814814814815 0.04739583333333333 0.032407407407407406
0 0.036458333333333336 0.5810185185185185 0.026041666666666668 0.05648148148148148