0 0.73359375 0.27175925925925926 0.019270833333333334 0.03611111111111111
0 0.6955729166666667 0.3055555555555556 0.030729166666666665 0.03333333333333333
0 0.19401041666666666 0.3685185185185185 0.0296875 0.1037037037037037
0 0.6953125 0.3958333333333333 0.03125 0.03981481481481482
0 0.8106770833333333 0.4162037037037037 0.04739583333333333 0.04351851851851852
0 0.8096354166666667 0.44074074074074077 0.058854166666666666 0.027777777777777776
0 0.3671875 0.4513888888888889 0.053125 0.041666666666666664
0 0.1875 0.4550925925925926 0.030208333333333334 0.03981481481481482
0 0.23645833333333333 0.45925925925925926 0.034375 0.037037037037037035
0 0.22265625 0.49074074074074076 0.025520833333333333 0.027777777777777776
0 0.31744791666666666 0.4935185185185185 0.033854166666666664 0.05185185185185185
0 0.05 0.5 0.021875 0.03333333333333333
0 0.007552083333333333 0.5722222222222222 0.015104166666666667 0.053703703703703705
0 0.0203125 0.6064814814814815 0.03958333333333333 0.05740740740740741