0 0.12057291666666667 0.2523148148148148 0.027604166666666666 0.11018518518518519
0 0.7890625 0.3236111111111111 0.025 0.03796296296296296
0 0.8755208333333333 0.32916666666666666 0.040625 0.032407407407407406
0 0.23515625 0.3453703703703704 0.022395833333333334 0.04259259259259259
0 0.7364583333333333 0.35138888888888886 0.026041666666666668 0.030555555555555555
0 0.2526041666666667 0.3699074074074074 0.020833333333333332 0.026851851851851852
0 0.8893229166666666 0.38055555555555554 0.050520833333333334 0.04814814814814815
0 0.27265625 0.3819444444444444 0.022395833333333334 0.0787037037037037
0 0.57734375 0.387037037037037 0.0484375 0.024074074074074074
0 0.12447916666666667 0.5106481481481482 0.030208333333333334 0.05092592592592592
0 0.17291666666666666 0.5291666666666667 0.04583333333333333 0.041666666666666664
0 0.03828125 0.5597222222222222 0.027604166666666666 0.06018518518518518
0 0.13333333333333333 0.5611111111111111 0.034375 0.040740740740740744
0 0.011979166666666667 0.5634259259259259 0.021875 0.049074074074074076
0 0.06770833333333333 0.6064814814814815 0.034375 0.03888888888888889