0 0.9888020833333333 0.3148148148148148 0.018229166666666668 0.044444444444444446
0 0.48671875 0.3435185185185185 0.0203125 0.03518518518518519
0 0.4630208333333333 0.35833333333333334 0.015625 0.02962962962962963
0 0.26953125 0.3699074074074074 0.0765625 0.09351851851851851
0 0.3515625 0.3824074074074074 0.025 0.025925925925925925
0 0.18359375 0.38564814814814813 0.0140625 0.04351851851851852
0 0.07682291666666667 0.4305555555555556 0.022395833333333334 0.044444444444444446
0 0.3067708333333333 0.4486111111111111 0.020833333333333332 0.04537037037037037
0 0.35598958333333336 0.4546296296296296 0.0203125 0.046296296296296294
0 0.6817708333333333 0.4583333333333333 0.03333333333333333 0.046296296296296294
0 0.21432291666666667 0.48148148148148145 0.018229166666666668 0.05
0 0.07161458333333333 0.5467592592592593 0.0234375 0.049074074074074076
0 0.16640625 0.5666666666666667 0.08177083333333333 0.04259259259259259
0 0.029947916666666668 0.5810185185185185 0.0328125 0.032407407407407406