0 0.12604166666666666 0.2587962962962963 0.03854166666666667 0.10092592592592593
0 0.88984375 0.31805555555555554 0.0453125 0.049074074074074076
0 0.7807291666666667 0.32592592592592595 0.029166666666666667 0.03148148148148148
0 0.7216145833333333 0.362962962962963 0.021354166666666667 0.02962962962962963
0 0.2234375 0.3638888888888889 0.021875 0.037037037037037035
0 0.24895833333333334 0.37592592592592594 0.017708333333333333 0.02962962962962963
0 0.9052083333333333 0.38333333333333336 0.046875 0.03888888888888889
0 0.5895833333333333 0.38425925925925924 0.04895833333333333 0.02962962962962963
0 0.27291666666666664 0.39675925925925926 0.026041666666666668 0.08055555555555556
0 0.19322916666666667 0.5138888888888888 0.05520833333333333 0.044444444444444446
0 0.11666666666666667 0.5203703703703704 0.014583333333333334 0.046296296296296294
0 0.15416666666666667 0.5472222222222223 0.026041666666666668 0.046296296296296294
0 0.05078125 0.5504629629629629 0.033854166666666664 0.05092592592592592
0 0.013802083333333333 0.5592592592592592 0.0265625 0.07037037037037037
0 0.0375 0.5847222222222223 0.025 0.03425925925925926
0 0.0703125 0.5967592592592592 0.019791666666666666 0.032407407407407406