0 0.11901041666666666 0.25462962962962965 0.024479166666666666 0.1037037037037037
0 0.7921875 0.32222222222222224 0.021875 0.02962962962962963
0 0.24270833333333333 0.3337962962962963 0.020833333333333332 0.032407407407407406
0 0.8645833333333334 0.3388888888888889 0.046875 0.02962962962962963
0 0.7510416666666667 0.3476851851851852 0.026041666666666668 0.028703703703703703
0 0.25833333333333336 0.3699074074074074 0.022916666666666665 0.025
0 0.2752604166666667 0.37175925925925923 0.027604166666666666 0.0824074074074074
0 0.8875 0.3819444444444444 0.057291666666666664 0.05277777777777778
0 0.5638020833333334 0.3958333333333333 0.0515625 0.03611111111111111
0 0.13802083333333334 0.5111111111111111 0.03333333333333333 0.037037037037037035
0 0.021614583333333333 0.5699074074074074 0.030729166666666665 0.05092592592592592
0 0.1203125 0.5828703703703704 0.03854166666666667 0.062037037037037036
0 0.05677083333333333 0.6212962962962963 0.021875 0.03888888888888889