0 0.21588541666666666 0.27037037037037037 0.0734375 0.09444444444444444
0 0.48776041666666664 0.3175925925925926 0.018229166666666668 0.02962962962962963
0 0.26484375 0.3194444444444444 0.033854166666666664 0.03518518518518519
0 0.7380208333333333 0.33101851851851855 0.05520833333333333 0.04351851851851852
0 0.8486979166666667 0.3398148148148148 0.024479166666666666 0.022222222222222223
0 0.290625 0.36666666666666664 0.029166666666666667 0.09259259259259259
0 0.503125 0.4166666666666667 0.036458333333333336 0.02962962962962963
0 0.8450520833333334 0.42314814814814816 0.033854166666666664 0.02962962962962963
0 0.047135416666666666 0.49675925925925923 0.0078125 0.03796296296296296
0 0.165625 0.5166666666666667 0.022916666666666665 0.027777777777777776
0 0.0171875 0.5740740740740741 0.011458333333333333 0.05
0 0.03359375 0.6768518518518518 0.0390625 0.03888888888888889