0 0.8390625 0.28425925925925927 0.028125 0.046296296296296294
0 0.6153645833333333 0.32407407407407407 0.027604166666666666 0.03518518518518519
0 0.5356770833333333 0.3675925925925926 0.0265625 0.03333333333333333
0 0.29140625 0.387037037037037 0.019270833333333334 0.04259259259259259
0 0.8234375 0.4060185185185185 0.057291666666666664 0.049074074074074076
0 0.5375 0.4115740740740741 0.01875 0.032407407407407406
0 0.7591145833333334 0.42083333333333334 0.0453125 0.041666666666666664
0 0.31484375 0.4532407407407407 0.04635416666666667 0.0712962962962963
0 0.22109375 0.48842592592592593 0.034895833333333334 0.09722222222222222
0 0.16979166666666667 0.5328703703703703 0.034375 0.030555555555555555
0 0.018229166666666668 0.5675925925925925 0.035416666666666666 0.053703703703703705
0 0.07994791666666666 0.5768518518518518 0.033854166666666664 0.044444444444444446