0 0.93359375 0.31203703703703706 0.0328125 0.040740740740740744
0 0.44166666666666665 0.34675925925925927 0.015625 0.032407407407407406
0 0.4080729166666667 0.37962962962962965 0.0203125 0.025925925925925925
0 0.1828125 0.3902777777777778 0.023958333333333335 0.032407407407407406
0 0.43854166666666666 0.3958333333333333 0.014583333333333334 0.049074074074074076
0 0.35052083333333334 0.40879629629629627 0.022916666666666665 0.06574074074074074
0 0.23932291666666666 0.41388888888888886 0.022395833333333334 0.037037037037037035
0 0.2872395833333333 0.4305555555555556 0.0796875 0.11296296296296296
0 0.32109375 0.5125 0.058854166666666666 0.05092592592592592
0 0.21822916666666667 0.5476851851851852 0.052083333333333336 0.04537037037037037
0 0.0203125 0.549537037037037 0.035416666666666666 0.058333333333333334