0 0.39401041666666664 0.1736111111111111 0.025520833333333333 0.04537037037037037
0 0.5528645833333333 0.19907407407407407 0.0390625 0.06851851851851852
0 0.6216145833333333 0.29305555555555557 0.013020833333333334 0.028703703703703703
0 0.7497395833333333 0.30277777777777776 0.013020833333333334 0.02962962962962963
0 0.24088541666666666 0.3638888888888889 0.018229166666666668 0.05
0 0.26875 0.375 0.015625 0.02962962962962963
0 0.22057291666666667 0.3907407407407407 0.022395833333333334 0.03333333333333333
0 0.15833333333333333 0.5032407407407408 0.046875 0.025
0 0.10026041666666667 0.5356481481481481 0.03697916666666667 0.032407407407407406
0 0.014322916666666666 0.5634259259259259 0.025520833333333333 0.049074074074074076
0 0.16484375 0.5810185185185185 0.05677083333333333 0.028703703703703703