0 0.8447916666666667 0.28888888888888886 0.030208333333333334 0.04259259259259259
0 0.5901041666666667 0.32222222222222224 0.03333333333333333 0.03333333333333333
0 0.5190104166666667 0.3509259259259259 0.024479166666666666 0.037037037037037035
0 0.8627604166666667 0.37546296296296294 0.049479166666666664 0.04722222222222222
0 0.2911458333333333 0.38472222222222224 0.026041666666666668 0.049074074074074076
0 0.7411458333333333 0.412962962962963 0.06458333333333334 0.053703703703703705
0 0.4231770833333333 0.4166666666666667 0.0328125 0.04814814814814815
0 0.36953125 0.4185185185185185 0.016145833333333335 0.040740740740740744
0 0.32786458333333335 0.44212962962962965 0.034895833333333334 0.07685185185185185
0 0.1921875 0.5175925925925926 0.036458333333333336 0.037037037037037035
0 0.22239583333333332 0.5421296296296296 0.023958333333333335 0.07314814814814814
0 0.0109375 0.5560185185185185 0.01875 0.03796296296296296
0 0.0859375 0.5851851851851851 0.042708333333333334 0.04814814814814815