0 0.15234375 0.262037037037037 0.11197916666666667 0.10555555555555556
0 0.8026041666666667 0.29259259259259257 0.021875 0.03518518518518519
0 0.25885416666666666 0.30694444444444446 0.027083333333333334 0.032407407407407406
0 0.4765625 0.3226851851851852 0.019791666666666666 0.028703703703703703
0 0.7953125 0.3425925925925926 0.06145833333333333 0.04814814814814815
0 0.8315104166666667 0.3439814814814815 0.0234375 0.04722222222222222
0 0.28671875 0.362962962962963 0.033854166666666664 0.08888888888888889
0 0.5309895833333333 0.412962962962963 0.04739583333333333 0.03148148148148148
0 0.8518229166666667 0.4162037037037037 0.05260416666666667 0.05462962962962963
0 0.16614583333333333 0.5162037037037037 0.016666666666666666 0.032407407407407406
0 0.0484375 0.5296296296296297 0.016666666666666666 0.05925925925925926
0 0.01875 0.5712962962962963 0.017708333333333333 0.04814814814814815
0 0.007552083333333333 0.6064814814814815 0.015104166666666667 0.040740740740740744
0 0.06484375 0.6402777777777777 0.04114583333333333 0.03611111111111111
0 0.029427083333333333 0.6513888888888889 0.04010416666666667 0.05092592592592592