0 0.12135416666666667 0.25555555555555554 0.035416666666666666 0.1037037037037037
0 0.7953125 0.3175925925925926 0.026041666666666668 0.03333333333333333
0 0.24921875 0.32546296296296295 0.021354166666666667 0.032407407407407406
0 0.85390625 0.3425925925925926 0.05677083333333333 0.03888888888888889
0 0.7640625 0.3435185185185185 0.022916666666666665 0.025925925925925925
0 0.2747395833333333 0.3662037037037037 0.0234375 0.07685185185185185
0 0.26276041666666666 0.36898148148148147 0.0140625 0.03425925925925926
0 0.88046875 0.387037037037037 0.0640625 0.07407407407407407
0 0.5583333333333333 0.4 0.04375 0.027777777777777776
0 0.14661458333333333 0.5194444444444445 0.03802083333333333 0.04259259259259259
0 0.04010416666666667 0.5606481481481481 0.016666666666666666 0.05277777777777778
0 0.019791666666666666 0.5824074074074074 0.03333333333333333 0.07592592592592592
0 0.10130208333333333 0.5935185185185186 0.033854166666666664 0.05185185185185185
0 0.052083333333333336 0.6231481481481481 0.023958333333333335 0.037037037037037035