0 0.22890625 0.22037037037037038 0.044270833333333336 0.08703703703703704
0 0.3809895833333333 0.25092592592592594 0.030729166666666665 0.1
0 0.75703125 0.262037037037037 0.018229166666666668 0.03148148148148148
0 0.46458333333333335 0.2912037037037037 0.027083333333333334 0.03796296296296296
0 0.8075520833333333 0.3194444444444444 0.018229166666666668 0.027777777777777776
0 0.49244791666666665 0.3398148148148148 0.05677083333333333 0.04259259259259259
0 0.3307291666666667 0.35694444444444445 0.025 0.03425925925925926
0 0.303125 0.38101851851851853 0.016666666666666666 0.028703703703703703
0 0.6677083333333333 0.425462962962963 0.07083333333333333 0.04722222222222222
0 0.34713541666666664 0.4787037037037037 0.044270833333333336 0.020370370370370372
0 0.013020833333333334 0.6013888888888889 0.026041666666666668 0.05277777777777778