0 0.7302083333333333 0.30648148148148147 0.035416666666666666 0.03333333333333333
0 0.184375 0.34120370370370373 0.03333333333333333 0.11203703703703703
0 0.478125 0.36712962962962964 0.014583333333333334 0.032407407407407406
0 0.6716145833333333 0.3824074074074074 0.0296875 0.044444444444444446
0 0.83828125 0.43796296296296294 0.06302083333333333 0.03888888888888889
0 0.32083333333333336 0.4703703703703704 0.06041666666666667 0.04259259259259259
0 0.09479166666666666 0.4708333333333333 0.025 0.03425925925925926
0 0.21875 0.4791666666666667 0.014583333333333334 0.03425925925925926
0 0.14791666666666667 0.4888888888888889 0.029166666666666667 0.03888888888888889
0 0.17604166666666668 0.49027777777777776 0.034375 0.04537037037037037
0 0.12135416666666667 0.5597222222222222 0.03125 0.03796296296296296