0 0.8072916666666666 0.2777777777777778 0.019791666666666666 0.03148148148148148
0 0.2872395833333333 0.30648148148148147 0.07552083333333333 0.08148148148148149
0 0.6768229166666667 0.32685185185185184 0.0578125 0.040740740740740744
0 0.496875 0.33055555555555555 0.014583333333333334 0.03148148148148148
0 0.3333333333333333 0.3435185185185185 0.022916666666666665 0.03518518518518519
0 0.2825520833333333 0.3476851851851852 0.03802083333333333 0.08055555555555556
0 0.840625 0.41898148148148145 0.03125 0.04351851851851852
0 0.471875 0.42592592592592593 0.057291666666666664 0.03148148148148148
0 0.037760416666666664 0.4962962962962963 0.019270833333333334 0.03518518518518519
0 0.1359375 0.5208333333333334 0.03958333333333333 0.03981481481481482
0 0.00546875 0.5476851851851852 0.0109375 0.05092592592592592