0 0.88671875 0.28564814814814815 0.019270833333333334 0.041666666666666664
0 0.9700520833333334 0.324537037037037 0.0484375 0.03981481481481482
0 0.5221354166666666 0.3458333333333333 0.0296875 0.03425925925925926
0 0.4822916666666667 0.3625 0.015625 0.025
0 0.24270833333333333 0.3976851851851852 0.022916666666666665 0.04537037037037037
0 0.43072916666666666 0.4027777777777778 0.03229166666666667 0.06296296296296296
0 0.33229166666666665 0.4050925925925926 0.017708333333333333 0.03611111111111111
0 0.7231770833333333 0.4097222222222222 0.0296875 0.041666666666666664
0 0.35182291666666665 0.41064814814814815 0.0265625 0.06018518518518518
0 0.24166666666666667 0.5347222222222222 0.05625 0.1638888888888889
0 0.011458333333333333 0.5583333333333333 0.022916666666666665 0.05
0 0.090625 0.6 0.026041666666666668 0.040740740740740744