0 0.26328125 0.2916666666666667 0.0765625 0.08333333333333333
0 0.6940104166666666 0.3212962962962963 0.06197916666666667 0.040740740740740744
0 0.49375 0.32685185185185184 0.019791666666666666 0.040740740740740744
0 0.8559895833333333 0.3384259259259259 0.018229166666666668 0.03425925925925926
0 0.32265625 0.350462962962963 0.0203125 0.03981481481481482
0 0.2911458333333333 0.3560185185185185 0.030208333333333334 0.08611111111111111
0 0.3125 0.4134259259259259 0.03229166666666667 0.025
0 0.48203125 0.4212962962962963 0.04739583333333333 0.03518518518518519
0 0.043229166666666666 0.487962962962963 0.014583333333333334 0.02962962962962963
0 0.15078125 0.5226851851851851 0.0203125 0.03796296296296296
0 0.009375 0.5546296296296296 0.01875 0.04814814814814815