0 0.12942708333333333 0.26064814814814813 0.07135416666666666 0.11574074074074074
0 0.8033854166666666 0.3074074074074074 0.019270833333333334 0.040740740740740744
0 0.25625 0.30925925925925923 0.022916666666666665 0.03333333333333333
0 0.4671875 0.33055555555555555 0.017708333333333333 0.025925925925925925
0 0.8244791666666667 0.34629629629629627 0.058333333333333334 0.037037037037037035
0 0.79765625 0.34675925925925927 0.0234375 0.03796296296296296
0 0.278125 0.36064814814814816 0.029166666666666667 0.0787037037037037
0 0.8645833333333334 0.399537037037037 0.05625 0.06018518518518518
0 0.546875 0.40694444444444444 0.03958333333333333 0.032407407407407406
0 0.16015625 0.5125 0.025520833333333333 0.030555555555555555
0 0.04140625 0.549074074074074 0.024479166666666666 0.04814814814814815
0 0.017708333333333333 0.575 0.015625 0.05
0 0.012239583333333333 0.5916666666666667 0.024479166666666666 0.04814814814814815
0 0.08046875 0.6259259259259259 0.028645833333333332 0.05
0 0.041666666666666664 0.6291666666666667 0.021875 0.025