0 0.13671875 0.26064814814814813 0.04739583333333333 0.13055555555555556
0 0.9177083333333333 0.2884259259259259 0.05520833333333333 0.06574074074074074
0 0.7690104166666667 0.33240740740740743 0.027604166666666666 0.03518518518518519
0 0.61484375 0.37916666666666665 0.04114583333333333 0.028703703703703703
0 0.20026041666666666 0.3888888888888889 0.027604166666666666 0.03888888888888889
0 0.8979166666666667 0.3912037037037037 0.026041666666666668 0.028703703703703703
0 0.24348958333333334 0.39166666666666666 0.018229166666666668 0.044444444444444446
0 0.26979166666666665 0.412962962962963 0.027083333333333334 0.06666666666666667
0 0.1859375 0.5300925925925926 0.03229166666666667 0.04351851851851852
0 0.075 0.5305555555555556 0.036458333333333336 0.03888888888888889
0 0.008072916666666667 0.5657407407407408 0.016145833333333335 0.03888888888888889