0 0.74921875 0.22777777777777777 0.0234375 0.03148148148148148
0 0.21953125 0.23842592592592593 0.034895833333333334 0.09351851851851851
0 0.7666666666666667 0.2574074074074074 0.015625 0.022222222222222223
0 0.3768229166666667 0.25787037037037036 0.0453125 0.08611111111111111
0 0.48411458333333335 0.3023148148148148 0.0265625 0.03796296296296296
0 0.82109375 0.31805555555555554 0.016145833333333335 0.025
0 0.509375 0.32916666666666666 0.051041666666666666 0.032407407407407406
0 0.3223958333333333 0.36666666666666664 0.019791666666666666 0.037037037037037035
0 0.69375 0.4273148148148148 0.06458333333333334 0.032407407407407406
0 0.36328125 0.47129629629629627 0.0421875 0.02962962962962963
0 0.028125 0.5842592592592593 0.03125 0.044444444444444446