0 0.8427083333333333 0.28564814814814815 0.034375 0.04351851851851852
0 0.6057291666666667 0.32175925925925924 0.029166666666666667 0.03981481481481482
0 0.5260416666666666 0.36064814814814816 0.030208333333333334 0.028703703703703703
0 0.29140625 0.3814814814814815 0.0140625 0.037037037037037035
0 0.8484375 0.38333333333333336 0.0625 0.046296296296296294
0 0.75 0.40879629629629627 0.05625 0.017592592592592594
0 0.41770833333333335 0.4236111111111111 0.03333333333333333 0.06759259259259259
0 0.321875 0.44351851851851853 0.036458333333333336 0.06481481481481481
0 0.22057291666666667 0.5101851851851852 0.03697916666666667 0.1037037037037037
0 0.18046875 0.5222222222222223 0.0296875 0.046296296296296294
0 0.013802083333333333 0.5587962962962963 0.027604166666666666 0.04351851851851852
0 0.09166666666666666 0.5824074074074074 0.06458333333333334 0.04814814814814815