0 0.15338541666666666 0.2657407407407407 0.0734375 0.1037037037037037
0 0.096875 0.5208333333333334 0.042708333333333334 0.030555555555555555
0 0.17682291666666666 0.4125 0.0234375 0.026851851851851852
0 0.23828125 0.4060185185185185 0.0171875 0.041666666666666664
0 0.2125 0.5166666666666667 0.042708333333333334 0.03333333333333333
0 0.23645833333333333 0.48935185185185187 0.059375 0.03425925925925926
0 0.27005208333333336 0.4273148148148148 0.027604166666666666 0.06018518518518518
0 0.6309895833333333 0.37592592592592594 0.04010416666666667 0.02962962962962963
0 0.76328125 0.33287037037037037 0.034895833333333334 0.030555555555555555
0 0.9481770833333333 0.2671296296296296 0.058854166666666666 0.03611111111111111
0 0.8919270833333334 0.4041666666666667 0.04739583333333333 0.05462962962962963