0 0.9088541666666666 0.30462962962962964 0.030208333333333334 0.04259259259259259
0 0.9911458333333333 0.3263888888888889 0.017708333333333333 0.03425925925925926
0 0.4895833333333333 0.34953703703703703 0.026041666666666668 0.03425925925925926
0 0.22526041666666666 0.3939814814814815 0.022395833333333334 0.03796296296296296
0 0.43359375 0.4009259259259259 0.0234375 0.05185185185185185
0 0.3502604166666667 0.40324074074074073 0.0234375 0.08055555555555556
0 0.33307291666666666 0.4115740740740741 0.021354166666666667 0.03611111111111111
0 0.7255208333333333 0.412962962962963 0.03854166666666667 0.037037037037037035
0 0.25104166666666666 0.4425925925925926 0.017708333333333333 0.03888888888888889
0 0.36223958333333334 0.4837962962962963 0.06197916666666667 0.049074074074074076
0 0.009375 0.5458333333333333 0.01875 0.03796296296296296
0 0.24375 0.5615740740740741 0.05416666666666667 0.1287037037037037
0 0.13098958333333333 0.5782407407407407 0.0546875 0.05462962962962963
0 0.011458333333333333 0.5888888888888889 0.021875 0.046296296296296294