0 0.190625 0.25787037037037036 0.071875 0.09351851851851851
0 0.80390625 0.287962962962963 0.018229166666666668 0.03333333333333333
0 0.26145833333333335 0.30787037037037035 0.026041666666666668 0.03981481481481482
0 0.48385416666666664 0.3194444444444444 0.019791666666666666 0.03888888888888889
0 0.7619791666666667 0.33611111111111114 0.059375 0.046296296296296294
0 0.8403645833333333 0.3449074074074074 0.028645833333333332 0.028703703703703703
0 0.28828125 0.3578703703703704 0.033854166666666664 0.08425925925925926
0 0.33359375 0.4101851851851852 0.018229166666666668 0.022222222222222223
0 0.5190104166666667 0.4148148148148148 0.0421875 0.03148148148148148
0 0.8463541666666666 0.4263888888888889 0.040625 0.06018518518518518
0 0.05026041666666667 0.5060185185185185 0.013020833333333334 0.05092592592592592
0 0.16901041666666666 0.512962962962963 0.018229166666666668 0.03888888888888889
0 0.01796875 0.5740740740740741 0.018229166666666668 0.05
0 0.0453125 0.6625 0.041666666666666664 0.058333333333333334