0 0.18125 0.2564814814814815 0.06875 0.08518518518518518
0 0.8026041666666667 0.2902777777777778 0.015625 0.026851851851851852
0 0.2596354166666667 0.3055555555555556 0.0265625 0.03518518518518519
0 0.48125 0.31851851851851853 0.017708333333333333 0.03888888888888889
0 0.7713541666666667 0.3347222222222222 0.05625 0.04351851851851852
0 0.8380208333333333 0.3449074074074074 0.022916666666666665 0.041666666666666664
0 0.28880208333333335 0.3574074074074074 0.03802083333333333 0.07777777777777778
0 0.51796875 0.4115740740740741 0.033854166666666664 0.025
0 0.33489583333333334 0.4134259259259259 0.019791666666666666 0.032407407407407406
0 0.8471354166666667 0.4217592592592593 0.049479166666666664 0.049074074074074076
0 0.04791666666666667 0.5152777777777777 0.009375 0.05092592592592592
0 0.17005208333333333 0.5166666666666667 0.018229166666666668 0.040740740740740744
0 0.016927083333333332 0.5726851851851852 0.011979166666666667 0.05277777777777778
0 0.04973958333333333 0.6569444444444444 0.044270833333333336 0.05092592592592592
0 0.007552083333333333 0.6583333333333333 0.015104166666666667 0.037037037037037035