0 0.83671875 0.2791666666666667 0.027604166666666666 0.04537037037037037
0 0.6143229166666667 0.32407407407407407 0.024479166666666666 0.03518518518518519
0 0.5317708333333333 0.3662037037037037 0.022916666666666665 0.026851851851851852
0 0.2903645833333333 0.38333333333333336 0.0171875 0.037037037037037035
0 0.83046875 0.399537037037037 0.0515625 0.04722222222222222
0 0.7578125 0.41388888888888886 0.057291666666666664 0.037037037037037035
0 0.3177083333333333 0.44722222222222224 0.041666666666666664 0.07222222222222222
0 0.22135416666666666 0.49953703703703706 0.036458333333333336 0.10092592592592593
0 0.17083333333333334 0.5268518518518519 0.015625 0.02962962962962963
0 0.015104166666666667 0.5662037037037037 0.026041666666666668 0.032407407407407406
0 0.08333333333333333 0.5791666666666667 0.0375 0.04722222222222222