0 0.14088541666666668 0.26342592592592595 0.05572916666666667 0.11388888888888889
0 0.925 0.27824074074074073 0.052083333333333336 0.041666666666666664
0 0.7669270833333334 0.3300925925925926 0.0234375 0.028703703703703703
0 0.6197916666666666 0.37916666666666665 0.041666666666666664 0.028703703703703703
0 0.8963541666666667 0.38981481481481484 0.029166666666666667 0.037037037037037035
0 0.24010416666666667 0.3925925925925926 0.022916666666666665 0.037037037037037035
0 0.19635416666666666 0.39444444444444443 0.026041666666666668 0.027777777777777776
0 0.26901041666666664 0.41435185185185186 0.0265625 0.06388888888888888
0 0.22083333333333333 0.500462962962963 0.042708333333333334 0.03796296296296296
0 0.07838541666666667 0.524537037037037 0.050520833333333334 0.05462962962962963
0 0.190625 0.5273148148148148 0.03229166666666667 0.06018518518518518
0 0.00703125 0.5694444444444444 0.0140625 0.05740740740740741