0 0.86015625 0.2916666666666667 0.0390625 0.046296296296296294
0 0.56484375 0.32916666666666666 0.0296875 0.03425925925925926
0 0.89609375 0.33611111111111114 0.05677083333333333 0.04259259259259259
0 0.5052083333333334 0.33935185185185185 0.025 0.032407407407407406
0 0.2875 0.38842592592592595 0.03229166666666667 0.041666666666666664
0 0.73125 0.4115740740740741 0.042708333333333334 0.04722222222222222
0 0.3606770833333333 0.4148148148148148 0.022395833333333334 0.03148148148148148
0 0.42604166666666665 0.41805555555555557 0.041666666666666664 0.05648148148148148
0 0.3372395833333333 0.4305555555555556 0.0328125 0.06296296296296296
0 0.22864583333333333 0.5425925925925926 0.041666666666666664 0.13703703703703704
0 0.01015625 0.5685185185185185 0.0203125 0.05555555555555555
0 0.08151041666666667 0.587037037037037 0.033854166666666664 0.06296296296296296