0 0.9151041666666667 0.30694444444444446 0.025 0.05092592592592592
0 0.47630208333333335 0.35 0.0296875 0.040740740740740744
0 0.44557291666666665 0.3800925925925926 0.030729166666666665 0.021296296296296296
0 0.22161458333333334 0.39490740740740743 0.021354166666666667 0.041666666666666664
0 0.43307291666666664 0.40185185185185185 0.0171875 0.037037037037037035
0 0.35052083333333334 0.4027777777777778 0.023958333333333335 0.07222222222222222
0 0.3375 0.4074074074074074 0.017708333333333333 0.03518518518518519
0 0.25390625 0.43333333333333335 0.0140625 0.03888888888888889
0 0.35833333333333334 0.4912037037037037 0.07291666666666667 0.05277777777777778
0 0.011458333333333333 0.5486111111111112 0.022916666666666665 0.04351851851851852
0 0.23541666666666666 0.5611111111111111 0.03958333333333333 0.10925925925925926
0 0.022395833333333334 0.5736111111111111 0.029166666666666667 0.03611111111111111
0 0.14609375 0.575925925925926 0.0703125 0.040740740740740744