0 0.7942708333333334 0.2601851851851852 0.020833333333333332 0.040740740740740744
0 0.6755208333333333 0.3194444444444444 0.021875 0.03518518518518519
0 0.87578125 0.37453703703703706 0.049479166666666664 0.049074074074074076
0 0.5661458333333333 0.3787037037037037 0.020833333333333332 0.027777777777777776
0 0.20052083333333334 0.40324074074074073 0.03125 0.10277777777777777
0 0.25286458333333334 0.4134259259259259 0.03177083333333333 0.04351851851851852
0 0.73828125 0.41898148148148145 0.0484375 0.03796296296296296
0 0.31614583333333335 0.43287037037037035 0.0375 0.041666666666666664
0 0.36875 0.44305555555555554 0.025 0.03425925925925926
0 0.7903645833333334 0.4462962962962963 0.03697916666666667 0.04259259259259259
0 0.28463541666666664 0.475462962962963 0.024479166666666666 0.05462962962962963
0 0.23515625 0.49907407407407406 0.024479166666666666 0.02962962962962963
0 0.14166666666666666 0.5425925925925926 0.022916666666666665 0.03148148148148148
0 0.011197916666666667 0.575462962962963 0.022395833333333334 0.03425925925925926
0 0.06354166666666666 0.5800925925925926 0.059375 0.03425925925925926