0 0.9161458333333333 0.17592592592592593 0.026041666666666668 0.037037037037037035
0 0.5322916666666667 0.19722222222222222 0.01875 0.022222222222222223
0 0.6317708333333333 0.21944444444444444 0.020833333333333332 0.03148148148148148
0 0.440625 0.262037037037037 0.026041666666666668 0.03148148148148148
0 0.6895833333333333 0.3699074074074074 0.03229166666666667 0.023148148148148147
0 0.540625 0.37777777777777777 0.03125 0.06296296296296296
0 0.029166666666666667 0.4300925925925926 0.011458333333333333 0.028703703703703703
0 0.007552083333333333 0.44351851851851853 0.015104166666666667 0.04814814814814815
0 0.0859375 0.4648148148148148 0.03229166666666667 0.05
0 0.3546875 0.49907407407407406 0.04583333333333333 0.02962962962962963
0 0.013020833333333334 0.5 0.009375 0.03888888888888889
0 0.09322916666666667 0.5671296296296297 0.030208333333333334 0.030555555555555555