0 0.12083333333333333 0.25416666666666665 0.028125 0.10648148148148148
0 0.78828125 0.32685185185185184 0.0234375 0.03518518518518519
0 0.8734375 0.3314814814814815 0.03958333333333333 0.037037037037037035
0 0.23697916666666666 0.34120370370370373 0.022916666666666665 0.03611111111111111
0 0.73984375 0.3490740740740741 0.024479166666666666 0.03148148148148148
0 0.27447916666666666 0.375 0.01875 0.07037037037037037
0 0.8880208333333334 0.3851851851851852 0.04583333333333333 0.03518518518518519
0 0.57109375 0.3921296296296296 0.04635416666666667 0.030555555555555555
0 0.13020833333333334 0.5166666666666667 0.030208333333333334 0.04259259259259259
0 0.16432291666666668 0.5273148148148148 0.0390625 0.03796296296296296
0 0.015104166666666667 0.5615740740740741 0.027083333333333334 0.06944444444444445
0 0.03463541666666667 0.5638888888888889 0.0265625 0.05740740740740741
0 0.13255208333333332 0.5685185185185185 0.0421875 0.05
0 0.06041666666666667 0.5995370370370371 0.023958333333333335 0.05648148148148148