0 0.7356770833333334 0.30833333333333335 0.03697916666666667 0.03148148148148148
0 0.17890625 0.33240740740740743 0.04010416666666667 0.10740740740740741
0 0.4817708333333333 0.3685185185185185 0.019791666666666666 0.025925925925925925
0 0.6669270833333333 0.37592592592592594 0.034895833333333334 0.040740740740740744
0 0.8421875 0.43842592592592594 0.06458333333333334 0.049074074074074076
0 0.10052083333333334 0.46574074074074073 0.03229166666666667 0.03518518518518519
0 0.3203125 0.4689814814814815 0.06145833333333333 0.049074074074074076
0 0.2203125 0.47962962962962963 0.013541666666666667 0.03888888888888889
0 0.14140625 0.4912037037037037 0.027604166666666666 0.05277777777777778
0 0.16458333333333333 0.49166666666666664 0.030208333333333334 0.053703703703703705
0 0.11953125 0.5615740740740741 0.03177083333333333 0.032407407407407406