0 0.9216145833333333 0.30833333333333335 0.025520833333333333 0.04259259259259259
0 0.4625 0.35138888888888886 0.03125 0.03796296296296296
0 0.4317708333333333 0.37824074074074077 0.023958333333333335 0.021296296296296296
0 0.209375 0.39166666666666666 0.021875 0.024074074074074074
0 0.4354895833333333 0.3995648148148148 0.008333333333333333 0.028703703703703703
0 0.35208333333333336 0.4009259259259259 0.020833333333333332 0.06296296296296296
0 0.7244791666666667 0.41064814814814815 0.026041666666666668 0.041666666666666664
0 0.32369791666666664 0.41203703703703703 0.033854166666666664 0.046296296296296294
0 0.2526041666666667 0.42268518518518516 0.014583333333333334 0.04351851851851852
0 0.34869791666666666 0.49074074074074076 0.0640625 0.037037037037037035
0 0.009114583333333334 0.549537037037037 0.0171875 0.06944444444444445
0 0.1765625 0.5611111111111111 0.06666666666666667 0.03518518518518519
0 0.24036458333333333 0.5689814814814815 0.043229166666666666 0.09722222222222222