0 0.921875 0.3060185185185185 0.03125 0.04537037037037037
0 0.45598958333333334 0.35 0.0296875 0.04259259259259259
0 0.4270833333333333 0.37916666666666665 0.028125 0.025
0 0.20416666666666666 0.38981481481481484 0.020833333333333332 0.02962962962962963
0 0.43515625 0.3939814814814815 0.013020833333333334 0.04537037037037037
0 0.35104166666666664 0.39675925925925926 0.023958333333333335 0.06388888888888888
0 0.31744791666666666 0.4074074074074074 0.03177083333333333 0.03518518518518519
0 0.7322916666666667 0.41064814814814815 0.0375 0.041666666666666664
0 0.2526041666666667 0.42083333333333334 0.019791666666666666 0.03425925925925926
0 0.3390625 0.49722222222222223 0.058333333333333334 0.05
0 0.009114583333333334 0.5481481481481482 0.0171875 0.06296296296296296
0 0.1828125 0.5560185185185185 0.065625 0.04537037037037037
0 0.24322916666666666 0.5662037037037037 0.04583333333333333 0.09166666666666666