0 0.12708333333333333 0.26342592592592595 0.034375 0.11574074074074074
0 0.9036458333333334 0.30324074074074076 0.05520833333333333 0.06759259259259259
0 0.77578125 0.3300925925925926 0.0234375 0.03425925925925926
0 0.715625 0.3712962962962963 0.011458333333333333 0.040740740740740744
0 0.21588541666666666 0.3712962962962963 0.027604166666666666 0.040740740740740744
0 0.9088541666666666 0.37824074074074077 0.05 0.041666666666666664
0 0.5989583333333334 0.3819444444444444 0.046875 0.030555555555555555
0 0.24583333333333332 0.38333333333333336 0.017708333333333333 0.04259259259259259
0 0.26927083333333335 0.40370370370370373 0.022916666666666665 0.08888888888888889
0 0.1984375 0.512962962962963 0.04375 0.05185185185185185
0 0.061197916666666664 0.5402777777777777 0.0359375 0.049074074074074076
0 0.1640625 0.5407407407407407 0.03958333333333333 0.04814814814814815
0 0.010677083333333334 0.5662037037037037 0.021354166666666667 0.04722222222222222
0 0.03958333333333333 0.5875 0.020833333333333332 0.04351851851851852