0 0.8440104166666667 0.28425925925925927 0.028645833333333332 0.046296296296296294
0 0.59609375 0.32222222222222224 0.0296875 0.03148148148148148
0 0.52265625 0.35648148148148145 0.0265625 0.03888888888888889
0 0.8549479166666667 0.37083333333333335 0.0484375 0.06574074074074074
0 0.2890625 0.38055555555555554 0.015625 0.03518518518518519
0 0.7416666666666667 0.4111111111111111 0.051041666666666666 0.037037037037037035
0 0.3734375 0.41805555555555557 0.017708333333333333 0.041666666666666664
0 0.42161458333333335 0.4212962962962963 0.025520833333333333 0.06481481481481481
0 0.32916666666666666 0.4393518518518518 0.03854166666666667 0.06944444444444445
0 0.18567708333333333 0.5138888888888888 0.0296875 0.03888888888888889
0 0.22630208333333332 0.5328703703703703 0.04114583333333333 0.09537037037037037
0 0.010416666666666666 0.5592592592592592 0.020833333333333332 0.03888888888888889
0 0.08515625 0.5837962962962963 0.034895833333333334 0.04351851851851852