0 0.7815104166666667 0.25277777777777777 0.0140625 0.025925925925925925
0 0.21536458333333333 0.25555555555555554 0.0265625 0.08703703703703704
0 0.37526041666666665 0.2810185185185185 0.027604166666666666 0.075
0 0.496875 0.30925925925925923 0.014583333333333334 0.037037037037037035
0 0.534375 0.31805555555555554 0.04895833333333333 0.03796296296296296
0 0.8346354166666666 0.3194444444444444 0.019270833333333334 0.025925925925925925
0 0.30182291666666666 0.36018518518518516 0.013020833333333334 0.040740740740740744
0 0.3203125 0.3712962962962963 0.015625 0.03148148148148148
0 0.7260416666666667 0.4212962962962963 0.06041666666666667 0.03333333333333333
0 0.3807291666666667 0.46574074074074073 0.03333333333333333 0.03148148148148148
0 0.04453125 0.5675925925925925 0.033854166666666664 0.05185185185185185