0 0.9096354166666667 0.17407407407407408 0.018229166666666668 0.040740740740740744
0 0.5268229166666667 0.1935185185185185 0.0234375 0.03518518518518519
0 0.6546875 0.21944444444444444 0.023958333333333335 0.03888888888888889
0 0.21354166666666666 0.3074074074074074 0.022916666666666665 0.02962962962962963
0 0.5520833333333334 0.35462962962962963 0.026041666666666668 0.05925925925925926
0 0.7192708333333333 0.3638888888888889 0.03854166666666667 0.025925925925925925
0 0.0390625 0.41944444444444445 0.01875 0.03333333333333333
0 0.07395833333333333 0.4736111111111111 0.03125 0.041666666666666664
0 0.01796875 0.4976851851851852 0.0171875 0.030555555555555555
0 0.334375 0.5074074074074074 0.051041666666666666 0.03888888888888889
0 0.07526041666666666 0.5532407407407407 0.028645833333333332 0.032407407407407406