0 0.13020833333333334 0.2574074074074074 0.08541666666666667 0.11481481481481481
0 0.8036458333333333 0.3050925925925926 0.029166666666666667 0.028703703703703703
0 0.25859375 0.3101851851851852 0.0234375 0.02962962962962963
0 0.46510416666666665 0.32731481481481484 0.016666666666666666 0.023148148148148147
0 0.82265625 0.3375 0.05572916666666667 0.049074074074074076
0 0.28072916666666664 0.3625 0.041666666666666664 0.08981481481481482
0 0.8606770833333334 0.4023148148148148 0.0734375 0.06388888888888888
0 0.54140625 0.4078703703703704 0.0421875 0.032407407407407406
0 0.16015625 0.5138888888888888 0.022395833333333334 0.03333333333333333
0 0.040364583333333336 0.5435185185185185 0.025520833333333333 0.03888888888888889
0 0.01796875 0.5745370370370371 0.018229166666666668 0.04351851851851852
0 0.013541666666666667 0.5990740740740741 0.023958333333333335 0.03888888888888889
0 0.075 0.6259259259259259 0.027083333333333334 0.046296296296296294
0 0.03723958333333333 0.6416666666666667 0.0265625 0.02962962962962963