0 0.24583333333333332 0.28703703703703703 0.08020833333333334 0.08703703703703704
0 0.2721354166666667 0.325 0.025520833333333333 0.037037037037037035
0 0.490625 0.325 0.019791666666666666 0.025925925925925925
0 0.7145833333333333 0.3277777777777778 0.065625 0.040740740740740744
0 0.8546875 0.34120370370370373 0.03125 0.030555555555555555
0 0.3145833333333333 0.35185185185185186 0.019791666666666666 0.025925925925925925
0 0.2875 0.36435185185185187 0.035416666666666666 0.08055555555555556
0 0.3177083333333333 0.4134259259259259 0.016666666666666666 0.025
0 0.4921875 0.41759259259259257 0.03854166666666667 0.02962962962962963
0 0.84453125 0.425462962962963 0.0296875 0.041666666666666664
0 0.15859375 0.5180555555555556 0.025520833333333333 0.041666666666666664
0 0.01171875 0.562037037037037 0.022395833333333334 0.05185185185185185
0 0.018489583333333334 0.7069444444444445 0.0359375 0.06388888888888888