0 0.98828125 0.30833333333333335 0.019270833333333334 0.03518518518518519
0 0.4869791666666667 0.3476851851851852 0.014583333333333334 0.04537037037037037
0 0.46510416666666665 0.35555555555555557 0.017708333333333333 0.037037037037037035
0 0.271875 0.3680555555555556 0.06354166666666666 0.09537037037037037
0 0.35078125 0.38425925925925924 0.028645833333333332 0.022222222222222223
0 0.18645833333333334 0.3851851851851852 0.014583333333333334 0.02962962962962963
0 0.07083333333333333 0.43842592592592594 0.034375 0.032407407407407406
0 0.30963541666666666 0.4476851851851852 0.027604166666666666 0.03981481481481482
0 0.6822916666666666 0.4583333333333333 0.0375 0.044444444444444446
0 0.21666666666666667 0.4912037037037037 0.015625 0.03796296296296296
0 0.07109375 0.5425925925925926 0.022395833333333334 0.04814814814814815
0 0.15729166666666666 0.5675925925925925 0.084375 0.05185185185185185