0 0.8526041666666667 0.2865740740740741 0.027083333333333334 0.041666666666666664
0 0.5752604166666667 0.32546296296296295 0.027604166666666666 0.032407407407407406
0 0.5119791666666667 0.34675925925925927 0.025 0.028703703703703703
0 0.8817708333333333 0.3509259259259259 0.04375 0.03148148148148148
0 0.29296875 0.38796296296296295 0.0296875 0.05555555555555555
0 0.72890625 0.40879629629629627 0.050520833333333334 0.03796296296296296
0 0.42552083333333335 0.41388888888888886 0.03333333333333333 0.05
0 0.3653645833333333 0.4212962962962963 0.024479166666666666 0.046296296296296294
0 0.3328125 0.4351851851851852 0.027083333333333334 0.07407407407407407
0 0.20989583333333334 0.5101851851851852 0.029166666666666667 0.037037037037037035
0 0.22578125 0.5601851851851852 0.03697916666666667 0.08148148148148149
0 0.008072916666666667 0.562962962962963 0.016145833333333335 0.05925925925925926
0 0.07942708333333333 0.5824074074074074 0.024479166666666666 0.05555555555555555