0 0.14479166666666668 0.26157407407407407 0.065625 0.10092592592592593
0 0.93671875 0.27361111111111114 0.058854166666666666 0.04351851851851852
0 0.7666666666666667 0.32731481481481484 0.023958333333333335 0.03611111111111111
0 0.6216145833333333 0.3787037037037037 0.04635416666666667 0.024074074074074074
0 0.240625 0.39675925925925926 0.01875 0.04351851851851852
0 0.8950520833333333 0.40046296296296297 0.03802083333333333 0.03611111111111111
0 0.18854166666666666 0.4060185185185185 0.030208333333333334 0.03611111111111111
0 0.27057291666666666 0.4185185185185185 0.028645833333333332 0.06481481481481481
0 0.22369791666666666 0.49444444444444446 0.0546875 0.037037037037037035
0 0.19973958333333333 0.5259259259259259 0.034895833333333334 0.040740740740740744
0 0.084375 0.5263888888888889 0.03958333333333333 0.041666666666666664
0 0.00546875 0.5717592592592593 0.0109375 0.05277777777777778