0 0.8971354166666666 0.2902777777777778 0.027604166666666666 0.049074074074074076
0 0.98125 0.3226851851851852 0.0375 0.03611111111111111
0 0.5078125 0.3449074074074074 0.026041666666666668 0.03425925925925926
0 0.47291666666666665 0.37777777777777777 0.019791666666666666 0.03148148148148148
0 0.3494791666666667 0.4050925925925926 0.029166666666666667 0.062037037037037036
0 0.43333333333333335 0.4060185185185185 0.03333333333333333 0.05092592592592592
0 0.3255208333333333 0.40694444444444444 0.011458333333333333 0.03425925925925926
0 0.72109375 0.40879629629629627 0.03177083333333333 0.03425925925925926
0 0.24739583333333334 0.45740740740740743 0.01875 0.040740740740740744
0 0.3684895833333333 0.4828703703703704 0.049479166666666664 0.04537037037037037
0 0.011458333333333333 0.5541666666666667 0.021875 0.058333333333333334
0 0.23541666666666666 0.5643518518518519 0.03854166666666667 0.11203703703703703
0 0.10572916666666667 0.5962962962962963 0.06041666666666667 0.06851851851851852