0 0.8046875 0.14444444444444443 0.01875 0.037037037037037035
0 0.9135416666666667 0.17407407407407408 0.020833333333333332 0.03333333333333333
0 0.5276041666666667 0.1962962962962963 0.025 0.024074074074074074
0 0.6411458333333333 0.21805555555555556 0.03125 0.030555555555555555
0 0.5479166666666667 0.3699074074074074 0.029166666666666667 0.062037037037037036
0 0.7005208333333334 0.37083333333333335 0.03854166666666667 0.026851851851851852
0 0.029166666666666667 0.42685185185185187 0.019791666666666666 0.03148148148148148
0 0.00546875 0.4361111111111111 0.0109375 0.044444444444444446
0 0.08619791666666667 0.46805555555555556 0.033854166666666664 0.03611111111111111
0 0.3424479166666667 0.5050925925925925 0.0453125 0.028703703703703703
0 0.08854166666666667 0.5625 0.029166666666666667 0.03425925925925926