0 0.8372395833333334 0.2824074074074074 0.0296875 0.044444444444444446
0 0.6234375 0.32083333333333336 0.022916666666666665 0.03611111111111111
0 0.5361979166666667 0.3680555555555556 0.022395833333333334 0.032407407407407406
0 0.28932291666666665 0.3851851851851852 0.025520833333333333 0.046296296296296294
0 0.81796875 0.4115740740740741 0.059895833333333336 0.04722222222222222
0 0.7609375 0.42685185185185187 0.05416666666666667 0.04814814814814815
0 0.31145833333333334 0.4476851851851852 0.05 0.062037037037037036
0 0.21875 0.4773148148148148 0.03125 0.09537037037037037
0 0.16380208333333332 0.5347222222222222 0.025520833333333333 0.03981481481481482
0 0.010416666666666666 0.5648148148148148 0.019791666666666666 0.044444444444444446
0 0.028385416666666666 0.5703703703703704 0.015104166666666667 0.04814814814814815
0 0.07994791666666666 0.5722222222222222 0.034895833333333334 0.03888888888888889