0 0.78359375 0.262037037037037 0.024479166666666666 0.046296296296296294
0 0.68203125 0.31851851851851853 0.025520833333333333 0.03888888888888889
0 0.5716145833333334 0.3768518518518518 0.019270833333333334 0.025925925925925925
0 0.50546875 0.37916666666666665 0.0140625 0.025
0 0.8518229166666667 0.3875 0.06822916666666666 0.06388888888888888
0 0.19661458333333334 0.3925925925925926 0.03177083333333333 0.11296296296296296
0 0.721875 0.4125 0.04895833333333333 0.03611111111111111
0 0.23333333333333334 0.42592592592592593 0.030208333333333334 0.05740740740740741
0 0.7916666666666666 0.4393518518518518 0.03958333333333333 0.03611111111111111
0 0.29583333333333334 0.44351851851851853 0.023958333333333335 0.05925925925925926
0 0.3575520833333333 0.45925925925925926 0.022395833333333334 0.05740740740740741
0 0.2296875 0.5 0.03125 0.03518518518518519
0 0.13958333333333334 0.5435185185185185 0.017708333333333333 0.018518518518518517
0 0.009114583333333334 0.5712962962962963 0.016145833333333335 0.05
0 0.05546875 0.5842592592592593 0.05677083333333333 0.03888888888888889