0 0.9828125 0.2601851851851852 0.034375 0.05185185185185185
0 0.17473958333333334 0.30925925925925923 0.0609375 0.1037037037037037
0 0.7421875 0.31527777777777777 0.03125 0.030555555555555555
0 0.7098958333333333 0.3189814814814815 0.0125 0.032407407407407406
0 0.47708333333333336 0.36574074074074076 0.016666666666666666 0.027777777777777776
0 0.6575520833333334 0.3763888888888889 0.0328125 0.030555555555555555
0 0.85390625 0.43287037037037035 0.06614583333333333 0.04537037037037037
0 0.1203125 0.45416666666666666 0.025 0.03611111111111111
0 0.2234375 0.45740740740740743 0.019791666666666666 0.03333333333333333
0 0.14375 0.5013888888888889 0.041666666666666664 0.04537037037037037
0 0.10677083333333333 0.5597222222222222 0.021875 0.032407407407407406