0 0.8348958333333333 0.2851851851851852 0.026041666666666668 0.053703703703703705
0 0.6278645833333333 0.3199074074074074 0.025520833333333333 0.03796296296296296
0 0.5375 0.37222222222222223 0.021875 0.03148148148148148
0 0.28828125 0.38796296296296295 0.0234375 0.046296296296296294
0 0.8106770833333333 0.412962962962963 0.0609375 0.03888888888888889
0 0.7635416666666667 0.4310185185185185 0.04479166666666667 0.04722222222222222
0 0.35885416666666664 0.4532407407407407 0.0375 0.032407407407407406
0 0.3078125 0.4537037037037037 0.04375 0.07407407407407407
0 0.21901041666666668 0.4708333333333333 0.033854166666666664 0.10648148148148148
0 0.1625 0.5291666666666667 0.030208333333333334 0.041666666666666664
0 0.01953125 0.5601851851851852 0.03802083333333333 0.053703703703703705
0 0.08307291666666666 0.5736111111111111 0.033854166666666664 0.041666666666666664