0 0.9859375 0.30833333333333335 0.019791666666666666 0.05555555555555555
0 0.4830729166666667 0.3421296296296296 0.0234375 0.03796296296296296
0 0.4622395833333333 0.36342592592592593 0.0171875 0.041666666666666664
0 0.27109375 0.36666666666666664 0.0671875 0.09444444444444444
0 0.35598958333333336 0.3814814814814815 0.0265625 0.027777777777777776
0 0.18255208333333334 0.38425925925925924 0.0140625 0.027777777777777776
0 0.07864583333333333 0.43287037037037035 0.026041666666666668 0.03796296296296296
0 0.3046875 0.44212962962962965 0.027083333333333334 0.049074074074074076
0 0.34921875 0.4564814814814815 0.0171875 0.040740740740740744
0 0.6765625 0.45787037037037037 0.03333333333333333 0.032407407407407406
0 0.21432291666666667 0.4736111111111111 0.016145833333333335 0.03796296296296296
0 0.06979166666666667 0.5421296296296296 0.025 0.05277777777777778
0 0.17447916666666666 0.5583333333333333 0.06666666666666667 0.04814814814814815
0 0.02421875 0.5787037037037037 0.022395833333333334 0.03518518518518519