0 0.8559895833333333 0.2884259259259259 0.03177083333333333 0.04722222222222222
0 0.5713541666666667 0.32916666666666666 0.028125 0.03611111111111111
0 0.5078125 0.3398148148148148 0.022916666666666665 0.03148148148148148
0 0.8880208333333334 0.3449074074074074 0.04791666666666667 0.03981481481481482
0 0.28828125 0.3851851851851852 0.025520833333333333 0.053703703703703705
0 0.7247395833333333 0.4111111111111111 0.050520833333333334 0.046296296296296294
0 0.3614583333333333 0.412962962962963 0.025 0.044444444444444446
0 0.42552083333333335 0.41898148148148145 0.04791666666666667 0.06944444444444445
0 0.33567708333333335 0.43194444444444446 0.0328125 0.06944444444444445
0 0.215625 0.5101851851851852 0.03229166666666667 0.03888888888888889
0 0.228125 0.5606481481481481 0.034375 0.09537037037037037
0 0.011197916666666667 0.5703703703703704 0.022395833333333334 0.05
0 0.07942708333333333 0.5921296296296297 0.04739583333333333 0.05277777777777778