0 0.19817708333333334 0.25972222222222224 0.07239583333333334 0.08981481481481482
0 0.8015625 0.28935185185185186 0.015625 0.041666666666666664
0 0.2630208333333333 0.30833333333333335 0.03229166666666667 0.03148148148148148
0 0.48463541666666665 0.3189814814814815 0.0171875 0.03425925925925926
0 0.7546875 0.33194444444444443 0.065625 0.04351851851851852
0 0.8424479166666666 0.3449074074074074 0.027604166666666666 0.026851851851851852
0 0.2875 0.3560185185185185 0.03854166666666667 0.075
0 0.33307291666666666 0.412962962962963 0.0234375 0.022222222222222223
0 0.5098958333333333 0.41574074074074074 0.036458333333333336 0.020370370370370372
0 0.8424479166666666 0.4185185185185185 0.0421875 0.03888888888888889
0 0.05182291666666667 0.5027777777777778 0.016145833333333335 0.044444444444444446
0 0.17005208333333333 0.5162037037037037 0.0234375 0.04351851851851852
0 0.0171875 0.5731481481481482 0.014583333333333334 0.04814814814814815
0 0.04088541666666667 0.6652777777777777 0.04114583333333333 0.05648148148148148