0 0.13619791666666667 0.25787037037037036 0.10989583333333333 0.11203703703703703
0 0.8010416666666667 0.29814814814814816 0.021875 0.02962962962962963
0 0.2559895833333333 0.3087962962962963 0.0234375 0.03796296296296296
0 0.4744791666666667 0.325 0.017708333333333333 0.027777777777777776
0 0.79921875 0.34305555555555556 0.0609375 0.05648148148148148
0 0.2830729166666667 0.36018518518518516 0.03697916666666667 0.08703703703703704
0 0.8546875 0.4083333333333333 0.05520833333333333 0.05740740740740741
0 0.5309895833333333 0.40925925925925927 0.0421875 0.027777777777777776
0 0.16927083333333334 0.5148148148148148 0.019791666666666666 0.040740740740740744
0 0.045572916666666664 0.5342592592592592 0.021354166666666667 0.05555555555555555
0 0.0203125 0.5736111111111111 0.020833333333333332 0.04351851851851852
0 0.008854166666666666 0.6041666666666666 0.017708333333333333 0.04722222222222222
0 0.06875 0.637962962962963 0.034375 0.05740740740740741
0 0.034895833333333334 0.6412037037037037 0.04583333333333333 0.03796296296296296