0 0.9747395833333333 0.31342592592592594 0.0171875 0.04351851851851852
0 0.4609375 0.33611111111111114 0.025 0.03148148148148148
0 0.2671875 0.36064814814814816 0.04895833333333333 0.09351851851851851
0 0.45598958333333334 0.37083333333333335 0.0203125 0.03981481481481482
0 0.18307291666666667 0.38333333333333336 0.0234375 0.020370370370370372
0 0.3015625 0.42824074074074076 0.035416666666666666 0.049074074074074076
0 0.68828125 0.4532407407407407 0.0328125 0.03611111111111111
0 0.2109375 0.45416666666666666 0.023958333333333335 0.05462962962962963
0 0.3424479166666667 0.4685185185185185 0.04010416666666667 0.05555555555555555
0 0.06432291666666666 0.5435185185185185 0.025520833333333333 0.05925925925925926
0 0.21354166666666666 0.5458333333333333 0.06354166666666666 0.04351851851851852
0 0.0171875 0.5800925925925926 0.01875 0.03796296296296296