0 0.7776041666666667 0.2601851851851852 0.03125 0.03888888888888889
0 0.6786458333333333 0.31805555555555554 0.025 0.03611111111111111
0 0.5036458333333333 0.37222222222222223 0.013541666666666667 0.037037037037037035
0 0.5734375 0.37407407407407406 0.027083333333333334 0.025925925925925925
0 0.19479166666666667 0.3800925925925926 0.027083333333333334 0.10833333333333334
0 0.8447916666666667 0.3958333333333333 0.05416666666666667 0.04722222222222222
0 0.71796875 0.4078703703703704 0.04635416666666667 0.03611111111111111
0 0.22942708333333334 0.42314814814814816 0.030729166666666665 0.044444444444444446
0 0.3515625 0.4648148148148148 0.027083333333333334 0.05
0 0.228125 0.49583333333333335 0.03229166666666667 0.032407407407407406
0 0.140625 0.5425925925925926 0.017708333333333333 0.027777777777777776
0 0.05390625 0.5884259259259259 0.0578125 0.030555555555555555