0 0.9010416666666666 0.29907407407407405 0.026041666666666668 0.04814814814814815
0 0.984375 0.3277777777777778 0.03125 0.03888888888888889
0 0.50390625 0.3486111111111111 0.0296875 0.03796296296296296
0 0.46875 0.37916666666666665 0.021875 0.025
0 0.3494791666666667 0.4027777777777778 0.023958333333333335 0.06666666666666667
0 0.43385416666666665 0.4046296296296296 0.029166666666666667 0.05925925925925926
0 0.32786458333333335 0.4097222222222222 0.0296875 0.04351851851851852
0 0.7223958333333333 0.4101851851851852 0.035416666666666666 0.037037037037037035
0 0.25104166666666666 0.4527777777777778 0.01875 0.04259259259259259
0 0.371875 0.4773148148148148 0.051041666666666666 0.04351851851851852
0 0.01015625 0.5513888888888889 0.0203125 0.04722222222222222
0 0.22838541666666667 0.5699074074074074 0.03177083333333333 0.11388888888888889
0 0.11145833333333334 0.5902777777777778 0.05625 0.06018518518518518