0 0.92421875 0.30925925925925923 0.0265625 0.05
0 0.4544270833333333 0.35138888888888886 0.027604166666666666 0.03611111111111111
0 0.42265625 0.3824074074074074 0.0265625 0.02962962962962963
0 0.20208333333333334 0.39166666666666666 0.028125 0.03888888888888889
0 0.43697916666666664 0.39675925925925926 0.016666666666666666 0.04351851851851852
0 0.3515625 0.4023148148148148 0.022916666666666665 0.06388888888888888
0 0.7247395833333333 0.40879629629629627 0.0234375 0.032407407407407406
0 0.315625 0.4101851851851852 0.03125 0.03888888888888889
0 0.2484375 0.42083333333333334 0.016666666666666666 0.04351851851851852
0 0.3268229166666667 0.5050925925925925 0.06927083333333334 0.05648148148148148
0 0.015625 0.549537037037037 0.030208333333333334 0.062037037037037036
0 0.20104166666666667 0.549537037037037 0.07291666666666667 0.03425925925925926