0 0.8309895833333333 0.28425925925925927 0.03177083333333333 0.05185185185185185
0 0.6330729166666667 0.32314814814814813 0.025520833333333333 0.037037037037037035
0 0.54140625 0.37037037037037035 0.0265625 0.02962962962962963
0 0.2877604166666667 0.38796296296296295 0.0296875 0.040740740740740744
0 0.79609375 0.4212962962962963 0.0578125 0.025925925925925925
0 0.37864583333333335 0.4222222222222222 0.030208333333333334 0.02962962962962963
0 0.7713541666666667 0.43287037037037035 0.052083333333333336 0.05092592592592592
0 0.3065104166666667 0.45 0.03697916666666667 0.06481481481481481
0 0.3614583333333333 0.45046296296296295 0.030208333333333334 0.028703703703703703
0 0.21744791666666666 0.462037037037037 0.033854166666666664 0.11666666666666667
0 0.15963541666666667 0.5398148148148149 0.0265625 0.037037037037037035
0 0.012760416666666666 0.5648148148148148 0.024479166666666666 0.05740740740740741
0 0.032552083333333336 0.5722222222222222 0.0328125 0.04814814814814815
0 0.0796875 0.5763888888888888 0.025 0.04351851851851852