0 0.9184895833333333 0.30324074074074076 0.028645833333333332 0.04351851851851852
0 0.4744791666666667 0.34953703703703703 0.029166666666666667 0.03981481481481482
0 0.44479166666666664 0.3837962962962963 0.020833333333333332 0.032407407407407406
0 0.21666666666666667 0.38981481481481484 0.020833333333333332 0.03518518518518519
0 0.35208333333333336 0.3972222222222222 0.020833333333333332 0.06111111111111111
0 0.43411458333333336 0.39861111111111114 0.013020833333333334 0.04351851851851852
0 0.33098958333333334 0.4111111111111111 0.025520833333333333 0.05
0 0.72578125 0.41203703703703703 0.028645833333333332 0.046296296296296294
0 0.25364583333333335 0.4273148148148148 0.010416666666666666 0.03425925925925926
0 0.35494791666666664 0.49027777777777776 0.06510416666666667 0.04722222222222222
0 0.009375 0.5462962962962963 0.01875 0.03518518518518519
0 0.24270833333333333 0.562962962962963 0.059375 0.11666666666666667
0 0.15651041666666668 0.5703703703703704 0.06510416666666667 0.03518518518518519
0 0.025 0.5736111111111111 0.023958333333333335 0.04722222222222222