0 0.9841145833333333 0.3087962962962963 0.027604166666666666 0.03796296296296296
0 0.4734375 0.3384259259259259 0.029166666666666667 0.03611111111111111
0 0.26848958333333334 0.3648148148148148 0.0578125 0.0962962962962963
0 0.4591145833333333 0.3685185185185185 0.019270833333333334 0.04259259259259259
0 0.18229166666666666 0.37546296296296294 0.019791666666666666 0.028703703703703703
0 0.30104166666666665 0.43333333333333335 0.03125 0.046296296296296294
0 0.6877604166666667 0.4527777777777778 0.03177083333333333 0.03518518518518519
0 0.21484375 0.46805555555555556 0.016145833333333335 0.041666666666666664
0 0.34661458333333334 0.46805555555555556 0.030729166666666665 0.05277777777777778
0 0.06614583333333333 0.5449074074074074 0.021875 0.05092592592592592
0 0.1859375 0.562037037037037 0.09583333333333334 0.05925925925925926