0 0.8677083333333333 0.2865740740740741 0.029166666666666667 0.04537037037037037
0 0.9302083333333333 0.32222222222222224 0.052083333333333336 0.03518518518518519
0 0.5497395833333333 0.3347222222222222 0.028645833333333332 0.03611111111111111
0 0.49375 0.33796296296296297 0.021875 0.03518518518518519
0 0.26901041666666664 0.3912037037037037 0.0328125 0.041666666666666664
0 0.42864583333333334 0.4083333333333333 0.03854166666666667 0.05555555555555555
0 0.7263020833333333 0.412962962962963 0.0296875 0.040740740740740744
0 0.34479166666666666 0.4199074074074074 0.034375 0.0787037037037037
0 0.24427083333333333 0.5370370370370371 0.06354166666666666 0.1685185185185185
0 0.010677083333333334 0.5657407407407408 0.021354166666666667 0.05925925925925926
0 0.08072916666666667 0.5967592592592592 0.025 0.04722222222222222