0 0.79140625 0.26157407407407407 0.0265625 0.04537037037037037
0 0.6783854166666666 0.31712962962962965 0.021354166666666667 0.03796296296296296
0 0.5674479166666667 0.3768518518518518 0.019270833333333334 0.037037037037037035
0 0.5078125 0.3773148148148148 0.016666666666666666 0.025
0 0.8690104166666667 0.3787037037037037 0.0578125 0.040740740740740744
0 0.20026041666666666 0.3990740740740741 0.027604166666666666 0.10740740740740741
0 0.24296875 0.4152777777777778 0.034895833333333334 0.032407407407407406
0 0.7307291666666667 0.41759259259259257 0.052083333333333336 0.03148148148148148
0 0.30494791666666665 0.4398148148148148 0.033854166666666664 0.04259259259259259
0 0.7911458333333333 0.4444444444444444 0.040625 0.037037037037037035
0 0.36692708333333335 0.4486111111111111 0.0234375 0.04351851851851852
0 0.28515625 0.48148148148148145 0.022395833333333334 0.037037037037037035
0 0.23307291666666666 0.49953703703703706 0.0265625 0.028703703703703703
0 0.14322916666666666 0.5449074074074074 0.026041666666666668 0.03425925925925926
0 0.0078125 0.5745370370370371 0.015625 0.04351851851851852
0 0.059895833333333336 0.5810185185185185 0.05625 0.03796296296296296