0 0.8015625 0.2759259259259259 0.008333333333333333 0.02962962962962963
0 0.2721354166666667 0.2986111111111111 0.08385416666666666 0.075
0 0.6927083333333334 0.32037037037037036 0.058333333333333334 0.037037037037037035
0 0.49322916666666666 0.32407407407407407 0.020833333333333332 0.03148148148148148
0 0.32369791666666664 0.34305555555555556 0.0203125 0.03796296296296296
0 0.28671875 0.35694444444444445 0.03697916666666667 0.07314814814814814
0 0.30963541666666666 0.41388888888888886 0.021354166666666667 0.020370370370370372
0 0.47213541666666664 0.41805555555555557 0.049479166666666664 0.028703703703703703
0 0.04114583333333333 0.48564814814814816 0.025 0.030555555555555555
0 0.1484375 0.5208333333333334 0.025 0.03981481481481482
0 0.009114583333333334 0.5523148148148148 0.016145833333333335 0.05462962962962963