0 0.21666666666666667 0.2449074074074074 0.04479166666666667 0.08425925925925926
0 0.7708333333333334 0.25462962962962965 0.019791666666666666 0.025925925925925925
0 0.37213541666666666 0.2662037037037037 0.043229166666666666 0.075
0 0.48984375 0.3055555555555556 0.024479166666666666 0.03518518518518519
0 0.5229166666666667 0.3199074074074074 0.05 0.049074074074074076
0 0.82421875 0.32037037037037036 0.019270833333333334 0.03148148148148148
0 0.3216145833333333 0.3699074074074074 0.021354166666666667 0.03425925925925926
0 0.3026041666666667 0.37546296296296294 0.015625 0.028703703703703703
0 0.7067708333333333 0.425 0.071875 0.046296296296296294
0 0.36640625 0.4708333333333333 0.0421875 0.028703703703703703
0 0.03046875 0.5856481481481481 0.024479166666666666 0.05648148148148148