0 0.12630208333333334 0.2574074074074074 0.06614583333333333 0.09814814814814815
0 0.8010416666666667 0.3143518518518518 0.027083333333333334 0.03796296296296296
0 0.25338541666666664 0.3189814814814815 0.0234375 0.04351851851851852
0 0.8359375 0.3425925925925926 0.05520833333333333 0.03888888888888889
0 0.7932291666666667 0.34444444444444444 0.020833333333333332 0.03518518518518519
0 0.27395833333333336 0.3574074074074074 0.025 0.08518518518518518
0 0.8684895833333334 0.3972222222222222 0.05260416666666667 0.053703703703703705
0 0.5497395833333333 0.4060185185185185 0.04010416666666667 0.03425925925925926
0 0.15416666666666667 0.5152777777777777 0.022916666666666665 0.03981481481481482
0 0.03984375 0.5546296296296296 0.019270833333333334 0.04814814814814815
0 0.0171875 0.5703703703703704 0.016666666666666666 0.05
0 0.01328125 0.5925925925925926 0.0265625 0.03518518518518519
0 0.08463541666666667 0.6148148148148148 0.0265625 0.06851851851851852