0 0.9294270833333333 0.30972222222222223 0.0296875 0.04722222222222222
0 0.44635416666666666 0.350462962962963 0.027083333333333334 0.041666666666666664
0 0.41484375 0.3824074074074074 0.024479166666666666 0.024074074074074074
0 0.18984375 0.3888888888888889 0.021354166666666667 0.03518518518518519
0 0.43697916666666664 0.39675925925925926 0.014583333333333334 0.04351851851851852
0 0.35104166666666664 0.40324074074074073 0.025 0.058333333333333334
0 0.72734375 0.4125 0.024479166666666666 0.041666666666666664
0 0.24375 0.4166666666666667 0.019791666666666666 0.03518518518518519
0 0.2903645833333333 0.4439814814814815 0.059895833333333336 0.09722222222222222
0 0.32083333333333336 0.5055555555555555 0.0625 0.037037037037037035
0 0.21796875 0.5361111111111111 0.05677083333333333 0.03148148148148148
0 0.01796875 0.5518518518518518 0.033854166666666664 0.05555555555555555