0 0.90390625 0.30092592592592593 0.028645833333333332 0.044444444444444446
0 0.9861979166666667 0.3287037037037037 0.027604166666666666 0.044444444444444446
0 0.49973958333333335 0.34953703703703703 0.024479166666666666 0.041666666666666664
0 0.4666666666666667 0.37916666666666665 0.019791666666666666 0.028703703703703703
0 0.43515625 0.40046296296296297 0.030729166666666665 0.05092592592592592
0 0.32864583333333336 0.40555555555555556 0.023958333333333335 0.04814814814814815
0 0.3515625 0.40555555555555556 0.020833333333333332 0.06296296296296296
0 0.7234375 0.4097222222222222 0.030208333333333334 0.041666666666666664
0 0.25234375 0.45185185185185184 0.018229166666666668 0.03518518518518519
0 0.3609375 0.48703703703703705 0.06041666666666667 0.044444444444444446
0 0.009635416666666667 0.5462962962962963 0.019270833333333334 0.05
0 0.24348958333333334 0.5643518518518519 0.0546875 0.11203703703703703
0 0.11067708333333333 0.5916666666666667 0.0546875 0.05185185185185185