0 0.15651041666666668 0.27314814814814814 0.0828125 0.10555555555555556
0 0.10130208333333333 0.5194444444444445 0.043229166666666666 0.03888888888888889
0 0.22239583333333332 0.5236111111111111 0.03958333333333333 0.03425925925925926
0 0.23515625 0.49027777777777776 0.05364583333333333 0.030555555555555555
0 0.16979166666666667 0.4203703703703704 0.027083333333333334 0.03518518518518519
0 0.234375 0.4125 0.017708333333333333 0.04351851851851852
0 0.2708333333333333 0.42916666666666664 0.030208333333333334 0.05462962962962963
0 0.6338541666666667 0.375 0.04583333333333333 0.020370370370370372
0 0.7591145833333334 0.3287037037037037 0.0265625 0.03148148148148148
0 0.890625 0.4041666666666667 0.05 0.04351851851851852
0 0.9518229166666666 0.2671296296296296 0.07239583333333334 0.05092592592592592