0 0.84765625 0.28379629629629627 0.028645833333333332 0.04722222222222222
0 0.5856770833333333 0.3236111111111111 0.0296875 0.03611111111111111
0 0.5143229166666666 0.3486111111111111 0.024479166666666666 0.032407407407407406
0 0.8708333333333333 0.3625 0.06145833333333333 0.05092592592592592
0 0.290625 0.38287037037037036 0.023958333333333335 0.041666666666666664
0 0.7395833333333334 0.41574074074074074 0.06145833333333333 0.040740740740740744
0 0.4234375 0.4162037037037037 0.03333333333333333 0.05092592592592592
0 0.33046875 0.43657407407407406 0.030729166666666665 0.075
0 0.19661458333333334 0.5166666666666667 0.0390625 0.04259259259259259
0 0.22421875 0.5439814814814815 0.03177083333333333 0.062037037037037036
0 0.0078125 0.5648148148148148 0.015625 0.04814814814814815
0 0.0875 0.5888888888888889 0.035416666666666666 0.053703703703703705