0 0.7502604166666667 0.22546296296296298 0.024479166666666666 0.026851851851851852
0 0.22291666666666668 0.22870370370370371 0.041666666666666664 0.08703703703703704
0 0.37786458333333334 0.25833333333333336 0.03177083333333333 0.09814814814814815
0 0.7572916666666667 0.2587962962962963 0.017708333333333333 0.028703703703703703
0 0.47213541666666664 0.2972222222222222 0.024479166666666666 0.025925925925925925
0 0.8140625 0.3212962962962963 0.019791666666666666 0.025925925925925925
0 0.4947916666666667 0.3384259259259259 0.06458333333333334 0.062037037037037036
0 0.32526041666666666 0.36064814814814816 0.021354166666666667 0.03425925925925926
0 0.68046875 0.4185185185185185 0.059895833333333336 0.03888888888888889
0 0.3536458333333333 0.4777777777777778 0.046875 0.040740740740740744
0 0.0171875 0.5930555555555556 0.029166666666666667 0.03796296296296296