0 0.9796875 0.3101851851851852 0.020833333333333332 0.044444444444444446
0 0.46796875 0.3398148148148148 0.0265625 0.027777777777777776
0 0.27109375 0.36712962962962964 0.0546875 0.09166666666666666
0 0.45598958333333334 0.3699074074074074 0.018229166666666668 0.05092592592592592
0 0.18098958333333334 0.38657407407407407 0.0109375 0.03425925925925926
0 0.3015625 0.4300925925925926 0.03333333333333333 0.04722222222222222
0 0.6848958333333334 0.4537037037037037 0.027083333333333334 0.027777777777777776
0 0.21041666666666667 0.4564814814814815 0.016666666666666666 0.053703703703703705
0 0.34609375 0.46574074074074073 0.03802083333333333 0.05740740740740741
0 0.06614583333333333 0.5435185185185185 0.021875 0.05740740740740741
0 0.19973958333333333 0.5597222222222222 0.0890625 0.05648148148148148
0 0.018489583333333334 0.5782407407407407 0.015104166666666667 0.032407407407407406