0 0.7692708333333333 0.25972222222222224 0.030208333333333334 0.049074074074074076
0 0.6794270833333333 0.3189814814814815 0.030729166666666665 0.028703703703703703
0 0.5015625 0.3763888888888889 0.0125 0.025
0 0.5778645833333333 0.37824074074074077 0.0203125 0.026851851851851852
0 0.19270833333333334 0.38101851851851853 0.03125 0.10833333333333334
0 0.8434895833333333 0.38981481481481484 0.05677083333333333 0.044444444444444446
0 0.7119791666666667 0.40879629629629627 0.042708333333333334 0.03611111111111111
0 0.22135416666666666 0.4305555555555556 0.035416666666666666 0.04814814814814815
0 0.7989583333333333 0.44166666666666665 0.046875 0.03888888888888889
0 0.3484375 0.4703703703703704 0.027083333333333334 0.05185185185185185
0 0.228125 0.4949074074074074 0.029166666666666667 0.028703703703703703
0 0.13802083333333334 0.5458333333333333 0.014583333333333334 0.03425925925925926
0 0.0067708333333333336 0.575462962962963 0.013541666666666667 0.041666666666666664
0 0.04973958333333333 0.5935185185185186 0.058854166666666666 0.044444444444444446