0 0.9731770833333333 0.25462962962962965 0.050520833333333334 0.03888888888888889
0 0.17135416666666667 0.2912037037037037 0.07916666666666666 0.11203703703703703
0 0.7494791666666667 0.3236111111111111 0.028125 0.03611111111111111
0 0.6205729166666667 0.34120370370370373 0.0203125 0.026851851851851852
0 0.6528645833333333 0.37546296296296294 0.04114583333333333 0.03611111111111111
0 0.8776041666666666 0.42407407407407405 0.06041666666666667 0.05740740740740741
0 0.22760416666666666 0.4388888888888889 0.020833333333333332 0.05
0 0.14036458333333332 0.44074074074074077 0.0328125 0.03148148148148148
0 0.1234375 0.5078703703703704 0.042708333333333334 0.049074074074074076
0 0.25078125 0.5152777777777777 0.0421875 0.03611111111111111
0 0.10078125 0.562037037037037 0.018229166666666668 0.03148148148148148