0 0.79609375 0.1587962962962963 0.019270833333333334 0.032407407407407406
0 0.9354166666666667 0.19490740740740742 0.026041666666666668 0.03425925925925926
0 0.58046875 0.22962962962962963 0.0265625 0.03333333333333333
0 0.5348958333333333 0.2310185185185185 0.014583333333333334 0.017592592592592594
0 0.6442708333333333 0.3851851851851852 0.035416666666666666 0.027777777777777776
0 0.4859375 0.4060185185185185 0.026041666666666668 0.05462962962962963
0 0.29661458333333335 0.4310185185185185 0.0203125 0.023148148148148147
0 0.0171875 0.4388888888888889 0.03333333333333333 0.09814814814814815
0 0.09557291666666666 0.45694444444444443 0.03177083333333333 0.041666666666666664
0 0.3848958333333333 0.5013888888888889 0.042708333333333334 0.028703703703703703
0 0.12083333333333333 0.5638888888888889 0.028125 0.037037037037037035