0 0.22265625 0.27685185185185185 0.07239583333333334 0.08148148148148149
0 0.2635416666666667 0.3189814814814815 0.030208333333333334 0.03425925925925926
0 0.48802083333333335 0.32083333333333336 0.016666666666666666 0.028703703703703703
0 0.7359375 0.3333333333333333 0.05416666666666667 0.046296296296296294
0 0.8497395833333333 0.3435185185185185 0.024479166666666666 0.03518518518518519
0 0.28567708333333336 0.35694444444444445 0.03802083333333333 0.08425925925925926
0 0.303125 0.35694444444444445 0.025 0.023148148148148147
0 0.3260416666666667 0.41388888888888886 0.022916666666666665 0.020370370370370372
0 0.4981770833333333 0.41574074074074074 0.03697916666666667 0.020370370370370372
0 0.8455729166666667 0.4222222222222222 0.03177083333333333 0.03148148148148148
0 0.1640625 0.513425925925926 0.019791666666666666 0.03796296296296296
0 0.015625 0.5638888888888889 0.017708333333333333 0.040740740740740744
0 0.02578125 0.6856481481481481 0.03697916666666667 0.06018518518518518