0 0.7583333333333333 0.2611111111111111 0.026041666666666668 0.03333333333333333
0 0.6838541666666667 0.31712962962962965 0.028125 0.030555555555555555
0 0.19348958333333333 0.3726851851851852 0.025520833333333333 0.09722222222222222
0 0.7080729166666667 0.4046296296296296 0.03802083333333333 0.03888888888888889
0 0.8286458333333333 0.40555555555555556 0.04895833333333333 0.05
0 0.21041666666666667 0.4388888888888889 0.03958333333333333 0.03888888888888889
0 0.3966145833333333 0.44305555555555554 0.0609375 0.032407407407407406
0 0.8036458333333333 0.44907407407407407 0.04375 0.044444444444444446
0 0.33697916666666666 0.47638888888888886 0.035416666666666666 0.041666666666666664
0 0.22526041666666666 0.49444444444444446 0.0265625 0.02962962962962963
0 0.008072916666666667 0.5703703703703704 0.015104166666666667 0.046296296296296294
0 0.03828125 0.5967592592592592 0.043229166666666666 0.04351851851851852