0 0.74609375 0.26666666666666666 0.0203125 0.03333333333333333
0 0.68828125 0.31296296296296294 0.027604166666666666 0.03518518518518519
0 0.19348958333333333 0.37083333333333335 0.027604166666666666 0.10833333333333334
0 0.7010416666666667 0.3990740740740741 0.03958333333333333 0.04259259259259259
0 0.8268229166666666 0.41388888888888886 0.0515625 0.05185185185185185
0 0.20026041666666666 0.4476851851851852 0.0328125 0.032407407407407406
0 0.8067708333333333 0.4486111111111111 0.04791666666666667 0.04722222222222222
0 0.378125 0.45092592592592595 0.04375 0.03888888888888889
0 0.32786458333333335 0.4842592592592593 0.030729166666666665 0.05
0 0.22265625 0.4888888888888889 0.0265625 0.027777777777777776
0 0.03828125 0.4986111111111111 0.0203125 0.028703703703703703
0 0.01015625 0.5662037037037037 0.0203125 0.0787037037037037
0 0.028385416666666666 0.6055555555555555 0.0484375 0.046296296296296294