0 0.821875 0.2759259259259259 0.017708333333333333 0.040740740740740744
0 0.6473958333333333 0.3199074074074074 0.026041666666666668 0.030555555555555555
0 0.5518229166666667 0.37546296296296294 0.024479166666666666 0.03425925925925926
0 0.2796875 0.39351851851851855 0.03229166666666667 0.046296296296296294
0 0.36744791666666665 0.4217592592592593 0.043229166666666666 0.03981481481481482
0 0.7770833333333333 0.4263888888888889 0.06041666666666667 0.026851851851851852
0 0.21536458333333333 0.4375 0.03177083333333333 0.10833333333333334
0 0.2989583333333333 0.4550925925925926 0.03125 0.06944444444444445
0 0.159375 0.5365740740740741 0.03854166666666667 0.03796296296296296
0 0.0140625 0.5685185185185185 0.027083333333333334 0.046296296296296294
0 0.07604166666666666 0.5736111111111111 0.040625 0.04351851851851852