0 0.9888020833333333 0.2638888888888889 0.0203125 0.03518518518518519
0 0.7098958333333333 0.30648148148148147 0.014583333333333334 0.046296296296296294
0 0.73828125 0.31157407407407406 0.025520833333333333 0.03425925925925926
0 0.17838541666666666 0.32685185185185184 0.04114583333333333 0.10555555555555556
0 0.478125 0.3648148148148148 0.013541666666666667 0.020370370370370372
0 0.6640625 0.37916666666666665 0.036458333333333336 0.03425925925925926
0 0.8484375 0.4324074074074074 0.046875 0.03518518518518519
0 0.10885416666666667 0.4625 0.025 0.025
0 0.22057291666666667 0.4675925925925926 0.0171875 0.027777777777777776
0 0.30911458333333336 0.4689814814814815 0.03802083333333333 0.03796296296296296
0 0.14192708333333334 0.49398148148148147 0.028645833333333332 0.03611111111111111
0 0.16145833333333334 0.49398148148148147 0.025 0.041666666666666664
0 0.11015625 0.5662037037037037 0.021354166666666667 0.03425925925925926