0 0.8591145833333333 0.2851851851851852 0.0328125 0.03888888888888889
0 0.9080729166666667 0.33055555555555555 0.0515625 0.040740740740740744
0 0.5606770833333333 0.3337962962962963 0.033854166666666664 0.04537037037037037
0 0.5028645833333333 0.34074074074074073 0.0265625 0.027777777777777776
0 0.28046875 0.38842592592592595 0.0265625 0.04537037037037037
0 0.728125 0.40370370370370373 0.030208333333333334 0.040740740740740744
0 0.42916666666666664 0.41435185185185186 0.04583333333333333 0.062037037037037036
0 0.35078125 0.4162037037037037 0.030729166666666665 0.04537037037037037
0 0.3372395833333333 0.43194444444444446 0.033854166666666664 0.06574074074074074
0 0.23411458333333332 0.5476851851851852 0.03802083333333333 0.1398148148148148
0 0.01015625 0.5611111111111111 0.0203125 0.053703703703703705
0 0.08255208333333333 0.5893518518518519 0.0234375 0.03796296296296296