0 0.8440104166666667 0.28425925925925927 0.028645833333333332 0.04259259259259259
0 0.60078125 0.3226851851851852 0.03177083333333333 0.032407407407407406
0 0.5229166666666667 0.35694444444444445 0.020833333333333332 0.03981481481481482
0 0.8473958333333333 0.3773148148148148 0.051041666666666666 0.05092592592592592
0 0.290625 0.3837962962962963 0.017708333333333333 0.041666666666666664
0 0.7424479166666667 0.4101851851851852 0.05260416666666667 0.024074074074074074
0 0.42083333333333334 0.4203703703703704 0.034375 0.05925925925925926
0 0.32369791666666664 0.4393518518518518 0.034895833333333334 0.06388888888888888
0 0.18307291666666667 0.5175925925925926 0.034895833333333334 0.03333333333333333
0 0.22473958333333333 0.5273148148148148 0.03802083333333333 0.09351851851851851
0 0.013541666666666667 0.5574074074074075 0.023958333333333335 0.040740740740740744
0 0.08567708333333333 0.5851851851851851 0.04010416666666667 0.046296296296296294