0 0.8630208333333333 0.2884259259259259 0.030208333333333334 0.05092592592592592
0 0.9174479166666667 0.32731481481481484 0.05677083333333333 0.032407407407407406
0 0.5544270833333333 0.3300925925925926 0.027604166666666666 0.03611111111111111
0 0.49921875 0.3388888888888889 0.018229166666666668 0.027777777777777776
0 0.27708333333333335 0.38564814814814813 0.030208333333333334 0.04537037037037037
0 0.7283854166666667 0.412962962962963 0.03697916666666667 0.05
0 0.43046875 0.412962962962963 0.049479166666666664 0.04814814814814815
0 0.34427083333333336 0.425462962962963 0.03958333333333333 0.0824074074074074
0 0.24895833333333334 0.5449074074074074 0.06770833333333333 0.1527777777777778
0 0.012760416666666666 0.5648148148148148 0.025520833333333333 0.05555555555555555
0 0.07942708333333333 0.5907407407407408 0.024479166666666666 0.053703703703703705