0 0.2328125 0.27546296296296297 0.06666666666666667 0.08981481481481482
0 0.2677083333333333 0.3194444444444444 0.030208333333333334 0.040740740740740744
0 0.48854166666666665 0.32222222222222224 0.017708333333333333 0.027777777777777776
0 0.7252604166666666 0.3263888888888889 0.06197916666666667 0.03796296296296296
0 0.853125 0.3416666666666667 0.028125 0.027777777777777776
0 0.3059895833333333 0.3541666666666667 0.0203125 0.025
0 0.28932291666666665 0.3574074074074074 0.0453125 0.07222222222222222
0 0.3263020833333333 0.41064814814814815 0.0171875 0.013888888888888888
0 0.4981770833333333 0.4166666666666667 0.033854166666666664 0.025925925925925925
0 0.84375 0.42777777777777776 0.035416666666666666 0.03888888888888889
0 0.16223958333333333 0.5157407407407407 0.018229166666666668 0.03888888888888889
0 0.0140625 0.5578703703703703 0.027083333333333334 0.05462962962962963
0 0.02265625 0.6990740740740741 0.044270833333333336 0.05555555555555555