0 0.8486979166666667 0.28564814814814815 0.0296875 0.05092592592592592
0 0.5825520833333333 0.32546296296296295 0.028645833333333332 0.03796296296296296
0 0.5151041666666667 0.34444444444444444 0.026041666666666668 0.03518518518518519
0 0.8744791666666667 0.3527777777777778 0.051041666666666666 0.03518518518518519
0 0.29010416666666666 0.38425925925925924 0.023958333333333335 0.044444444444444446
0 0.7333333333333333 0.41064814814814815 0.05625 0.041666666666666664
0 0.4231770833333333 0.41388888888888886 0.0328125 0.05185185185185185
0 0.36875 0.41759259259259257 0.026041666666666668 0.037037037037037035
0 0.33177083333333335 0.43657407407407406 0.029166666666666667 0.07314814814814814
0 0.20130208333333333 0.5166666666666667 0.033854166666666664 0.040740740740740744
0 0.010416666666666666 0.5675925925925925 0.020833333333333332 0.053703703703703705
0 0.08541666666666667 0.5875 0.028125 0.05092592592592592