0 0.75078125 0.26435185185185184 0.0296875 0.03611111111111111
0 0.6856770833333333 0.31574074074074077 0.0328125 0.040740740740740744
0 0.19348958333333333 0.37175925925925923 0.0296875 0.09537037037037037
0 0.7049479166666667 0.4027777777777778 0.0390625 0.040740740740740744
0 0.8307291666666666 0.40324074074074073 0.05 0.04537037037037037
0 0.39036458333333335 0.4398148148148148 0.0578125 0.040740740740740744
0 0.20260416666666667 0.4425925925925926 0.030208333333333334 0.053703703703703705
0 0.8026041666666667 0.44722222222222224 0.041666666666666664 0.037037037037037035
0 0.33489583333333334 0.48009259259259257 0.03229166666666667 0.04351851851851852
0 0.22395833333333334 0.49166666666666664 0.026041666666666668 0.02962962962962963
0 0.03619791666666667 0.5032407407407408 0.022395833333333334 0.023148148148148147
0 0.008072916666666667 0.5722222222222222 0.016145833333333335 0.044444444444444446
0 0.030208333333333334 0.5962962962962963 0.041666666666666664 0.040740740740740744