0 0.12994791666666666 0.2550925925925926 0.10364583333333334 0.10462962962962963
0 0.8020833333333334 0.3023148148148148 0.022916666666666665 0.03611111111111111
0 0.25807291666666665 0.30833333333333335 0.0234375 0.040740740740740744
0 0.46953125 0.32685185185185184 0.021354166666666667 0.022222222222222223
0 0.8161458333333333 0.3439814814814815 0.06145833333333333 0.041666666666666664
0 0.28229166666666666 0.3541666666666667 0.041666666666666664 0.08981481481481482
0 0.5390625 0.4064814814814815 0.03958333333333333 0.020370370370370372
0 0.85859375 0.4115740740740741 0.06510416666666667 0.07314814814814814
0 0.16380208333333332 0.5180555555555556 0.021354166666666667 0.03611111111111111
0 0.043229166666666666 0.5435185185185185 0.019791666666666666 0.05
0 0.018229166666666668 0.5722222222222222 0.009375 0.03888888888888889
0 0.014583333333333334 0.6018518518518519 0.029166666666666667 0.044444444444444446
0 0.046614583333333334 0.6046296296296296 0.016145833333333335 0.025925925925925925
0 0.07708333333333334 0.6388888888888888 0.027083333333333334 0.06296296296296296
0 0.03125 0.6444444444444445 0.019791666666666666 0.027777777777777776