0 0.9859375 0.2574074074074074 0.028125 0.05185185185185185
0 0.7114583333333333 0.3138888888888889 0.014583333333333334 0.04814814814814815
0 0.7395833333333334 0.31527777777777777 0.030208333333333334 0.032407407407407406
0 0.1765625 0.31574074074074077 0.052083333333333336 0.10555555555555556
0 0.6153645833333333 0.3597222222222222 0.018229166666666668 0.028703703703703703
0 0.47890625 0.3685185185185185 0.018229166666666668 0.022222222222222223
0 0.6575520833333334 0.37592592592592594 0.025520833333333333 0.027777777777777776
0 0.8546875 0.42916666666666664 0.06354166666666666 0.03425925925925926
0 0.11536458333333334 0.4537037037037037 0.0265625 0.037037037037037035
0 0.22369791666666666 0.45694444444444443 0.015104166666666667 0.04351851851851852
0 0.30494791666666665 0.47638888888888886 0.0359375 0.03796296296296296
0 0.1453125 0.4976851851851852 0.041666666666666664 0.03981481481481482
0 0.10885416666666667 0.5634259259259259 0.022916666666666665 0.032407407407407406