0 0.8161458333333333 0.2712962962962963 0.017708333333333333 0.040740740740740744
0 0.6596354166666667 0.3189814814814815 0.027604166666666666 0.03796296296296296
0 0.5544270833333333 0.37453703703703706 0.022395833333333334 0.026851851851851852
0 0.27369791666666665 0.39675925925925926 0.0265625 0.04351851851851852
0 0.20755208333333333 0.41805555555555557 0.0390625 0.11018518518518519
0 0.7640625 0.42407407407407405 0.059375 0.03518518518518519
0 0.34739583333333335 0.42592592592592593 0.03958333333333333 0.046296296296296294
0 0.7846354166666667 0.4444444444444444 0.03802083333333333 0.03888888888888889
0 0.29296875 0.45787037037037037 0.022395833333333334 0.06944444444444445
0 0.15416666666666667 0.5398148148148149 0.027083333333333334 0.03518518518518519
0 0.07135416666666666 0.5680555555555555 0.041666666666666664 0.04351851851851852
0 0.015364583333333333 0.5699074074074074 0.0296875 0.05648148148148148