0 0.13541666666666666 0.25462962962962965 0.10416666666666667 0.11481481481481481
0 0.80234375 0.30277777777777776 0.024479166666666666 0.046296296296296294
0 0.25859375 0.3074074074074074 0.018229166666666668 0.040740740740740744
0 0.8078125 0.33935185185185185 0.05416666666666667 0.04351851851851852
0 0.28177083333333336 0.3574074074074074 0.03125 0.08148148148148149
0 0.5359375 0.41064814814814815 0.042708333333333334 0.030555555555555555
0 0.8552083333333333 0.41064814814814815 0.059375 0.05648148148148148
0 0.16848958333333333 0.5166666666666667 0.022395833333333334 0.03888888888888889
0 0.0421875 0.5375 0.022916666666666665 0.04351851851851852
0 0.018229166666666668 0.5717592592592593 0.016666666666666666 0.03796296296296296
0 0.010416666666666666 0.600462962962963 0.020833333333333332 0.05092592592592592
0 0.07161458333333333 0.6324074074074074 0.027604166666666666 0.06111111111111111
0 0.028645833333333332 0.6421296296296296 0.019791666666666666 0.032407407407407406