0 0.8578125 0.28935185185185186 0.028125 0.05277777777777778
0 0.56171875 0.3296296296296296 0.0265625 0.037037037037037035
0 0.8986979166666667 0.33425925925925926 0.0515625 0.053703703703703705
0 0.5041666666666667 0.33611111111111114 0.021875 0.022222222222222223
0 0.28671875 0.3861111111111111 0.033854166666666664 0.05185185185185185
0 0.73125 0.4083333333333333 0.03854166666666667 0.040740740740740744
0 0.42734375 0.4125 0.0390625 0.049074074074074076
0 0.36041666666666666 0.41435185185185186 0.01875 0.030555555555555555
0 0.3385416666666667 0.42962962962962964 0.027083333333333334 0.07407407407407407
0 0.2328125 0.5481481481481482 0.05416666666666667 0.12777777777777777
0 0.011197916666666667 0.5662037037037037 0.0203125 0.04722222222222222
0 0.0875 0.5842592592592593 0.03854166666666667 0.05