0 0.12161458333333333 0.2564814814814815 0.03177083333333333 0.10740740740740741
0 0.8953125 0.30972222222222223 0.040625 0.049074074074074076
0 0.7783854166666667 0.3300925925925926 0.021354166666666667 0.03425925925925926
0 0.7203125 0.36342592592592593 0.022916666666666665 0.026851851851851852
0 0.221875 0.36666666666666664 0.023958333333333335 0.037037037037037035
0 0.24739583333333334 0.37824074074074077 0.017708333333333333 0.03796296296296296
0 0.5942708333333333 0.37916666666666665 0.03958333333333333 0.028703703703703703
0 0.9049479166666666 0.38472222222222224 0.04114583333333333 0.03425925925925926
0 0.2682291666666667 0.4009259259259259 0.027083333333333334 0.07407407407407407
0 0.115625 0.5106481481481482 0.015625 0.030555555555555555
0 0.1875 0.5194444444444445 0.046875 0.05
0 0.15859375 0.5425925925925926 0.0265625 0.05185185185185185
0 0.05677083333333333 0.5449074074074074 0.03958333333333333 0.03611111111111111
0 0.011979166666666667 0.5666666666666667 0.023958333333333335 0.04814814814814815
0 0.037760416666666664 0.5856481481481481 0.0140625 0.028703703703703703