0 0.8013020833333333 0.2587962962962963 0.022395833333333334 0.03981481481481482
0 0.6755208333333333 0.31805555555555554 0.022916666666666665 0.030555555555555555
0 0.5619791666666667 0.37453703703703706 0.021875 0.025
0 0.20104166666666667 0.40185185185185185 0.03125 0.1111111111111111
0 0.25703125 0.4064814814814815 0.0296875 0.037037037037037035
0 0.7416666666666667 0.41805555555555557 0.052083333333333336 0.026851851851851852
0 0.3216145833333333 0.43333333333333335 0.04010416666666667 0.04259259259259259
0 0.37109375 0.44166666666666665 0.019270833333333334 0.04259259259259259
0 0.2875 0.475462962962963 0.016666666666666666 0.06388888888888888
0 0.2328125 0.4981481481481482 0.025 0.03518518518518519
0 0.14375 0.5398148148148149 0.027083333333333334 0.046296296296296294
0 0.062239583333333334 0.5745370370370371 0.0515625 0.032407407407407406
0 0.010416666666666666 0.575 0.020833333333333332 0.05555555555555555