0 0.5216145833333333 0.3263888888888889 0.05572916666666667 0.07685185185185185
0 0.35104166666666664 0.47962962962962963 0.028125 0.053703703703703705
0 0.3807291666666667 0.513425925925926 0.053125 0.06574074074074074
0 0.45859375 0.4212962962962963 0.19114583333333332 0.13148148148148148
0 0.4513020833333333 0.48055555555555557 0.0640625 0.07592592592592592
0 0.6080729166666666 0.4986111111111111 0.0796875 0.075
0 0.7640625 0.42268518518518516 0.07395833333333333 0.07685185185185185
0 0.52421875 0.6912037037037037 0.0640625 0.0824074074074074
0 0.9260416666666667 0.5208333333333334 0.103125 0.08055555555555556
0 0.77421875 0.5504629629629629 0.0484375 0.04351851851851852
0 0.6760416666666667 0.5365740740740741 0.026041666666666668 0.05092592592592592