0 0.32395833333333335 0.4828703703703704 0.08229166666666667 0.05092592592592592
0 0.3770833333333333 0.5023148148148148 0.036458333333333336 0.03981481481481482
0 0.4515625 0.42453703703703705 0.10729166666666666 0.11944444444444445
0 0.58984375 0.45925925925925926 0.17447916666666666 0.16296296296296298
0 0.575 0.5314814814814814 0.052083333333333336 0.07962962962962963
0 0.521875 0.3106481481481482 0.035416666666666666 0.06018518518518518
0 0.70234375 0.5611111111111111 0.03802083333333333 0.05740740740740741
0 0.7463541666666667 0.5648148148148148 0.053125 0.04259259259259259
0 0.7953125 0.4444444444444444 0.08645833333333333 0.08888888888888889
0 0.97265625 0.5291666666666667 0.0546875 0.0787037037037037
0 0.5096354166666667 0.6824074074074075 0.05260416666666667 0.06851851851851852