0 0.1234375 0.3888888888888889 0.09375 0.06296296296296296
0 0.41119791666666666 0.65 0.08177083333333333 0.040740740740740744
0 0.49270833333333336 0.5606481481481481 0.058333333333333334 0.03425925925925926
0 0.4309895833333333 0.5652777777777778 0.0453125 0.07314814814814814
0 0.5796875 0.425 0.08020833333333334 0.21666666666666667
0 0.6239583333333333 0.43148148148148147 0.058333333333333334 0.07777777777777778
0 0.853125 0.6393518518518518 0.15520833333333334 0.14907407407407408
0 0.6518229166666667 0.5606481481481481 0.058854166666666666 0.05092592592592592
0 0.8059895833333334 0.4912037037037037 0.0265625 0.07314814814814814
0 0.9575520833333333 0.41805555555555557 0.0703125 0.08611111111111111
0 0.9828125 0.6143518518518518 0.034375 0.06944444444444445