0 0.05625 0.4009259259259259 0.11145833333333334 0.09444444444444444
0 0.15364583333333334 0.36435185185185187 0.11979166666666667 0.12314814814814815
0 0.41901041666666666 0.4439814814814815 0.0703125 0.0787037037037037
0 0.49609375 0.49907407407407406 0.0265625 0.07962962962962963
0 0.6161458333333333 0.36712962962962964 0.04583333333333333 0.058333333333333334
0 0.5447916666666667 0.524537037037037 0.036458333333333336 0.041666666666666664
0 0.7575520833333333 0.5435185185185185 0.0921875 0.09259259259259259
0 0.8072916666666666 0.6328703703703704 0.09270833333333334 0.0712962962962963
0 0.8513020833333333 0.7865740740740741 0.09322916666666667 0.06018518518518518
0 0.35703125 0.4046296296296296 0.021354166666666667 0.040740740740740744
0 0.8005208333333333 0.5458333333333333 0.040625 0.04722222222222222