0 0.11067708333333333 0.39444444444444443 0.0984375 0.06851851851851852
0 0.5822916666666667 0.46111111111111114 0.071875 0.2111111111111111
0 0.48828125 0.5611111111111111 0.0484375 0.04814814814814815
0 0.39453125 0.6486111111111111 0.07447916666666667 0.049074074074074076
0 0.6270833333333333 0.43194444444444446 0.06458333333333334 0.07314814814814814
0 0.86796875 0.649537037037037 0.14947916666666666 0.14537037037037037
0 0.9606770833333333 0.42777777777777776 0.0609375 0.08148148148148149
0 0.80390625 0.4787037037037037 0.0171875 0.09074074074074075
0 0.4322916666666667 0.5657407407407408 0.035416666666666666 0.08703703703703704
0 0.6479166666666667 0.5652777777777778 0.04479166666666667 0.049074074074074076
0 0.9802083333333333 0.6074074074074074 0.034375 0.08148148148148149