0 0.35130208333333335 0.4671296296296296 0.0265625 0.062037037037037036
0 0.3731770833333333 0.5078703703703704 0.05364583333333333 0.05462962962962963
0 0.5234375 0.6861111111111111 0.075 0.053703703703703705
0 0.4864583333333333 0.4351851851851852 0.18958333333333333 0.11481481481481481
0 0.5223958333333333 0.31805555555555554 0.04375 0.08055555555555556
0 0.44765625 0.4699074074074074 0.0828125 0.06388888888888888
0 0.6096354166666667 0.5037037037037037 0.0828125 0.053703703703703705
0 0.784375 0.4305555555555556 0.1 0.08703703703703704
0 0.6822916666666666 0.5421296296296296 0.029166666666666667 0.049074074074074076
0 0.7713541666666667 0.5597222222222222 0.05416666666666667 0.049074074074074076
0 0.9359375 0.5185185185185185 0.09895833333333333 0.06851851851851852