0 0.07421875 0.4064814814814815 0.14739583333333334 0.08888888888888889
0 0.17578125 0.36574074074074076 0.1203125 0.11481481481481481
0 0.35520833333333335 0.4101851851851852 0.019791666666666666 0.046296296296296294
0 0.43515625 0.4337962962962963 0.06510416666666667 0.0824074074074074
0 0.4901041666666667 0.4912037037037037 0.029166666666666667 0.075
0 0.5572916666666666 0.5175925925925926 0.042708333333333334 0.04259259259259259
0 0.6286458333333333 0.36018518518518516 0.04479166666666667 0.06296296296296296
0 0.7265625 0.7583333333333333 0.0875 0.06111111111111111
0 0.7786458333333334 0.5546296296296296 0.09895833333333333 0.07407407407407407
0 0.77734375 0.6078703703703704 0.09010416666666667 0.0712962962962963
0 0.8158854166666667 0.537962962962963 0.0421875 0.053703703703703705