0 0.08463541666666667 0.40925925925925927 0.16822916666666668 0.08703703703703704
0 0.1859375 0.362962962962963 0.11875 0.10740740740740741
0 0.44557291666666665 0.41898148148148145 0.07447916666666667 0.07685185185185185
0 0.35625 0.41388888888888886 0.019791666666666666 0.05185185185185185
0 0.49140625 0.4930555555555556 0.044270833333333336 0.075
0 0.5640625 0.5162037037037037 0.04479166666666667 0.04537037037037037
0 0.6385416666666667 0.36064814814814816 0.04375 0.06759259259259259
0 0.7651041666666667 0.5930555555555556 0.0875 0.07314814814814814
0 0.6856770833333333 0.7583333333333333 0.0828125 0.06296296296296296
0 0.7848958333333333 0.5546296296296296 0.09479166666666666 0.07407407407407407
0 0.81875 0.5365740740740741 0.036458333333333336 0.03981481481481482