0 0.15416666666666667 0.41805555555555557 0.19583333333333333 0.07685185185185185
0 0.25677083333333334 0.38796296296296295 0.10729166666666666 0.13148148148148148
0 0.4747395833333333 0.40324074074074073 0.0671875 0.09907407407407408
0 0.4666666666666667 0.49537037037037035 0.03854166666666667 0.07777777777777778
0 0.6611979166666667 0.35555555555555557 0.04739583333333333 0.06666666666666667
0 0.7161458333333334 0.5430555555555555 0.06041666666666667 0.05092592592592592
0 0.8434895833333333 0.5606481481481481 0.08697916666666666 0.058333333333333334
0 0.5903645833333333 0.5060185185185185 0.0390625 0.041666666666666664
0 0.5723958333333333 0.7083333333333334 0.08020833333333334 0.06111111111111111
0 0.35520833333333335 0.4162037037037037 0.026041666666666668 0.05462962962962963
0 0.8268229166666666 0.5425925925925926 0.028645833333333332 0.05