0 0.24036458333333333 0.40555555555555556 0.1734375 0.08888888888888889
0 0.3255208333333333 0.44305555555555554 0.07395833333333333 0.09351851851851851
0 0.36223958333333334 0.42268518518518516 0.0203125 0.06944444444444445
0 0.44921875 0.5037037037037037 0.04739583333333333 0.07777777777777778
0 0.48411458333333335 0.39444444444444443 0.07447916666666667 0.10555555555555556
0 0.6734375 0.36527777777777776 0.051041666666666666 0.0787037037037037
0 0.6059895833333333 0.5041666666666667 0.0390625 0.04722222222222222
0 0.6854166666666667 0.5189814814814815 0.052083333333333336 0.05462962962962963
0 0.8716145833333333 0.5319444444444444 0.05572916666666667 0.06759259259259259
0 0.82421875 0.5425925925925926 0.0359375 0.053703703703703705
0 0.5518229166666667 0.700925925925926 0.0671875 0.06111111111111111