0 0.13125 0.39305555555555555 0.090625 0.07314814814814814
0 0.42942708333333335 0.5625 0.04635416666666667 0.07685185185185185
0 0.4192708333333333 0.6550925925925926 0.07083333333333333 0.05277777777777778
0 0.49947916666666664 0.5578703703703703 0.058333333333333334 0.03796296296296296
0 0.5752604166666667 0.4074074074074074 0.07447916666666667 0.18518518518518517
0 0.6174479166666667 0.4203703703703704 0.050520833333333334 0.08703703703703704
0 0.6552083333333333 0.5638888888888889 0.052083333333333336 0.05555555555555555
0 0.8434895833333333 0.625 0.1515625 0.14814814814814814
0 0.95234375 0.41574074074074074 0.06302083333333333 0.08703703703703704
0 0.9799479166666667 0.6259259259259259 0.0265625 0.07222222222222222
0 0.8088541666666667 0.49953703703703706 0.025 0.07685185185185185