0 0.06484375 0.40555555555555556 0.12864583333333332 0.10925925925925926
0 0.16276041666666666 0.36527777777777776 0.12552083333333333 0.11574074074074074
0 0.35494791666666664 0.40694444444444444 0.024479166666666666 0.03981481481481482
0 0.42916666666666664 0.44351851851851853 0.07395833333333333 0.07962962962962963
0 0.49244791666666665 0.49444444444444446 0.028645833333333332 0.07777777777777778
0 0.5489583333333333 0.5217592592592593 0.03854166666666667 0.03981481481481482
0 0.6236979166666666 0.3662037037037037 0.04635416666666667 0.06759259259259259
0 0.771875 0.549074074074074 0.08229166666666667 0.06481481481481481
0 0.8080729166666667 0.5412037037037037 0.03177083333333333 0.06018518518518518
0 0.7973958333333333 0.6222222222222222 0.090625 0.07962962962962963
0 0.7848958333333333 0.7759259259259259 0.08125 0.07037037037037037