0 0.0323035 0.744612 0.023876999999999995 0.030171999999999977
0 0.035463499999999995 0.746767 0.017556999999999996 0.010776000000000008
0 0.046699500000000005 0.24569 0.024578999999999997 0.025861999999999996
0 0.064607 0.23706900000000003 0.011235999999999996 0.03879400000000002
0 0.1095505 0.6422415 0.04775299999999999 0.049568999999999974
0 0.1632725 0.3615305 0.080759 0.05495699999999998
0 0.1471205 0.875539 0.020364999999999994 0.03125
0 0.1499295 0.874461 0.025983000000000006 0.01400800000000002
0 0.161517 0.898707 0.028090000000000004 0.040947999999999984
0 0.167486 0.42726299999999995 0.02177000000000001 0.057111999999999996
0 0.204003 0.2925645 0.035813999999999985 0.03556100000000001
0 0.208216 0.8599135 0.04002799999999998 0.019396999999999998
0 0.22191 0.5765085000000001 0.046348 0.043103
0 0.244382 0.4746765 0.050561999999999996 0.029094999999999982
0 0.264396 0.6174565000000001 0.03300600000000001 0.02801700000000007
0 0.2791435 0.6864224999999999 0.04705100000000001 0.043103
0 0.27282300000000004 0.78125 0.02177000000000001 0.04310400000000003
0 0.307233 0.9024785 0.011938000000000004 0.05280099999999999
0 0.330407 0.247845 0.034409999999999996 0.036638000000000004
0 0.33567400000000003 0.302802 0.032304000000000055 0.030171999999999977
0 0.3542835 0.47198249999999997 0.020365000000000022 0.023706999999999978
0 0.3767555 0.792026 0.04283699999999996 0.03663799999999995
0 0.3785115 0.5457974999999999 0.03089900000000001 0.029094999999999982
0 0.3820225 0.7359914999999999 0.03230299999999997 0.043103
0 0.4216995 0.9547414999999999 0.037219 0.04741300000000004
0 0.43258450000000004 0.9849135 0.009830999999999979 0.02801699999999996
0 0.4480335 0.799569 0.012640999999999958 0.021552000000000016
0 0.5161519999999999 0.9132545 0.040730000000000044 0.026939000000000046
0 0.502107 0.713362 0.009832000000000007 0.021551999999999905
0 0.520014 0.5377155 0.04424200000000006 0.030173000000000005
0 0.5586374999999999 0.546336 0.07514100000000001 0.0625
0 0.5333565 0.9865299999999999 0.009128999999999943 0.024784000000000028
0 0.576545 0.833513 0.02527999999999997 0.02263000000000004
0 0.5758425 0.8292025000000001 0.019662999999999986 0.01400900000000005
0 0.6018255 0.48652999999999996 0.042135000000000034 0.03771599999999997
0 0.599719 0.6966595 0.012639999999999985 0.05495699999999992
0 0.6042835 0.9746765 0.018961000000000006 0.04849099999999995
0 0.6091995 0.765625 0.018961000000000006 0.035560000000000036
0 0.6267555 0.3927805 0.044240999999999975 0.039871000000000045
0 0.667135 0.994612 0.02949400000000002 0.008619999999999961
0 0.8265450000000001 0.820043 0.345506 0.357758
0 0.6738065 0.720905 0.037219 0.040947999999999984
0 0.676615 0.8195045000000001 0.023174000000000028 0.03340500000000002
0 0.678722 0.950431 0.02457799999999999 0.01939599999999997
0 0.7205055 0.875 0.03089900000000001 0.04525800000000002
0 0.7310395 0.7796335000000001 0.043538999999999994 0.054957000000000034
0 0.7570224999999999 0.567349 0.03230300000000008 0.052802000000000016
0 0.7570220000000001 0.860453 0.016854000000000036 0.03125
0 0.7654495 0.9331895 0.015449000000000046 0.023706999999999923
0 0.766854 0.7042025000000001 0.015449999999999964 0.035561000000000065
0 0.77493 0.6627155 0.021770000000000067 0.019396999999999998
0 0.8125 0.9897625 0.026685999999999988 0.018318999999999974
0 0.8462080000000001 0.528556 0.02809000000000006 0.05926799999999999
0 0.8560395000000001 0.7289874999999999 0.04213499999999992 0.029094999999999982
0 0.9216995 0.7273704999999999 0.05828699999999998 0.04525900000000005
0 0.9403090000000001 0.841056 0.012640000000000096 0.03771599999999997
0 0.9845505 0.9515089999999999 0.02949500000000005 0.040948000000000095
