0 0.515625 0.4391665 0.48124999999999996 0.878333
0 0.3571875 0.5845834999999999 0.05437500000000001 0.13583299999999998
0 0.391875 0.2575 0.03999999999999998 0.04333400000000001
0 0.429375 0.197917 0.040000000000000036 0.0625
0 0.455625 0.602917 0.08250000000000002 0.08250000000000002
0 0.46843749999999995 0.49250000000000005 0.09812499999999996 0.11666599999999999
0 0.464375 0.32625 0.07499999999999996 0.07750000000000001
0 0.518125 0.6116665 0.029999999999999916 0.05166699999999991
0 0.5184375 0.15 0.01937499999999992 0.044999999999999984
0 0.5459375 0.6029165000000001 0.03312499999999996 0.03416699999999995
0 0.5525 0.4320835 0.04625000000000001 0.12083299999999997
0 0.5846875 0.14541700000000002 0.07187500000000002 0.0975
0 0.5925 0.3445835 0.07750000000000001 0.13083299999999998
0 0.5878125000000001 0.6087499999999999 0.06312499999999999 0.057499999999999996
0 0.5743750000000001 0.5504169999999999 0.028749999999999942 0.032500000000000084
0 0.630625 0.5683335 0.030000000000000027 0.04166700000000001
0 0.6415625 0.4754165 0.04812499999999997 0.099167
0 0.6815625000000001 0.6258334999999999 0.06437499999999996 0.06333299999999997
0 0.671875 0.6525000000000001 0.02499999999999991 0.04500000000000004
0 0.70625 0.5804164999999999 0.04625000000000001 0.030833
