0 0.0684375 0.357778 0.078125 0.08222200000000002
0 0.0490625 0.18111149999999998 0.036875000000000005 0.07111100000000001
0 0.11374999999999999 0.203889 0.03374999999999999 0.06555599999999998
0 0.164375 0.22 0.0675 0.08000000000000002
0 0.18562499999999998 0.4344445 0.10750000000000001 0.097777
0 0.4978125 0.6733335 0.669375 0.566667
0 0.22468749999999998 0.21666649999999998 0.03937500000000002 0.10888899999999999
0 0.264375 0.297778 0.047500000000000014 0.10222200000000001
0 0.335 0.3955555 0.10875000000000001 0.33555499999999994
0 0.501875 0.37833300000000003 0.05124999999999996 0.127778
0 0.56875 0.4422225 0.10250000000000004 0.07333299999999998
0 0.77625 0.187222 0.15874999999999995 0.14555600000000002
0 0.8403125 0.077778 0.09687500000000004 0.095556
