0 0.028125 0.0475 0.03625 0.04666599999999999
0 0.0396875 0.1591665 0.015625 0.03666699999999998
0 0.1303125 0.2195835 0.020625000000000004 0.025833000000000023
0 0.20500000000000002 0.20541700000000002 0.014999999999999986 0.0325
0 0.23281249999999998 0.2358335 0.014374999999999999 0.028332999999999997
0 0.30093749999999997 0.135 0.019374999999999976 0.014999999999999986
0 0.3309375 0.1654165 0.01937500000000003 0.02083299999999999
0 0.4053125 0.348333 0.06187500000000001 0.050000000000000044
0 0.48531250000000004 0.41000000000000003 0.023125000000000007 0.041666000000000036
0 0.5040625 0.2179165 0.02437499999999998 0.025833000000000023
0 0.5040625000000001 0.19125 0.01937500000000003 0.02416600000000002
0 0.5175 0.23249999999999998 0.010000000000000009 0.016665999999999986
0 0.5246875 0.22375 0.014375000000000027 0.014166000000000012
0 0.5565625000000001 0.0795835 0.018125000000000058 0.024166999999999994
0 0.5678125 0.3254165 0.020625000000000004 0.02416700000000005
0 0.5653125 0.23375 0.013125000000000053 0.024165999999999993
0 0.5834375 0.3220835 0.018125000000000058 0.02083299999999999
0 0.5965625 0.33458350000000003 0.015625 0.029167
0 0.6171875 0.302083 0.028124999999999956 0.022499999999999964
0 0.7037500000000001 0.27875 0.036250000000000004 0.02749999999999997
0 0.6925 0.04625 0.011249999999999982 0.014165999999999998
0 0.7103124999999999 0.0533335 0.020625000000000004 0.016667
0 0.7434375 0.03625 0.018124999999999947 0.020834000000000002
0 0.8534375000000001 0.2920835 0.020625000000000004 0.025832999999999995
0 0.8728125 0.354583 0.02562500000000001 0.027500000000000024
0 0.8934375 0.3729165 0.008124999999999938 0.025832999999999995
0 0.9559375 0.022083500000000002 0.026874999999999982 0.024167
0 0.9859375 0.399583 0.026874999999999982 0.027500000000000024
