0 0.8321875000000001 0.7706379999999999 0.30437499999999995 0.134146
0 0.0665625 0.3231705 0.133125 0.182927
0 0.5015625 0.8105070000000001 0.995625 0.23827399999999999
0 0.1965625 0.5586305 0.221875 0.17729899999999998
0 0.26687500000000003 0.59334 0.30375 0.280488
0 0.2921875 0.295966 0.233125 0.10975599999999999
0 0.45375 0.2002815 0.355 0.12476500000000001
0 0.396875 0.525328 0.21999999999999997 0.17073199999999994
0 0.446875 0.454034 0.15375000000000005 0.09005600000000002
0 0.5853125 0.6683865 0.24312500000000004 0.13414700000000002
0 0.5865625 0.4648215 0.23062500000000002 0.18105100000000002
0 0.8475 0.295497 0.25 0.238274
0 0.7890625 0.30394 0.11312499999999992 0.10506599999999999
0 0.8359375 0.554878 0.17062500000000003 0.17354599999999998
0 0.900625 0.37242 0.14375000000000004 0.13133199999999995
