0 0.084375 0.39212 0.10125 0.16135
0 0.25875 0.2560975 0.38 0.287055
0 0.19125 0.71576 0.20500000000000002 0.25703599999999993
0 0.2875 0.486867 0.12999999999999998 0.22326400000000002
0 0.3875 0.8011254999999999 0.26250000000000007 0.18011300000000008
0 0.301875 0.2148215 0.08875 0.20825499999999997
0 0.360625 0.4812385 0.07375000000000004 0.099437
0 0.499375 0.806754 0.21125 0.21763600000000005
0 0.555 0.555347 0.19 0.26641600000000004
0 0.5375 0.3095685 0.1325 0.24015100000000003
0 0.63 0.774859 0.15749999999999997 0.19136999999999993
0 0.7475 0.89212 0.30999999999999994 0.196998
0 0.643125 0.502814 0.08875 0.08255199999999996
0 0.7025 0.393058 0.0625 0.11444599999999999
0 0.76125 0.6482175 0.09250000000000003 0.099437
0 0.839375 0.518762 0.09125000000000005 0.15572200000000003
