0 0.4996875 0.4995835 0.999375 0.999167
0 0.1646875 0.9679165000000001 0.029375000000000012 0.029167000000000054
0 0.2021875 0.9375 0.06812499999999999 0.061666
0 0.190625 0.8433335 0.027499999999999997 0.043332999999999955
0 0.2415625 0.8470835 0.013125000000000026 0.03916699999999995
0 0.268125 0.9716670000000001 0.057499999999999996 0.05500000000000005
0 0.5903125 0.9870835 0.015625 0.02416700000000005
0 0.675 0.0345835 0.06874999999999998 0.069167
0 0.7996875 0.525 0.046875 0.040000000000000036
0 0.81125 0.41875 0.02375000000000005 0.030834000000000028
0 0.9353125 0.7945835 0.046875 0.02416700000000005
0 0.9359375000000001 0.940833 0.04062500000000002 0.03500000000000003
0 0.943125 0.865 0.03374999999999995 0.04833399999999999
0 0.948125 0.974583 0.03374999999999995 0.03249999999999997
0 0.9634375 0.8287500000000001 0.05937500000000007 0.03749999999999998
0 0.9821875 0.6325000000000001 0.034375000000000044 0.03833399999999998
0 0.9828125000000001 0.9595834999999999 0.03312499999999996 0.03416699999999995
0 0.988125 0.8795835000000001 0.022499999999999964 0.029167000000000054
