0 0.0200195 0.184896 0.040039 0.02604200000000001
0 0.016113000000000002 0.064453 0.020508000000000002 0.027344
0 0.027832 0.201823 0.024413999999999998 0.03645799999999999
0 0.0429685 0.8339845 0.029297 0.053385000000000016
0 0.04541 0.2447915 0.03418 0.02083299999999999
0 0.055664 0.6946615 0.027343999999999993 0.029947000000000057
0 0.07666049999999999 0.419922 0.022460999999999995 0.04036400000000001
0 0.0859375 0.4973955 0.019530999999999993 0.018228999999999995
0 0.08691399999999999 0.0709635 0.019532000000000008 0.024739000000000004
0 0.10400400000000001 0.8463544999999999 0.04589800000000001 0.02083299999999999
0 0.12109349999999999 0.092448 0.015624999999999986 0.028646000000000005
0 0.13525399999999999 0.2233075 0.010742000000000002 0.022134999999999988
0 0.15039049999999998 0.7701819999999999 0.03320300000000001 0.06380200000000003
0 0.1450195 0.10221350000000001 0.012695000000000012 0.022135000000000002
0 0.152344 0.5221355 0.009765999999999997 0.049478999999999995
0 0.1879885 0.0214845 0.018554999999999988 0.016926999999999998
0 0.2231445 0.08658850000000001 0.010743000000000003 0.009114999999999998
0 0.236328 0.1432295 0.021484000000000003 0.018228999999999995
0 0.26709 0.0227865 0.014647999999999994 0.014322999999999999
0 0.288574 0.0390625 0.006835999999999953 0.013021000000000005
0 0.326172 0.5891930000000001 0.019531999999999994 0.029947999999999975
0 0.351074 0.753255 0.06152400000000002 0.055989999999999984
0 0.341309 0.1100265 0.010741999999999974 0.014323000000000002
0 0.35644549999999997 0.605469 0.01171899999999998 0.02604200000000001
0 0.3847655 0.2877605 0.007813000000000014 0.026041000000000036
0 0.3994145 0.1126305 0.015625 0.016926999999999998
0 0.398926 0.3684895 0.006835999999999953 0.023436999999999986
0 0.414551 0.5039065 0.03222599999999998 0.015625000000000056
0 0.4194335 0.3971355 0.026366999999999974 0.026041000000000036
0 0.4321285 0.5488284999999999 0.02246100000000001 0.014322999999999975
0 0.461914 0.6835935 0.027344000000000035 0.01822899999999994
0 0.45800799999999997 0.1640625 0.013671999999999962 0.015625
0 0.461914 0.5260415 0.013672000000000017 0.026041000000000092
0 0.4760745 0.574219 0.02636700000000003 0.03645799999999999
0 0.493164 0.4036455 0.02343799999999996 0.018228999999999995
0 0.4951175 0.6009115 0.019530999999999965 0.022135000000000016
0 0.4956055 0.6204425 0.018554999999999988 0.024739000000000066
0 0.5004885 0.8867185 0.02246100000000001 0.01822899999999994
0 0.49658199999999997 0.734375 0.010741999999999974 0.02083400000000002
0 0.5146485000000001 0.3326825 0.011718999999999924 0.016927000000000025
0 0.515625 0.4088545 0.00781199999999993 0.015625
0 0.5322265 0.2239585 0.013670999999999989 0.02083299999999999
0 0.5400395 0.6315105 0.015625 0.03385499999999997
0 0.5463865 0.813151 0.014648999999999912 0.037760000000000016
0 0.550293 0.5377605000000001 0.014647999999999994 0.02083299999999999
0 0.550781 0.1510415 0.013672000000000017 0.015625
0 0.5581054999999999 0.7526045 0.0068350000000000355 0.01822900000000005
0 0.5634764999999999 0.2415365 0.007812999999999959 0.006511000000000017
0 0.5693355 0.9472659999999999 0.015625 0.027343999999999924
0 0.568848 0.3554685 0.01074200000000003 0.02083299999999999
0 0.5791014999999999 0.2734375 0.009764999999999913 0.02083299999999999
0 0.5849610000000001 0.6022135 0.017577999999999983 0.024738999999999955
0 0.5849610000000001 0.8196615 0.017577999999999983 0.024738999999999955
0 0.588379 0.466146 0.014647999999999994 0.01041599999999998
0 0.5869139999999999 0.4934895 0.009766000000000052 0.023436999999999986
0 0.5961915 0.2083335 0.008788999999999936 0.018228999999999995
0 0.60791 0.4726565 0.006835999999999953 0.01041700000000001
0 0.626953 0.9674475 0.02343800000000007 0.01822900000000005
0 0.632324 0.5983075 0.024413999999999936 0.011719000000000035
0 0.6289065 0.2786455 0.011719000000000035 0.02083299999999999
0 0.633301 0.7408855 0.014647999999999994 0.02604099999999998
0 0.64209 0.3567705 0.006835999999999953 0.01041700000000001
0 0.658203 0.746094 0.035155999999999965 0.02604200000000001
0 0.655762 0.3138025 0.010741999999999918 0.015625
0 0.6674804999999999 0.8808595 0.014649000000000023 0.040364999999999984
0 0.67041 0.8320315 0.010741999999999918 0.02083299999999999
0 0.675781 0.313802 0.009766000000000052 0.010416000000000036
0 0.6918945 0.7923175 0.030272999999999994 0.016926999999999914
0 0.6831054999999999 0.345052 0.0068350000000000355 0.013019999999999976
0 0.6943355 0.7695315 0.015625 0.007812999999999959
0 0.7060545 0.985026 0.029297000000000017 0.024739999999999984
0 0.6967775 0.1126305 0.008789000000000047 0.019531000000000007
0 0.6972655 0.203125 0.009765000000000024 0.01041599999999998
0 0.699219 0.15039049999999998 0.013672000000000017 0.024738999999999983
0 0.703613 0.2766925 0.010741999999999918 0.016927000000000025
0 0.7080075 0.03125 0.011719000000000035 0.01823
0 0.708008 0.2428385 0.009766000000000052 0.019530999999999993
0 0.7177735000000001 0.2734375 0.009764999999999913 0.02083299999999999
0 0.7236324999999999 0.21875 0.0019529999999999825 0.01041599999999998
0 0.7309570000000001 0.35546849999999997 0.004881999999999942 0.007813000000000014
0 0.7436525 0.31705700000000003 0.008789000000000047 0.02734399999999998
0 0.748047 0.28971349999999996 0.00781199999999993 0.01171899999999998
0 0.7592775 0.8125 0.022460999999999953 0.02343800000000007
0 0.765137 0.334635 0.02050800000000008 0.028646000000000005
0 0.7651365 0.360026 0.008788999999999936 0.011718000000000006
0 0.7680665 0.2714845 0.010742999999999947 0.006510999999999989
0 0.7744145 0.138672 0.015625 0.019531999999999994
0 0.7993165 0.94987 0.05761700000000003 0.024739999999999984
0 0.7788090000000001 0.30208349999999995 0.006835999999999953 0.013021000000000005
0 0.7944340000000001 0.6907555000000001 0.03808599999999995 0.016927000000000025
0 0.7822264999999999 0.4427085 0.007812999999999959 0.015625
0 0.7934574999999999 0.203776 0.022460999999999953 0.016928
0 0.7905275 0.24674449999999998 0.014649000000000023 0.022134999999999988
0 0.816406 0.6315105 0.017577999999999983 0.02604099999999998
0 0.8339845 0.24414049999999998 0.009765000000000024 0.009115000000000012
0 0.8457034999999999 0.3098955 0.019531000000000076 0.013021000000000005
0 0.8525389999999999 0.2473955 0.017577999999999983 0.015625
0 0.8535155 0.1451825 0.011719000000000035 0.006510999999999989
0 0.8872070000000001 0.764974 0.03417999999999999 0.016927999999999943
0 0.8793945000000001 0.19335950000000002 0.012695000000000012 0.009115000000000012
0 0.890137 0.47265599999999997 0.03417999999999999 0.028646000000000005
0 0.8881835 0.169271 0.02832100000000004 0.02604200000000001
0 0.898926 0.69987 0.014647999999999994 0.032551999999999914
0 0.9047855 0.565104 0.02636700000000003 0.02343799999999996
0 0.911133 0.23242200000000002 0.007812000000000041 0.006509999999999988
0 0.9228514999999999 0.7727865 0.021485000000000087 0.027343000000000006
0 0.9311525 0.8652345 0.022460999999999953 0.040364999999999984
0 0.9311525 0.41015650000000003 0.014649000000000023 0.039063000000000014
0 0.932129 0.063802 0.01269600000000004 0.036458000000000004
0 0.936035 0.1171875 0.01855400000000007 0.018228999999999995
0 0.940918 0.2727865 0.016602000000000006 0.016927000000000025
0 0.9472659999999999 0.24869799999999997 0.027343999999999924 0.031249999999999972
0 0.9472659999999999 0.1640625 0.013672000000000017 0.015625
0 0.969238 0.626953 0.03808599999999995 0.040364000000000066
0 0.9746095 0.1614585 0.019530999999999965 0.023436999999999986
0 0.982422 0.828776 0.03125 0.024739999999999984
0 0.9858395 0.2708335 0.022461000000000064 0.02083299999999999
0 0.989746 0.15950550000000002 0.01855399999999996 0.019530999999999993
0 0.9907225 0.209635 0.016600999999999977 0.03125
