0 0.1284375 0.2696995 0.07062500000000001 0.032833
0 0.3559375 0.03424 0.05937500000000001 0.06848
0 0.43656249999999996 0.110694 0.033125000000000016 0.022514000000000006
0 0.4371875 0.6505624999999999 0.016874999999999973 0.032833
0 0.4559375 0.130863 0.013124999999999998 0.03658600000000001
0 0.4803125 0.1472795 0.020625000000000004 0.018761
0 0.4865625 0.12054400000000001 0.02812500000000001 0.01970000000000001
0 0.5121875 0.106942 0.018124999999999947 0.015009999999999996
0 0.520625 0.184803 0.023749999999999938 0.02063799999999999
0 0.5175000000000001 0.118668 0.012500000000000067 0.023452000000000015
0 0.5531250000000001 0.467167 0.06874999999999998 0.061914000000000025
0 0.5428125 0.11538500000000002 0.028124999999999956 0.020638000000000004
0 0.5771875 0.152908 0.08562499999999995 0.150094
0 0.5590625 0.24155700000000002 0.024375000000000036 0.01594799999999999
0 0.566875 0.2654785 0.013749999999999929 0.009380999999999973
0 0.5821875 0.27345200000000003 0.024375000000000036 0.021575999999999984
0 0.605625 0.6993434999999999 0.05125000000000002 0.030957000000000012
0 0.6034375000000001 0.2523455 0.018125000000000058 0.013132999999999978
0 0.6184375 0.2889305 0.018124999999999947 0.009381000000000028
0 0.6259375 0.26735450000000005 0.021874999999999978 0.013133000000000006
0 0.6303125 0.7242029999999999 0.025624999999999898 0.022514000000000034
0 0.6428125 0.237805 0.02562500000000001 0.01594799999999999
0 0.6475 0.2673545 0.016249999999999987 0.009380999999999973
0 0.6609375 0.20309549999999998 0.038125000000000075 0.038460999999999995
0 0.6590625 0.7321759999999999 0.016874999999999973 0.023451999999999917
0 0.675 0.261726 0.022500000000000075 0.016886000000000012
0 0.6737500000000001 0.2326455 0.01749999999999996 0.013133000000000006
0 0.6959375000000001 0.2345215 0.021874999999999978 0.013133000000000006
0 0.7134375 0.204034 0.02312499999999995 0.021576000000000012
0 0.7128125000000001 0.2223265 0.01937500000000003 0.015008999999999995
0 0.7315625 0.2570355 0.018124999999999947 0.011257000000000017
0 0.7503125 0.2434335 0.02562500000000001 0.01594699999999999
0 0.7609375 0.21106950000000002 0.015625 0.01125699999999999
0 0.7621875 0.18105100000000002 0.018124999999999947 0.020638000000000017
0 0.7946875 0.204972 0.02187500000000009 0.019700000000000023
0 0.7965625000000001 0.228893 0.020625000000000004 0.020638000000000017
0 0.8196875 0.24249500000000002 0.018124999999999947 0.025328000000000017
0 0.8325 0.216698 0.015000000000000013 0.018762
0 0.8378125000000001 0.19371500000000003 0.02312499999999995 0.023452
0 0.9165625 0.557223 0.16562500000000002 0.395872
0 0.8559375 0.2570355 0.023125000000000062 0.007505000000000039
0 0.8590625000000001 0.2349905 0.026875000000000093 0.02532899999999999
0 0.8709375 0.270169 0.015625 0.015009999999999968
0 0.88625 0.280019 0.010000000000000009 0.019699999999999995
0 0.8921874999999999 0.25984999999999997 0.01937500000000003 0.024389999999999995
0 0.9146875 0.23874299999999998 0.018124999999999947 0.01782399999999998
0 0.9293750000000001 0.2542215 0.01375000000000004 0.01688500000000001
0 0.935 0.19559100000000001 0.0050000000000000044 0.023452
0 0.9440625 0.172139 0.020625000000000004 0.01594799999999999
