0 0.0982145 0.9709375 0.157143 0.02937499999999993
0 0.1098215 0.853125 0.18035700000000002 0.03249999999999997
0 0.10535699999999999 0.818125 0.160714 0.02750000000000008
0 0.1035715 0.9293750000000001 0.146429 0.01375000000000004
0 0.11071399999999999 0.026875000000000003 0.160714 0.02875
0 0.5080355 0.5040625 0.758929 0.673125
0 0.30625 0.029375 0.151786 0.027499999999999997
0 0.489286 0.0259375 0.17500000000000004 0.020624999999999998
0 0.4982145 0.971875 0.15714300000000003 0.02749999999999997
0 0.6964285 0.0265625 0.18214299999999994 0.025625000000000002
0 0.8857145 0.9684375000000001 0.17142899999999994 0.024374999999999925
0 0.889286 0.025 0.16428599999999993 0.028749999999999998
0 0.8839285 0.06625 0.14642899999999992 0.0325
0 0.8964289999999999 0.17375000000000002 0.15000000000000002 0.03624999999999998
0 0.8866069999999999 0.2490625 0.12321400000000005 0.03562499999999996
0 0.89375 0.20875 0.13750000000000007 0.023749999999999993
