0 0.0075 0.3641665 0.015 0.06333299999999997
0 0.0134375 0.8400000000000001 0.026875 0.04833399999999999
0 0.0140625 0.7320835 0.028125 0.07916699999999999
0 0.026250000000000002 0.7887500000000001 0.0325 0.06916599999999995
0 0.0384375 0.35833349999999997 0.023125000000000003 0.096667
0 0.068125 0.84625 0.0825 0.06416600000000006
0 0.0640625 0.25916700000000004 0.061875 0.08500000000000002
0 0.0784375 0.1366665 0.051875 0.046667
0 0.0728125 0.187917 0.016875 0.07250000000000001
0 0.0978125 0.5958335 0.025624999999999995 0.06833299999999998
0 0.128125 0.425417 0.07625000000000001 0.07250000000000001
0 0.1359375 0.6516664999999999 0.08937500000000001 0.043332999999999955
0 0.13125 0.9454165 0.048750000000000016 0.04416700000000007
0 0.148125 0.51125 0.0675 0.08583399999999997
0 0.16375 0.8141665 0.0675 0.10666700000000007
0 0.2559375 0.6683335 0.024375000000000008 0.04833299999999996
0 0.281875 0.5716665000000001 0.044999999999999984 0.06166700000000003
0 0.28312499999999996 0.09625 0.044999999999999984 0.08583400000000002
0 0.3075 0.2375 0.07125000000000004 0.05500000000000002
0 0.32625 0.79375 0.0625 0.0675
0 0.34125 0.4933335 0.03249999999999997 0.09166699999999994
0 0.3496875 0.742083 0.046875 0.02749999999999997
0 0.3521875 0.878333 0.051875000000000004 0.08999999999999997
0 0.395 0.4883335 0.04625000000000001 0.06333300000000003
0 0.4234375 0.249583 0.023125000000000007 0.04749999999999999
0 0.4234375 0.468333 0.023125000000000007 0.08000000000000002
0 0.474375 0.912917 0.02749999999999997 0.02749999999999997
0 0.48187500000000005 0.242083 0.04250000000000004 0.0875
0 0.4821875 0.367917 0.021874999999999978 0.07750000000000001
0 0.5034375 0.1220835 0.044375 0.11416699999999999
0 0.5271875 0.7720834999999999 0.024375000000000036 0.12583299999999997
0 0.55125 0.263333 0.04625000000000001 0.04500000000000001
0 0.569375 0.639583 0.028749999999999942 0.08750000000000002
0 0.6168750000000001 0.7025 0.07500000000000007 0.06499999999999995
0 0.5965625 0.28500000000000003 0.023125000000000062 0.09500000000000003
0 0.6240625 0.9612499999999999 0.055625000000000036 0.07583400000000007
0 0.6287499999999999 0.6225 0.036250000000000004 0.1150000000000001
0 0.7134375 0.6275 0.0893750000000001 0.09166599999999991
0 0.70625 0.4375 0.05125000000000002 0.05166599999999999
0 0.7075 0.2754165 0.03374999999999995 0.09583299999999997
0 0.77125 0.8025 0.11499999999999999 0.08333400000000002
0 0.763125 0.6545835 0.0675 0.08583300000000005
0 0.7528125 0.319583 0.02562500000000001 0.08750000000000002
0 0.8734375000000001 0.4175 0.021874999999999978 0.09500000000000003
0 0.90625 0.47250000000000003 0.04875000000000007 0.03999999999999998
0 0.9534374999999999 0.8087500000000001 0.05062500000000003 0.07083399999999995
0 0.9715625 0.8987499999999999 0.02187500000000009 0.040833999999999926
