0 0.021875 0.3958335 0.04375 0.04166700000000001
0 0.033125 0.8833335 0.065 0.016666999999999987
0 0.026875 0.4175 0.03875 0.02166600000000002
0 0.049374999999999995 0.25375 0.07375 0.035834000000000005
0 0.0740625 0.6120835 0.101875 0.029166999999999943
0 0.065625 0.40875 0.0675 0.029166000000000025
0 0.1196875 0.4904165 0.12437500000000001 0.030833
0 0.108125 0.1333335 0.04875 0.053333000000000005
0 0.1534375 0.4179165 0.06937499999999999 0.025832999999999995
0 0.2215625 0.620417 0.10062499999999996 0.022499999999999964
0 0.2365625 0.3945835 0.08687500000000004 0.030833
0 0.244375 0.81875 0.008750000000000008 0.125834
0 0.32999999999999996 0.11875 0.11625000000000002 0.034166000000000016
0 0.35375 0.2045835 0.15500000000000003 0.08583299999999999
0 0.3471875 0.9470835 0.10812499999999997 0.04083300000000001
0 0.34062499999999996 0.289167 0.06 0.03500000000000003
0 0.351875 0.3733335 0.07874999999999999 0.058333000000000024
0 0.379375 0.63375 0.12625000000000003 0.07583400000000007
0 0.3653125 0.4529165 0.05687500000000001 0.02083299999999999
0 0.3996875 0.24166700000000002 0.05812500000000004 0.095
0 0.39875 0.9879169999999999 0.01749999999999996 0.022500000000000075
0 0.449375 0.8354165 0.11875000000000002 0.03416700000000006
0 0.4434375 0.3679165 0.08937499999999998 0.029167
0 0.44718749999999996 0.04625 0.08687499999999998 0.037500000000000006
0 0.475 0.6829164999999999 0.11624999999999996 0.09083300000000005
0 0.5165625 0.0945835 0.05937500000000001 0.030833
0 0.5815625 0.29416699999999996 0.09937499999999999 0.05499999999999999
0 0.645 0.77125 0.16125 0.06916600000000006
0 0.64625 0.445 0.03249999999999997 0.066666
0 0.740625 0.6654165000000001 0.11250000000000004 0.07416699999999998
0 0.763125 0.6329165 0.10875000000000001 0.0741670000000001
0 0.7975 0.4845835 0.07624999999999993 0.08416699999999999
0 0.809375 0.834167 0.04375000000000007 0.11499999999999999
0 0.8740625 0.8804165 0.10062499999999996 0.025832999999999995
0 0.88375 0.9733335000000001 0.11499999999999999 0.05166700000000002
0 0.8753124999999999 0.405417 0.09062500000000007 0.03250000000000003
0 0.939375 0.8670835 0.07374999999999998 0.0741670000000001
0 0.9509375 0.2045835 0.09687500000000004 0.030833
0 0.9528125000000001 0.457917 0.09312500000000001 0.03750000000000003
0 0.9775 0.28375 0.04375000000000007 0.030834000000000028
