0 0.0753125 0.0583335 0.150625 0.113333
0 0.03875 0.734167 0.07625 0.21500000000000008
0 0.1159375 0.1870835 0.18562499999999998 0.18083300000000002
0 0.13218749999999999 0.906667 0.21812499999999999 0.18500000000000005
0 0.1771875 0.78 0.20062500000000003 0.12
0 0.45062500000000005 0.4445835 0.6775 0.41916700000000007
0 0.1634375 0.04625 0.10062499999999999 0.0925
0 0.379375 0.158333 0.24499999999999994 0.16499999999999998
0 0.2721875 0.055 0.025624999999999953 0.09000000000000001
0 0.3571875 0.0395835 0.09312500000000001 0.079167
0 0.4484375 0.75 0.25187499999999996 0.2250000000000001
0 0.38593750000000004 0.965 0.09062500000000001 0.063334
0 0.4465625 0.944167 0.15812500000000002 0.10499999999999998
0 0.6021875 0.12708350000000002 0.10687500000000005 0.124167
0 0.7021875 0.93625 0.20937499999999998 0.125834
0 0.6965625 0.662917 0.171875 0.10750000000000004
0 0.669375 0.0120835 0.10750000000000004 0.024167
0 0.7093750000000001 0.1275 0.10750000000000004 0.16499999999999998
0 0.8200000000000001 0.8495835 0.15000000000000002 0.08083300000000004
0 0.8534375000000001 0.0908335 0.09312500000000001 0.10666699999999998
0 0.90625 0.42 0.18625000000000003 0.193334
0 0.9096875 0.24583300000000002 0.13312499999999994 0.1
0 0.93625 0.5129165 0.12375000000000003 0.06916699999999998
