0 0.104375 0.5182925 0.044999999999999984 0.09287099999999998
0 0.1209375 0.427298 0.041874999999999996 0.12851800000000002
0 0.1965625 0.32598499999999997 0.041874999999999996 0.10788000000000003
0 0.240625 0.772983 0.03875000000000001 0.08255199999999996
0 0.2515625 0.5642590000000001 0.044375 0.11538400000000004
0 0.296875 0.3386495 0.04125000000000001 0.10131299999999999
0 0.390625 0.3095685 0.040000000000000036 0.144465
0 0.4309375 0.8461540000000001 0.06312500000000004 0.08630400000000005
0 0.49687499999999996 0.3297375 0.06124999999999997 0.126641
0 0.5084375 0.4835835 0.07437500000000002 0.10787899999999995
0 0.54 0.6693245000000001 0.057499999999999996 0.098499
0 0.6840625 0.446529 0.06937499999999996 0.15197000000000005
0 0.7250000000000001 0.650094 0.06625000000000003 0.1294559999999999
0 0.8984375 0.5783305 0.08812500000000001 0.18855499999999997
