0 0.1049805 0.595052 0.209961 0.12760400000000005
0 0.31542950000000003 0.434896 0.11718699999999999 0.07031200000000004
0 0.345215 0.5579425 0.139648 0.07942699999999991
0 0.4243165 0.420573 0.11035099999999998 0.122396
0 0.540039 0.3333335 0.12695400000000007 0.10156299999999996
0 0.543457 0.2395835 0.08300799999999997 0.06770900000000002
0 0.5532225 0.2708335 0.04394500000000001 0.06770900000000002
0 0.656738 0.251953 0.13574199999999992 0.12109400000000001
0 0.678711 0.7233075 0.125 0.22526099999999993
0 0.705078 0.5735675 0.11523400000000006 0.10546900000000003
0 0.7973635 0.8847655 0.022461000000000064 0.050780999999999965
