0 0.1288805 0.98 0.092191 0.03249999999999997
0 0.2031985 0.3275 0.15992499999999998 0.03249999999999997
0 0.25070549999999997 0.30125 0.15145899999999998 0.06875000000000003
0 0.257291 0.2509375 0.10253999999999996 0.03562499999999999
0 0.35465650000000004 0.846875 0.174977 0.07999999999999996
0 0.44355600000000006 0.525 0.35277600000000003 0.05125000000000002
0 0.31514600000000004 0.33875 0.07902199999999998 0.03375
0 0.3584195 0.9196875 0.12605900000000003 0.06812499999999999
0 0.36171200000000003 0.9553125 0.09501399999999999 0.034375000000000044
0 0.40498599999999996 0.973125 0.15710200000000002 0.05249999999999999
0 0.49247450000000004 0.1746875 0.290687 0.11312500000000002
0 0.45672599999999997 0.839375 0.130762 0.05125000000000002
0 0.441204 0.2859375 0.09031 0.030625000000000013
0 0.4981185 0.099375 0.19285099999999994 0.11624999999999999
0 0.515522 0.12406249999999999 0.16745 0.025624999999999995
0 0.505174 0.62625 0.13546600000000003 0.07499999999999996
0 0.5644405 0.8759375 0.20319899999999996 0.09062500000000007
0 0.548918 0.2628125 0.074318 0.015625
0 0.566792 0.3421875 0.07996199999999998 0.026875000000000038
0 0.6030105 0.289375 0.11100700000000008 0.03749999999999998
0 0.6712135 0.755625 0.19096899999999994 0.07125000000000004
0 0.6481655 0.8359375 0.12793899999999991 0.030624999999999902
0 0.6980245 0.415625 0.12605900000000003 0.08500000000000002
0 0.7267170000000001 0.286875 0.17215400000000003 0.08374999999999999
0 0.873001 0.094375 0.10536199999999996 0.017499999999999988
0 0.9520225 0.7565625 0.09407300000000007 0.073125
0 0.9675445 0.0628125 0.063029 0.090625
0 0.9595485 0.143125 0.04139300000000001 0.036250000000000004
0 0.970367 0.24562499999999998 0.05738399999999999 0.018750000000000017
