0 0.0115625 0.0230045 0.023125 0.046009
0 0.061875 0.11361550000000001 0.12375 0.086385
0 0.095 0.2676055 0.10625000000000001 0.08638500000000002
0 0.15968749999999998 0.2206575 0.18687499999999999 0.07511699999999999
0 0.1603125 0.165258 0.17562500000000003 0.067606
0 0.15375 0.3169015 0.09375 0.04037500000000005
0 0.1784375 0.27605599999999997 0.12687500000000002 0.06572799999999998
0 0.32875 0.6600935 0.20375 0.08075100000000002
0 0.254375 0.6985915 0.04874999999999999 0.14835699999999996
0 0.3546875 0.7497655000000001 0.08187500000000003 0.126761
0 0.3878125 0.17652600000000002 0.148125 0.15962400000000002
0 0.401875 0.1122065 0.15375 0.057276999999999995
0 0.45687500000000003 0.79108 0.18750000000000006 0.1981219999999999
0 0.431875 0.053521 0.09125 0.067606
0 0.5003124999999999 0.371831 0.176875 0.146478
0 0.46906250000000005 0.874648 0.10937500000000006 0.10422599999999993
0 0.459375 0.5915495000000001 0.05624999999999997 0.20093900000000003
0 0.5575 0.234742 0.19124999999999998 0.07136200000000004
0 0.55 0.6868544999999999 0.09875 0.14741700000000002
0 0.5709375000000001 0.5765255 0.125625 0.08826299999999998
0 0.584375 0.733333 0.14625 0.234742
0 0.5690625 0.13662 0.104375 0.198122
0 0.536875 0.601878 0.03125 0.13145600000000002
0 0.68625 0.1342725 0.14125 0.082629
0 0.885 0.35305149999999996 0.16125 0.07699499999999998
0 0.8978125 0.190141 0.18437499999999996 0.09108
0 0.91125 0.1 0.17625000000000002 0.059154
0 0.91125 0.2788735 0.13749999999999996 0.08262899999999998
