0 0.19874999999999998 0.0895835 0.08249999999999999 0.034167
0 0.2715625 0.14375 0.09187500000000001 0.035834000000000005
0 0.35531250000000003 0.23833300000000002 0.014374999999999971 0.095
0 0.4125 0.4979165 0.09125 0.05083300000000007
0 0.4653125 0.25125000000000003 0.029374999999999984 0.11083400000000002
0 0.5471874999999999 0.269167 0.06937500000000008 0.060000000000000026
0 0.5465625000000001 0.3629165 0.009375000000000022 0.07583299999999998
0 0.614375 0.3725 0.0462499999999999 0.046665999999999985
0 0.6171875 0.08625 0.05187499999999989 0.0825
0 0.7106250000000001 0.40958300000000003 0.04999999999999993 0.08249999999999996
0 0.8190625 0.265417 0.014375000000000027 0.08250000000000002
0 0.8903125000000001 0.3375 0.011874999999999969 0.10333399999999998
0 0.9309375 0.557083 0.030625000000000013 0.0774999999999999
0 0.94375 0.1729165 0.007500000000000062 0.115833
