0 0.09433949999999999 0.36217299999999997 0.167547 0.11468799999999996
0 0.2343395 0.5070425000000001 0.13509500000000002 0.09255500000000005
0 0.21811350000000002 0.1876255 0.030188999999999994 0.03118700000000002
0 0.408679 0.496479 0.344906 0.33299799999999996
0 0.3226415 0.3772635 0.077735 0.04627699999999996
0 0.34339600000000003 0.34054300000000004 0.046792 0.05331999999999998
0 0.6667925 0.5719315 0.10792500000000005 0.08953699999999998
0 0.8169815 0.137324 0.015849000000000002 0.05533199999999999
0 0.888302 0.221328 0.04377399999999998 0.040242
0 0.897736 0.222837 0.041509999999999936 0.019113999999999992
