0 0.2878125 0.30760200000000004 0.03437499999999999 0.362852
0 0.32125000000000004 0.302508 0.03875000000000001 0.30094
0 0.3328125 0.7460815000000001 0.05312499999999998 0.304075
0 0.3625 0.6144205 0.08250000000000002 0.49216299999999996
0 0.35 0.2923195 0.05499999999999999 0.31504699999999997
0 0.39 0.2750785 0.04125000000000001 0.26645699999999994
0 0.433125 0.5897335 0.07 0.400471
0 0.4221875 0.3013325 0.03687499999999999 0.32993700000000004
0 0.49187499999999995 0.6539969999999999 0.12499999999999994 0.588558
0 0.45062500000000005 0.251959 0.028749999999999998 0.240596
0 0.4940625 0.267241 0.06312499999999999 0.27115999999999996
0 0.5234375 0.2829155 0.034375000000000044 0.33699100000000004
0 0.5659375 0.594044 0.09187499999999993 0.46395
0 0.5640624999999999 0.2543105 0.01937500000000003 0.22805700000000004
0 0.6009375 0.252743 0.08187499999999992 0.359718
0 0.6321875 0.6265674999999999 0.09812500000000002 0.586991
0 0.65625 0.25862050000000003 0.04499999999999993 0.31661500000000004
0 0.681875 0.7950625 0.05499999999999994 0.2578370000000001
0 0.6846875 0.4259405 0.038124999999999964 0.17006299999999996
0 0.7065625 0.26097149999999997 0.06312499999999999 0.33542299999999997
