0 0.4984375 0.3391665 0.996875 0.678333
0 0.0103125 0.2079165 0.019375 0.024166999999999994
0 0.017812500000000002 0.24624999999999997 0.030625000000000003 0.010833999999999983
0 0.03625 0.48124999999999996 0.0325 0.02250000000000002
0 0.0403125 0.56125 0.034375 0.03416600000000003
0 0.0553125 0.280417 0.025625000000000002 0.03750000000000003
0 0.0565625 0.16625 0.02812499999999999 0.012499999999999983
0 0.071875 0.6475 0.051250000000000004 0.03500000000000003
0 0.0659375 0.249583 0.021875 0.017499999999999988
0 0.07125000000000001 0.0229165 0.027500000000000004 0.015833
0 0.07906250000000001 0.6070835 0.043125000000000004 0.019166999999999934
0 0.071875 0.3554165 0.012499999999999997 0.029167
0 0.0846875 0.42291650000000003 0.023125000000000007 0.01583300000000004
0 0.0978125 0.1091665 0.035625000000000004 0.033333
0 0.1134375 0.46041699999999997 0.023125000000000007 0.02250000000000002
0 0.1209375 0.2575 0.018125000000000002 0.036666000000000004
0 0.1478125 0.3416665 0.05812500000000001 0.05666700000000002
0 0.1403125 0.432917 0.030625000000000013 0.022499999999999964
0 0.1434375 0.25458349999999996 0.024375000000000008 0.024166999999999994
0 0.1459375 0.1729165 0.019375000000000003 0.035833000000000004
0 0.15437499999999998 0.14375 0.03624999999999998 0.025833999999999996
0 0.1884375 0.29375 0.023125000000000007 0.019166000000000016
0 0.1978125 0.06791649999999999 0.021874999999999978 0.015833
0 0.20906249999999998 0.4095835 0.020624999999999977 0.024166999999999994
0 0.21531250000000002 0.21416649999999998 0.02562499999999998 0.008333000000000007
0 0.2184375 0.0333335 0.029375000000000012 0.011667
0 0.220625 0.10500000000000001 0.03125 0.009999999999999995
0 0.225625 0.3320835 0.03875000000000001 0.024166999999999994
0 0.2215625 0.1795835 0.023125000000000007 0.01916699999999999
0 0.24 0.457917 0.03125 0.027500000000000024
0 0.2390625 0.37375 0.019375000000000003 0.020833999999999964
0 0.2371875 0.42874999999999996 0.008124999999999993 0.007500000000000007
0 0.2534375 0.4295835 0.019375000000000003 0.009167000000000036
0 0.2721875 0.3279165 0.008124999999999993 0.009167000000000036
0 0.2778125 0.40625 0.01687500000000003 0.007499999999999951
0 0.28125 0.354583 0.010000000000000009 0.027500000000000024
0 0.2953125 0.3495835 0.020625000000000004 0.010832999999999982
0 0.3190625 0.33416650000000003 0.01687500000000003 0.013332999999999984
0 0.3246875 0.11791650000000001 0.01687500000000003 0.015833
0 0.339375 0.078333 0.010000000000000009 0.015000000000000013
0 0.34968750000000004 0.3158335 0.023125000000000007 0.018332999999999988
0 0.34781249999999997 0.3854165 0.011875000000000024 0.02083299999999999
0 0.3528125 0.280417 0.021875000000000033 0.017500000000000016
0 0.3571875 0.09291650000000001 0.015625 0.014166999999999999
0 0.358125 0.37541650000000004 0.013749999999999984 0.014166999999999985
0 0.3775 0.0895835 0.040000000000000036 0.030833
0 0.37406249999999996 0.185 0.018125000000000002 0.03
0 0.3825 0.1575 0.03500000000000003 0.02166600000000002
0 0.38468749999999996 0.209167 0.023125000000000007 0.014999999999999986
0 0.3934375 0.059167 0.020625000000000004 0.015000000000000006
0 0.414375 0.32458299999999995 0.03125 0.02250000000000002
0 0.4190625 0.12375 0.01937500000000003 0.014165999999999998
0 0.4284375 0.38125 0.033125000000000016 0.02250000000000002
0 0.4209375 0.209167 0.015625 0.014999999999999986
0 0.4309375 0.1879165 0.02812500000000001 0.024167000000000022
0 0.4453125 0.2583335 0.018124999999999947 0.01333300000000004
0 0.458125 0.01875 0.03125 0.0375
0 0.478125 0.0770835 0.03250000000000003 0.030833
0 0.4721875 0.1791665 0.018125000000000002 0.013333000000000012
0 0.4865625 0.286667 0.030624999999999958 0.015000000000000013
0 0.5034375 0.4570835 0.023125000000000007 0.01583300000000004
0 0.49875 0.4183335 0.011250000000000038 0.016667000000000043
0 0.5265625 0.2579165 0.02312499999999995 0.030833
0 0.5265625 0.365 0.018125000000000058 0.016666000000000014
0 0.5325 0.12208350000000001 0.01375000000000004 0.014166999999999999
0 0.5375 0.23583300000000001 0.011249999999999982 0.009999999999999981
0 0.5396875 0.5974999999999999 0.013125000000000053 0.01666599999999996
0 0.553125 0.259167 0.011249999999999982 0.015000000000000013
0 0.5615625 0.03 0.015625 0.018334
0 0.5671875 0.3425 0.01937500000000003 0.013334000000000013
0 0.571875 0.1670835 0.028750000000000053 0.034167
0 0.57375 0.421667 0.013749999999999929 0.010000000000000009
0 0.5846875 0.464167 0.018124999999999947 0.015000000000000013
0 0.5918749999999999 0.6595835 0.025000000000000022 0.02416700000000005
0 0.591875 0.2154165 0.011249999999999982 0.030833
0 0.6021875 0.0275 0.026874999999999982 0.019999999999999997
0 0.6009374999999999 0.1629165 0.021874999999999978 0.01916699999999999
0 0.6059375 0.4358335 0.011874999999999969 0.0066669999999999785
0 0.6190625000000001 0.52 0.03187499999999999 0.02833399999999997
0 0.63875 0.60375 0.04125000000000001 0.03583399999999992
0 0.6390625 0.215 0.02562500000000001 0.013334000000000013
0 0.6453125 0.32375 0.02312499999999995 0.02083400000000002
0 0.651875 0.26458349999999997 0.015000000000000013 0.02583300000000005
0 0.685 0.269583 0.029999999999999916 0.02250000000000002
0 0.6803125 0.6475 0.015625 0.020000000000000018
0 0.7196875 0.4216665 0.01937500000000003 0.01333300000000004
0 0.7196875 0.499583 0.01937500000000003 0.027500000000000024
0 0.72875 0.26249999999999996 0.02750000000000008 0.018334000000000017
0 0.7615624999999999 0.189167 0.02312499999999995 0.010000000000000009
0 0.7849999999999999 0.6525000000000001 0.06999999999999995 0.03500000000000003
0 0.7640625000000001 0.50375 0.020625000000000004 0.025833999999999968
0 0.7721875 0.3666665 0.020625000000000004 0.016666999999999987
0 0.7790625 0.15458300000000003 0.016874999999999973 0.027499999999999997
0 0.8121875000000001 0.4920835 0.051875000000000004 0.02416700000000005
0 0.7978125 0.35125 0.018125000000000058 0.02083400000000002
0 0.8062499999999999 0.5145835 0.025000000000000022 0.02416700000000005
0 0.8134375 0.4191665 0.015625 0.018333000000000044
0 0.8153125 0.09125 0.016874999999999973 0.024165999999999993
0 0.8418749999999999 0.4245835 0.03375000000000006 0.03916699999999995
0 0.850625 0.72 0.04125000000000001 0.04166599999999998
0 0.8740625 0.1679165 0.041874999999999996 0.029167
0 0.878125 0.39625 0.036250000000000004 0.02749999999999997
0 0.88375 0.282083 0.016249999999999987 0.027500000000000024
0 0.8978125 0.22375 0.024375000000000036 0.014166000000000012
0 0.90125 0.3170835 0.028750000000000053 0.02083299999999999
0 0.9134375 0.2633335 0.034375000000000044 0.016666999999999987
0 0.9315625000000001 0.2154165 0.03187499999999999 0.020833000000000018
0 0.9393750000000001 0.38375000000000004 0.025000000000000022 0.017500000000000016
0 0.9496875 0.235 0.034375000000000044 0.014999999999999986
0 0.9503125 0.257917 0.028124999999999956 0.027499999999999997
0 0.9606250000000001 0.092917 0.03874999999999995 0.027499999999999997
0 0.9584375 0.4045835 0.016875000000000084 0.014166999999999985
0 0.9590624999999999 0.3666665 0.018125000000000058 0.016666999999999987
0 0.9693750000000001 0.1570835 0.03749999999999998 0.020833000000000018
0 0.983125 0.11 0.03249999999999997 0.013334000000000013
