0 0.14930549999999998 0.1783855 0.04861099999999999 0.02083299999999999
0 0.153646 0.0292965 0.03992999999999999 0.042969
0 0.391493 0.3196615 0.03645799999999999 0.027343000000000006
0 0.4288195 0.3984375 0.055554999999999966 0.03645900000000002
0 0.42795150000000004 0.374349 0.039930999999999994 0.029947999999999975
0 0.49739600000000006 0.0989585 0.032986000000000015 0.023437
0 0.719618 0.6490885 0.07465199999999994 0.03255299999999994
0 0.7569445 0.6875 0.05902699999999994 0.0260419999999999
0 0.764757 0.513021 0.04340199999999994 0.02864600000000006
0 0.8194444999999999 0.657552 0.05208299999999999 0.02083400000000002
0 0.865451 0.6614585 0.03298599999999996 0.01302100000000006
0 0.8871525 0.2760415 0.01736099999999996 0.015625
0 0.912326 0.6308595 0.03298599999999996 0.037760999999999934
0 0.9140625 0.2389325 0.015625 0.019530999999999993
0 0.9427085 0.2486975 0.02083299999999999 0.018228999999999995
0 0.9583335 0.6601565 0.02430499999999991 0.015625
0 0.981771 0.686198 0.02257000000000009 0.03385400000000005
