0 0.1878125 0.7025 0.019375000000000003 0.03499999999999992
0 0.2571875 0.693333 0.06312500000000001 0.050000000000000044
0 0.286875 0.5533335 0.11750000000000002 0.10833300000000001
0 0.4284375 0.7191665 0.06687499999999996 0.046667000000000014
0 0.4515625 0.4270835 0.05687500000000001 0.11416700000000002
0 0.5259375 0.539583 0.10937499999999994 0.08749999999999997
0 0.635 0.5208335 0.08499999999999996 0.07333299999999998
0 0.655 0.3804165 0.10999999999999999 0.13416700000000004
0 0.7749999999999999 0.29541700000000004 0.13 0.14250000000000002
0 0.8221875000000001 0.45208349999999997 0.09312500000000001 0.13583300000000004
