0 0.114375 0.6158535 0.03749999999999999 0.04323700000000008
0 0.1553125 0.6313745 0.03687499999999999 0.04545499999999991
0 0.2021875 0.342018 0.02562500000000001 0.05875799999999998
0 0.2053125 0.325388 0.019375000000000003 0.07428000000000001
0 0.2528125 0.126386 0.05812499999999998 0.04877999999999999
0 0.2625 0.29102 0.04374999999999998 0.043238
0 0.3246875 0.152439 0.026874999999999982 0.03436800000000001
0 0.35531250000000003 0.272173 0.01687500000000003 0.03658600000000001
0 0.3809375 0.7660755 0.06812499999999999 0.066519
0 0.37406249999999996 0.52051 0.03562499999999996 0.02549800000000002
0 0.3740625 0.25 0.030625000000000013 0.052105999999999986
0 0.429375 0.491131 0.05249999999999999 0.03326000000000001
0 0.489375 0.4002215 0.09000000000000002 0.04878099999999996
0 0.5165625 0.594789 0.03187499999999999 0.027716000000000074
0 0.5165625 0.2899115 0.02937500000000004 0.023280999999999996
0 0.5475 0.605876 0.0625 0.03658600000000001
0 0.6059375 0.4706205 0.135625 0.05654099999999995
0 0.5540625 0.281042 0.02937499999999993 0.02771600000000002
0 0.6434375 0.363082 0.0318750000000001 0.03215000000000001
0 0.75125 0.47727300000000006 0.050000000000000044 0.06541000000000002
0 0.9293750000000001 0.32649700000000004 0.03500000000000003 0.05432399999999998
