0 0.055176 0.5592444999999999 0.020508000000000005 0.045572999999999975
0 0.054199 0.5598955 0.016602 0.046875
0 0.241699 0.20507799999999998 0.13183599999999998 0.06640599999999999
0 0.2167965 0.7141930000000001 0.06054700000000002 0.029947999999999975
0 0.217285 0.717448 0.061523999999999995 0.03385400000000005
0 0.2597655 0.5084635 0.068359 0.035156999999999994
0 0.2578125 0.500651 0.056641000000000025 0.029947999999999975
0 0.35791 0.6471355 0.05957000000000001 0.046875
0 0.3642575 0.639323 0.06054700000000002 0.04166599999999998
0 0.4433595 0.6341144999999999 0.056641 0.04166700000000001
0 0.48095699999999997 0.688802 0.06347600000000003 0.03125
0 0.48339849999999995 0.6907555 0.068359 0.040364999999999984
0 0.6152345 0.634115 0.046875 0.03125
0 0.6171875 0.626953 0.04882900000000001 0.040364000000000066
0 0.694824 0.7174480000000001 0.0595699999999999 0.03645799999999999
