0 0.0177085 0.7388889999999999 0.035417 0.058334
0 0.056771 0.5493055 0.013541999999999998 0.026388999999999996
0 0.077604 0.16875 0.038542 0.048612000000000016
0 0.10572899999999999 0.1180555 0.030208 0.04722299999999999
0 0.163542 0.5972225 0.04375000000000001 0.05833299999999997
0 0.20781249999999998 0.0645835 0.132291 0.07361100000000001
0 0.173958 0.761111 0.0625 0.10277800000000004
0 0.211979 0.55 0.03229199999999999 0.05277799999999999
0 0.3125 0.028472499999999998 0.033333999999999975 0.029167
0 0.405729 0.040278 0.09270800000000001 0.052778000000000005
0 0.4708335 0.18125000000000002 0.03958299999999998 0.031944
0 0.5708329999999999 0.6499999999999999 0.19374999999999998 0.361112
0 0.5838544999999999 0.161111 0.03437499999999993 0.08055600000000002
0 0.64375 0.1305555 0.07500000000000007 0.047223
0 0.6307294999999999 0.0597225 0.028125000000000067 0.038889
0 0.6609375 0.09722249999999999 0.019791000000000003 0.011110999999999996
0 0.6630205 0.0631945 0.021874999999999978 0.018054999999999995
0 0.6833335 0.28472200000000003 0.039583000000000035 0.030555999999999972
0 0.675 0.027083000000000003 0.018749999999999933 0.015278000000000003
0 0.7359374999999999 0.153472 0.03020900000000004 0.03749999999999998
0 0.769792 0.375 0.08750000000000002 0.09999999999999998
0 0.765625 0.0611115 0.02083400000000002 0.013889000000000006
0 0.791667 0.7069445 0.02499999999999991 0.036111000000000004
0 0.7989580000000001 0.048611 0.03749999999999998 0.027777999999999997
0 0.8223955000000001 0.47013900000000003 0.08437499999999998 0.068056
0 0.8109375 0.09930549999999999 0.046875 0.05416700000000001
0 0.844271 0.0083335 0.017708000000000057 0.016667
0 0.8979165 0.080556 0.04583300000000001 0.049999999999999996
0 0.919271 0.7618054999999999 0.08854200000000001 0.07361099999999998
0 0.9052085000000001 0.203472 0.022916999999999965 0.04305600000000001
0 0.9229165 0.120833 0.027082999999999968 0.02777800000000001
0 0.9276040000000001 0.0104165 0.02604200000000001 0.020833
0 0.928125 0.16736099999999998 0.02083400000000002 0.015277999999999986
0 0.950521 0.26458349999999997 0.01979199999999992 0.023610999999999993
0 0.9630205000000001 0.0145835 0.03437499999999993 0.018055
0 0.9864584999999999 0.2284725 0.02083299999999999 0.02083299999999999
