0 0.0161055 0.15952650000000002 0.032211 0.05749699999999999
0 0.02123 0.19898549999999998 0.04246 0.021420999999999996
0 0.13177149999999999 0.439684 0.04099499999999999 0.04058600000000001
0 0.172035 0.19616699999999998 0.052708000000000005 0.063134
0 0.1844805 0.31341600000000003 0.07467100000000002 0.06538799999999995
0 0.1892385 0.2615555 0.056369 0.047351000000000004
0 0.2181555 0.220406 0.052709000000000006 0.041714
0 0.261347 0.3506205 0.054172 0.04284100000000002
0 0.29685249999999996 0.71195 0.08125900000000003 0.09357400000000005
0 0.3393115 0.757046 0.07833099999999998 0.05524200000000001
0 0.3356515 0.31397949999999997 0.05783300000000002 0.08455499999999999
0 0.3374815 0.258737 0.051244999999999985 0.041714
0 0.396413 0.3573845 0.06661800000000001 0.045094999999999996
0 0.3997075 0.468433 0.060029 0.05298799999999998
0 0.6204245 0.50451 0.49414300000000005 0.6640360000000001
0 0.478404 0.235626 0.11493399999999998 0.13077799999999998
0 0.47327949999999996 0.392334 0.05783299999999997 0.05186000000000002
0 0.5237925 0.6815105 0.07833099999999998 0.12063099999999993
0 0.533675 0.9250285 0.021962000000000037 0.09131900000000004
0 0.5702780000000001 0.28466749999999996 0.06442200000000009 0.07328099999999999
0 0.5589315 0.8754225 0.035870999999999986 0.03945899999999991
0 0.5739385 0.22209700000000002 0.051244999999999985 0.09470200000000001
0 0.602489 0.9233374999999999 0.046852000000000005 0.08793700000000004
