0 0.0068395 0.38468749999999996 0.013679 0.03812500000000002
0 0.025197999999999998 0.3003125 0.015838 0.015625
0 0.0291575 0.4584375 0.015119 0.0068749999999999645
0 0.087833 0.3490625 0.031678 0.04812499999999997
0 0.163427 0.048125 0.155508 0.09625
0 0.1324695 0.1559375 0.080633 0.040624999999999994
0 0.149028 0.1984375 0.090712 0.05437499999999998
0 0.16846650000000002 0.19187500000000002 0.070555 0.04124999999999998
0 0.165947 0.395 0.04535599999999998 0.027500000000000024
0 0.22894199999999998 0.1721875 0.09647199999999997 0.043125
0 0.216703 0.43125 0.021598000000000006 0.013749999999999984
0 0.21814250000000002 0.5103125 0.023039000000000004 0.04312499999999997
0 0.223902 0.43062500000000004 0.02015799999999998 0.013749999999999984
0 0.2491 0.115 0.05903599999999998 0.07875000000000001
0 0.2325415 0.4559375 0.021599000000000007 0.015625
0 0.2300215 0.453125 0.007918999999999982 0.01375000000000004
0 0.257379 0.0559375 0.051115999999999995 0.035625
0 0.2545 0.24562499999999998 0.022317999999999977 0.008750000000000008
0 0.28977699999999995 0.4821875 0.02951799999999999 0.016874999999999973
0 0.2822175 0.201875 0.005759000000000014 0.017500000000000016
0 0.3034555 0.28031249999999996 0.013678999999999997 0.01687500000000003
0 0.3196545 0.4753125 0.021599000000000035 0.010625000000000051
0 0.3210945 0.4721875 0.017279000000000044 0.020625000000000004
0 0.34197299999999997 0.2746875 0.02735800000000005 0.025624999999999953
0 0.37653000000000003 0.5109375 0.044635999999999953 0.03437499999999993
0 0.400648 0.164375 0.07847400000000004 0.05124999999999999
0 0.5172785 0.31562500000000004 0.14182899999999998 0.07
0 0.6439885000000001 0.03875 0.22246299999999997 0.0775
0 0.62527 0.2259375 0.07127400000000006 0.03437500000000002
0 0.6234705 0.11812500000000001 0.011518999999999946 0.013749999999999998
0 0.645788 0.155 0.021598000000000006 0.015000000000000013
0 0.6742265000000001 0.30125 0.03959699999999999 0.03375
0 0.7141824999999999 0.1225 0.011518999999999946 0.012499999999999997
0 0.7228224999999999 0.3325 0.01439899999999994 0.015000000000000013
0 0.848812 0.22812500000000002 0.22606199999999999 0.13500000000000004
0 0.814615 0.3359375 0.023757999999999946 0.021874999999999978
0 0.8556515 0.32218749999999996 0.043916999999999984 0.049375
0 0.865371 0.3265625 0.04751599999999989 0.030624999999999958
0 0.884089 0.11281250000000001 0.021598000000000006 0.006875000000000006
0 0.9640029999999999 0.30625 0.0705539999999999 0.04750000000000004
0 0.987401 0.150625 0.023757999999999946 0.013750000000000012
