0 0.39587249999999996 0.12687500000000002 0.562851 0.11750000000000001
0 0.130863 0.083125 0.261726 0.027499999999999997
0 0.151501 0.2 0.303002 0.018750000000000017
0 0.218105 0.12593749999999998 0.43621 0.048125
0 0.3780485 0.2353125 0.294559 0.04812500000000003
0 0.4155725 0.40031249999999996 0.118199 0.07687499999999997
0 0.488274 0.34281249999999996 0.11538399999999993 0.026875000000000038
0 0.5642590000000001 0.2559375 0.10788000000000009 0.02562499999999998
0 0.6125700000000001 0.31625000000000003 0.1951219999999999 0.04624999999999996
0 0.647749 0.2209375 0.15103200000000006 0.040624999999999994
0 0.8095685 0.0759375 0.37898699999999996 0.105625
0 0.760319 0.2559375 0.17167 0.030624999999999986
0 0.7551595 0.231875 0.125703 0.06999999999999998
0 0.9019699999999999 0.3253125 0.19418400000000002 0.11937500000000001
0 0.9057225 0.18937500000000002 0.18667900000000004 0.05000000000000002
0 0.95591 0.21687499999999998 0.08630400000000005 0.03624999999999998
