0 0.00625 0.758594 0.0125 0.029687999999999937
0 0.009375 0.276562 0.01875 0.024999999999999967
0 0.0109375 0.5414065 0.021875 0.02343699999999993
0 0.019531 0.35625 0.039062 0.028125999999999984
0 0.0242185 0.4296875 0.048437 0.04374900000000004
0 0.038281499999999996 0.6984375 0.073437 0.05624899999999999
0 0.0312505 0.30156249999999996 0.053125000000000006 0.02812500000000001
0 0.0523435 0.227344 0.05468699999999999 0.023437999999999987
0 0.067969 0.4921875 0.07968800000000001 0.015625
0 0.077344 0.7242185 0.045312000000000005 0.02968700000000002
0 0.08984349999999999 0.204687 0.02031300000000001 0.01874999999999999
0 0.1375 0.3945315 0.08125 0.026563000000000003
0 0.12031250000000002 0.3164065 0.024999000000000007 0.026563000000000003
0 0.138281 0.20156249999999998 0.032811999999999994 0.021875000000000006
0 0.1687505 0.359375 0.046875 0.03125
0 0.2109375 0.488281 0.046875 0.029688000000000048
0 0.21875 0.303906 0.0625 0.029687999999999992
0 0.2625 0.4171875 0.046874 0.018749000000000016
0 0.2804685 0.2203125 0.051563000000000025 0.015625
0 0.3062495 0.3101565 0.021874999999999978 0.010936999999999975
0 0.3570315 0.34062499999999996 0.067187 0.01874999999999999
0 0.3546875 0.4421875 0.049999000000000016 0.021874999999999978
0 0.3812495 0.28125 0.06562499999999999 0.018750000000000044
0 0.434375 0.357813 0.05625000000000002 0.025000000000000022
0 0.45390600000000003 0.486719 0.054688000000000014 0.03281200000000006
0 0.5390625 0.775 0.043751000000000095 0.028124000000000038
0 0.541406 0.3539065 0.04843800000000009 0.017187000000000008
0 0.5515625 0.41718750000000004 0.05624899999999999 0.02812500000000001
0 0.553125 0.3867185 0.043749999999999956 0.026563000000000003
0 0.5906245 0.538281 0.08437500000000009 0.06718800000000003
0 0.6312500000000001 0.767969 0.05625000000000002 0.014062000000000019
0 0.640625 0.707031 0.05624999999999991 0.03281199999999995
0 0.642188 0.146875 0.050000000000000044 0.01874999999999999
0 0.671094 0.6640625 0.04531200000000002 0.034375000000000044
0 0.771094 0.724219 0.04843800000000009 0.04531199999999991
0 0.7835935 0.6796875 0.06406300000000009 0.034375000000000044
0 0.7929685 0.43671899999999997 0.07343699999999997 0.02656200000000003
0 0.7937495 0.385156 0.046875 0.02343799999999996
0 0.7984375 0.3046875 0.034375000000000044 0.021874999999999978
0 0.8015625 0.2617185 0.028125000000000067 0.02656300000000003
0 0.8234375 0.46796899999999997 0.05624899999999999 0.023438000000000014
0 0.8445315 0.2453125 0.04531299999999994 0.015625
0 0.864063 0.3250005 0.07499999999999996 0.021875000000000033
0 0.8367184999999999 0.4453125 0.014063000000000048 0.009375000000000022
0 0.8757809999999999 0.6374995 0.06406199999999995 0.05312500000000009
0 0.864844 0.4375 0.014061999999999908 0.012499999999999956
0 0.9039065 0.5765625 0.051562999999999914 0.028124999999999956
0 0.9 0.542969 0.03125 0.03281199999999995
0 0.9148435 0.7132815 0.06093700000000002 0.05468699999999993
0 0.9054690000000001 0.247656 0.02343799999999996 0.020311999999999997
0 0.9078124999999999 0.288281 0.021874999999999978 0.014062000000000019
0 0.91875 0.4789065 0.025000000000000022 0.026563000000000003
0 0.9414065 0.3328125 0.04531300000000005 0.021874999999999978
0 0.9625 0.649219 0.0625 0.051562
0 0.953125 0.191406 0.034373999999999905 0.020311999999999997
0 0.9640625 0.584375 0.028125000000000067 0.03125
0 0.9851565 0.475 0.026563000000000003 0.024999999999999967
0 0.986719 0.3070315 0.02343800000000007 0.017187000000000008
