0 0.0875 0.79991 0.045 0.033274000000000026
0 0.2809375 0.4734715 0.11187499999999997 0.24370499999999995
0 0.31343750000000004 0.6659175 0.02812500000000001 0.024280999999999997
0 0.5153125000000001 0.3021585 0.23062499999999997 0.190647
0 0.5178125 0.083633 0.02187500000000009 0.01258999999999999
0 0.5296875 0.859712 0.026874999999999982 0.026978000000000057
0 0.59625 0.6227515 0.011250000000000093 0.01888500000000004
0 0.624375 0.1591725 0.018750000000000044 0.008993000000000001
0 0.828125 0.5656475 0.3425 0.26618699999999995
0 0.6653125 0.1821045 0.011874999999999969 0.011691000000000007
0 0.6946875 0.4145685 0.024375000000000036 0.014388999999999985
0 0.7165625 0.3039565 0.01937499999999992 0.02158300000000002
0 0.7553125 0.7063845 0.024374999999999925 0.03147500000000003
0 0.7803125 0.9860615 0.02312499999999995 0.026078999999999963
0 0.8403125 0.8246405 0.020625000000000004 0.01618699999999995
0 0.8621875 0.9055755 0.018124999999999947 0.01618699999999995
0 0.9503125 0.0143885 0.030624999999999902 0.028777
