0 0.134375 0.497012 0.10375 0.14143400000000006
0 0.213125 0.378486 0.08875 0.143426
0 0.27 0.5278885 0.1 0.14741099999999996
0 0.276875 0.297809 0.048750000000000016 0.12948199999999999
0 0.355 0.5806775 0.11499999999999999 0.16135500000000003
0 0.35125 0.381474 0.09250000000000003 0.15338599999999997
0 0.37687499999999996 0.741036 0.028749999999999998 0.035856
0 0.39937500000000004 0.8306775 0.048750000000000016 0.055777000000000077
0 0.455625 0.3456175 0.11124999999999996 0.149403
0 0.47250000000000003 0.6374505 0.1375 0.203187
0 0.47687500000000005 0.456175 0.09625 0.139442
0 0.560625 0.8426294999999999 0.11375000000000002 0.167331
0 0.56625 0.5189239999999999 0.07499999999999996 0.14143399999999995
0 0.5662499999999999 0.38745 0.06500000000000006 0.12948199999999999
0 0.628125 0.448207 0.07874999999999999 0.15139400000000003
0 0.6525 0.5986054999999999 0.11499999999999999 0.173307
0 0.746875 0.570717 0.10625000000000007 0.15338600000000002
0 0.75625 0.3535855 0.08499999999999996 0.16135500000000003
0 0.893125 0.3505975 0.08875 0.14342699999999997
0 0.934375 0.2270915 0.06375000000000008 0.10756900000000003
