0 0.454375 0.6805815 0.425 0.636961
0 0.7462500000000001 0.4469985 0.03749999999999998 0.03470899999999999
0 0.8084374999999999 0.2453095 0.02312499999999995 0.03470900000000002
0 0.8115625 0.350375 0.016874999999999973 0.025328000000000017
0 0.8421875 0.1214825 0.0068749999999999645 0.03283299999999999
0 0.858125 0.152908 0.015000000000000013 0.015009999999999996
0 0.8831249999999999 0.445122 0.01375000000000004 0.030955999999999984
0 0.8921875 0.314728 0.0068749999999999645 0.030955999999999984
0 0.8987499999999999 0.4652905 0.011250000000000093 0.009380999999999973
0 0.9171875 0.356942 0.020625000000000004 0.019699999999999995
0 0.93375 0.413227 0.053749999999999964 0.03658600000000001
0 0.9709375 0.816604 0.03562500000000002 0.08536600000000005
0 0.9824999999999999 0.1482175 0.022500000000000075 0.052532999999999996
