0 0.3778125 0.3320825 0.755625 0.664165
0 0.45718749999999997 0.7166980000000001 0.033125000000000016 0.07317000000000007
0 0.485 0.812852 0.048750000000000016 0.104128
0 0.6890625 0.901032 0.015625 0.015947999999999962
0 0.7084375 0.9357409999999999 0.02312499999999995 0.015947999999999962
0 0.7821875 0.4000935 0.021874999999999978 0.029081000000000023
0 0.8146875 0.619606 0.059374999999999956 0.05534799999999995
0 0.8 0.9282364999999999 0.018749999999999933 0.03470899999999999
0 0.8146875 0.13742949999999998 0.020625000000000004 0.030956999999999985
0 0.83 0.251876 0.04125000000000001 0.04409000000000002
0 0.8734375000000001 0.599437 0.03187499999999999 0.022513999999999923
0 0.8887499999999999 0.5253285 0.01375000000000004 0.01688500000000004
0 0.9365625 0.48264549999999995 0.02312499999999995 0.02532899999999999
0 0.931875 0.751876 0.011249999999999982 0.04784199999999994
0 0.9550000000000001 0.446998 0.012500000000000067 0.03658600000000001
0 0.9671875 0.37570349999999997 0.014375000000000027 0.02532899999999999
0 0.985625 0.3569415 0.012499999999999956 0.030956999999999957
