0 0.29281250000000003 0.6345835 0.018125000000000002 0.01416700000000004
0 0.37375 0.47291649999999996 0.07375000000000004 0.024166999999999994
0 0.4478125 0.5108334999999999 0.02312499999999995 0.013332999999999928
0 0.45218749999999996 0.57875 0.01687500000000003 0.019166000000000016
0 0.5034375 0.4341665 0.08312500000000006 0.05333300000000002
0 0.476875 0.42541700000000005 0.022499999999999964 0.02250000000000002
0 0.5028125 0.3558335 0.05312500000000003 0.058333000000000024
0 0.4940625 0.6779165 0.020625000000000004 0.01416700000000004
0 0.5646875 0.7045835 0.014375000000000027 0.015832999999999986
0 0.5915625 0.672917 0.01937499999999992 0.02750000000000008
0 0.6212500000000001 0.4029165 0.0675 0.07583299999999998
0 0.666875 0.6475 0.02750000000000008 0.015000000000000013
0 0.6984375 0.2833335 0.08812500000000001 0.028332999999999997
0 0.70625 0.39125 0.028749999999999942 0.025834000000000024
0 0.7362500000000001 0.4920835 0.07874999999999999 0.05916699999999997
0 0.7396875 0.61375 0.02312499999999995 0.02416600000000002
0 0.7578125 0.56375 0.04437500000000005 0.030834000000000028
0 0.8153125 0.6879165 0.01937499999999992 0.01416699999999993
0 0.901875 0.3816665 0.025000000000000022 0.038333000000000006
0 0.94625 0.5900000000000001 0.03375000000000006 0.058334
