0 0.4996095 0.6682295 0.999219 0.559375
0 0.0820315 0.565625 0.084375 0.0625
0 0.133203 0.6322920000000001 0.10546799999999999 0.04375000000000007
0 0.2851565 0.6614585 0.09218699999999999 0.07083300000000003
0 0.3191405 0.6239585000000001 0.050780999999999965 0.04166700000000001
0 0.342578 0.573958 0.07890600000000003 0.03749999999999998
0 0.373828 0.6270835 0.08984400000000003 0.06041699999999994
0 0.4277345 0.6322915 0.08359299999999997 0.054167000000000076
0 0.4515625 0.5609375000000001 0.09531300000000004 0.06354099999999996
0 0.4621095 0.71875 0.089843 0.039584000000000064
0 0.489844 0.652083 0.08750000000000002 0.03749999999999998
0 0.498047 0.7447915 0.06015599999999993 0.060417000000000054
0 0.5339845 0.6937500000000001 0.07421899999999998 0.04791599999999996
0 0.5601560000000001 0.657292 0.05625000000000002 0.03125
0 0.6031249999999999 0.7052085 0.06874999999999998 0.039582999999999924
0 0.580078 0.594271 0.021093999999999946 0.05729200000000001
0 0.6242185 0.5953125 0.078125 0.05729099999999998
0 0.6871095 0.536458 0.060157000000000016 0.050000000000000044
0 0.7039059999999999 0.48177099999999995 0.07031200000000004 0.048958
0 0.7109375 0.45416650000000003 0.03750100000000001 0.052083000000000046
0 0.7496095 0.5921875000000001 0.08046900000000001 0.05312499999999998
0 0.757031 0.675521 0.09375 0.04270799999999997
0 0.761719 0.744271 0.06406199999999995 0.038542000000000076
0 0.767969 0.6364585 0.0625 0.04583300000000001
0 0.7753905 0.371875 0.07421900000000003 0.05208400000000002
0 0.7722655 0.483854 0.050781000000000076 0.06979200000000002
0 0.7972655 0.540625 0.07421899999999992 0.03125
0 0.8050785 0.6515625 0.08203099999999997 0.03645900000000002
0 0.792578 0.843229 0.044532000000000016 0.11145800000000006
0 0.825 0.5640625 0.09375 0.046875
0 0.835156 0.4765625 0.03125 0.034375000000000044
0 0.8695315 0.4125 0.078125 0.045833999999999986
0 0.870703 0.7630205 0.0648439999999999 0.09687500000000004
0 0.8902345 0.7 0.025780999999999943 0.06458400000000009
0 0.953125 0.5239585 0.09218799999999994 0.04166700000000001
0 0.939844 0.823958 0.0625 0.09999999999999998
0 0.981641 0.7052080000000001 0.035155999999999965 0.04999999999999993
