0 0.5246875 0.5945830000000001 0.716875 0.6075
0 0.0109375 0.22291699999999998 0.021875 0.06749999999999998
0 0.0146875 0.1204165 0.029375 0.065833
0 0.0159375 0.160833 0.031875 0.04999999999999999
0 0.02375 0.04125 0.0475 0.0475
0 0.0565625 0.735417 0.113125 0.5275000000000001
0 0.029375000000000002 0.42875 0.04125 0.0625
0 0.034687499999999996 0.345833 0.025625000000000002 0.04500000000000004
0 0.05374999999999999 0.457083 0.033749999999999995 0.0675
0 0.0740625 0.4045835 0.050625 0.05583300000000002
0 0.089375 0.21375 0.06875 0.07250000000000001
0 0.07 0.473333 0.027500000000000004 0.04500000000000004
0 0.09593750000000001 0.0233335 0.065625 0.046667
0 0.1090625 0.1445835 0.01937499999999999 0.04416700000000001
0 0.1309375 0.5258335000000001 0.063125 0.06333299999999997
0 0.1290625 0.463333 0.056874999999999995 0.04500000000000004
0 0.1196875 0.905833 0.030625000000000013 0.06499999999999995
0 0.1203125 0.06625 0.029375000000000012 0.060834000000000006
0 0.1340625 0.3495835 0.05437500000000001 0.05916699999999997
0 0.164375 0.976667 0.07375000000000001 0.04500000000000004
0 0.14218750000000002 0.0275 0.024375000000000008 0.045000000000000005
0 0.1565625 0.89375 0.053125000000000006 0.0625
0 0.1634375 0.8541665 0.05687499999999998 0.06166700000000003
0 0.1496875 0.11 0.023125000000000007 0.035
0 0.159375 0.3158335 0.037500000000000006 0.05333300000000002
0 0.1703125 0.58125 0.051875000000000004 0.0675
0 0.16812500000000002 0.25416700000000003 0.037500000000000006 0.06
0 0.196875 0.067917 0.07874999999999999 0.06749999999999999
0 0.21281250000000002 0.4045835 0.083125 0.06916699999999998
0 0.20937499999999998 0.8233334999999999 0.06875 0.05166700000000002
0 0.2159375 0.29791650000000003 0.06562499999999999 0.059167000000000025
0 0.2175 0.0325 0.04249999999999998 0.065
0 0.23093750000000002 0.76 0.06187500000000001 0.056665999999999994
0 0.2315625 0.1291665 0.055625000000000036 0.051667000000000005
0 0.23906249999999998 0.6304164999999999 0.06562499999999999 0.06916700000000009
0 0.241875 0.2625 0.06625000000000003 0.066666
0 0.23875000000000002 0.920417 0.04374999999999998 0.04249999999999998
0 0.25625 0.7091665 0.07624999999999998 0.05833299999999997
0 0.2475 0.186667 0.04374999999999998 0.04999999999999999
0 0.24874999999999997 0.950833 0.04124999999999998 0.04500000000000004
0 0.27531249999999996 0.7991665 0.06562499999999999 0.05833299999999997
0 0.2553125 0.029166499999999998 0.01812500000000003 0.031667
0 0.30374999999999996 0.6154170000000001 0.07375000000000004 0.0675
0 0.3103125 0.01625 0.070625 0.029165999999999997
0 0.316875 0.161667 0.07124999999999998 0.05499999999999999
0 0.30562500000000004 0.2829165 0.04375000000000001 0.07416700000000001
0 0.32406250000000003 0.9133335 0.05687499999999995 0.053332999999999964
0 0.34187500000000004 0.3425 0.09249999999999997 0.061666
0 0.32125 0.9495835 0.02124999999999999 0.035833000000000004
0 0.341875 0.9858335 0.04125000000000001 0.021666999999999992
0 0.3878125 0.5508335 0.12812500000000004 0.093333
0 0.373125 0.1379165 0.07250000000000001 0.07583299999999998
0 0.3696875 0.712083 0.06062500000000004 0.07750000000000001
0 0.38 0.2541665 0.025000000000000022 0.04333299999999998
0 0.416875 0.8229165 0.08750000000000002 0.05583299999999991
0 0.3871875 0.03 0.023125000000000007 0.06
0 0.398125 0.8816664999999999 0.040000000000000036 0.06166700000000003
0 0.4084375 0.049167 0.026874999999999982 0.049999999999999996
0 0.4321875 0.890833 0.06687500000000002 0.050000000000000044
0 0.4496875 0.7224999999999999 0.09937499999999999 0.066666
0 0.475 0.01875 0.09000000000000002 0.0375
0 0.4871875 0.0729165 0.106875 0.07083300000000001
0 0.4684375 0.9675 0.05687500000000001 0.05500000000000005
0 0.464375 0.16749999999999998 0.04125000000000001 0.05000000000000002
0 0.500625 0.185 0.03875000000000001 0.066666
0 0.53375 0.32166700000000004 0.029999999999999916 0.05499999999999999
0 0.578125 0.28500000000000003 0.043749999999999956 0.04333400000000004
0 0.5759375 0.2216665 0.023125000000000062 0.05166699999999999
0 0.591875 0.4916665 0.03249999999999997 0.05666700000000002
0 0.5925 0.05499999999999999 0.028750000000000053 0.038334
0 0.606875 0.974167 0.03874999999999995 0.050000000000000044
0 0.6046875 0.10333300000000001 0.014374999999999916 0.06500000000000002
0 0.625 0.1520835 0.03374999999999995 0.080833
0 0.631875 0.30374999999999996 0.02749999999999997 0.03583399999999998
0 0.638125 0.01875 0.03500000000000003 0.0375
0 0.6428125 0.381667 0.04437500000000005 0.04999999999999999
0 0.6353125 0.9833335000000001 0.025624999999999898 0.031667
0 0.6615625 0.420833 0.05062500000000003 0.04999999999999999
0 0.665 0.48541650000000003 0.036250000000000004 0.06583300000000003
0 0.6803125000000001 0.1508335 0.041874999999999996 0.05333299999999999
0 0.691875 0.22375 0.026249999999999996 0.06916599999999998
0 0.7324999999999999 0.74125 0.07874999999999999 0.07083399999999995
0 0.7040625 0.1525 0.01937500000000003 0.043333999999999984
0 0.7571875 0.878333 0.12312499999999993 0.08999999999999997
0 0.7503124999999999 0.065417 0.09312500000000001 0.0625
0 0.723125 0.960833 0.03374999999999995 0.05500000000000005
0 0.7596875000000001 0.22541699999999998 0.09437499999999999 0.08249999999999999
0 0.7753125000000001 0.32125000000000004 0.03187499999999999 0.08083400000000002
0 0.8049999999999999 0.9825 0.04749999999999999 0.033333999999999975
0 0.8075 0.1529165 0.03499999999999992 0.079167
0 0.8200000000000001 0.9558335 0.036250000000000004 0.06833299999999998
0 0.8384375 0.2075 0.05062500000000003 0.05333399999999999
0 0.8709375 0.1129165 0.055625000000000036 0.035833000000000004
0 0.8656250000000001 0.23083349999999997 0.03749999999999998 0.04166699999999998
0 0.8740625 0.9275 0.04937500000000006 0.063334
0 0.870625 0.28 0.03500000000000003 0.05333400000000005
0 0.8690625000000001 0.3716665 0.020625000000000004 0.05166700000000002
0 0.88375 0.022500000000000003 0.04999999999999993 0.041666
0 0.899375 0.0370835 0.06625000000000003 0.074167
0 0.9365625 0.0929165 0.06062500000000004 0.055832999999999994
0 0.9440625 0.272917 0.05437499999999995 0.05750000000000002
0 0.9612499999999999 0.81625 0.07625000000000004 0.134166
0 0.963125 0.19375 0.03374999999999995 0.07083400000000001
0 0.979375 0.0204165 0.040000000000000036 0.040833
0 0.9859375 0.07 0.026874999999999982 0.05
