0 0.24502800000000002 0.1400865 0.01846600000000001 0.060344999999999996
0 0.274503 0.015086 0.036221999999999976 0.030172
0 0.3167615 0.684267 0.015625 0.030171999999999977
0 0.3352275 0.1707975 0.028409000000000018 0.03987100000000002
0 0.3558235 0.528017 0.028409000000000018 0.01939600000000008
0 0.37855150000000004 0.039331500000000005 0.022726999999999997 0.029095000000000003
0 0.39027 0.466595 0.017755999999999994 0.021552000000000016
0 0.399858 0.682651 0.026988000000000012 0.009697999999999984
0 0.4424715 0.06357750000000001 0.029828999999999994 0.028017
0 0.44353699999999996 0.667565 0.012073999999999974 0.03125
0 0.47052550000000004 0.0382545 0.009232999999999991 0.022629000000000003
0 0.49644900000000003 0.1492455 0.01704599999999995 0.03340500000000002
0 0.5024855 0.109914 0.02201700000000001 0.019395999999999997
0 0.5170455 0.042026 0.014204999999999912 0.015086000000000002
0 0.5294745000000001 0.12392249999999999 0.009232999999999936 0.040949
0 0.5639205 0.5091595 0.015625 0.011853000000000002
0 0.574929 0.5657325 0.022017999999999982 0.023707000000000034
0 0.5703125 0.7537715 0.009943000000000035 0.05280099999999999
0 0.6619315 0.7516165 0.015625 0.02262900000000001
0 0.90696 0.41433200000000003 0.04403400000000002 0.06357799999999997
