0 0.0528125 0.594278 0.105625 0.11163199999999995
0 0.2475 0.5933395 0.495 0.29737299999999994
0 0.1284375 0.2251405 0.125625 0.146341
0 0.298125 0.825985 0.2425 0.17917400000000006
0 0.6268750000000001 0.1017825 0.12 0.203565
0 0.731875 0.442777 0.06874999999999998 0.08255200000000001
0 0.7975 0.687617 0.16375000000000006 0.12758000000000003
0 0.78375 0.9432455 0.1349999999999999 0.10225099999999998
0 0.7978125 0.1158535 0.13937500000000003 0.231707
0 0.775625 0.409944 0.053749999999999964 0.17448400000000003
0 0.879375 0.846154 0.10749999999999993 0.260788
0 0.869375 0.3503755 0.05249999999999999 0.055347000000000035
