0 0.410156 0.491803 0.448438 0.22482399999999997
0 0.310156 0.7447305 0.285938 0.154567
0 0.28828149999999997 0.8665105 0.22656300000000001 0.126463
0 0.3265625 0.6416865 0.265625 0.14051500000000006
0 0.35546900000000003 0.2330215 0.185938 0.086651
0 0.369531 0.2845435 0.21406199999999997 0.096019
0 0.3953125 0.3618265 0.23125099999999998 0.10070299999999999
0 0.470313 0.8922715 0.23124999999999996 0.1545669999999999
0 0.5851565 0.7587820000000001 0.292187 0.16861800000000005
0 0.574219 0.6206085 0.248438 0.14519900000000008
0 0.59375 0.407494 0.22500000000000003 0.27634600000000004
0 0.589844 0.319672 0.207812 0.189696
0 0.6062505 0.2494145 0.18437499999999996 0.128805
0 0.609375 0.87822 0.1593739999999999 0.2388760000000001
