0 0.2915625 0.5345835 0.10062499999999999 0.480833
0 0.3659375 0.6533335 0.09687499999999999 0.40833300000000006
0 0.3940625 0.309583 0.104375 0.39249999999999996
0 0.45499999999999996 0.6954165 0.11499999999999994 0.444167
0 0.480625 0.2916665 0.10750000000000004 0.376667
0 0.5653125 0.65875 0.13187499999999996 0.4325
0 0.5821875 0.2575 0.11937500000000001 0.411666
0 0.6875 0.625 0.11749999999999994 0.471666
0 0.68625 0.2091665 0.11250000000000004 0.383333
0 0.8115625 0.6120829999999999 0.12187500000000007 0.4625
0 0.8190625 0.2170835 0.130625 0.399167
0 0.9375 0.3504165 0.12375000000000003 0.474167
