0 0.2009375 0.5084425 0.074375 0.052532999999999996
0 0.2521875 0.8025329999999999 0.015625 0.044090000000000074
0 0.26656250000000004 0.5769230000000001 0.026875000000000038 0.07317000000000007
0 0.325 0.5614445 0.06874999999999998 0.09287099999999993
0 0.368125 0.7969044999999999 0.057499999999999996 0.04784299999999997
0 0.37124999999999997 0.29315199999999997 0.06375000000000003 0.05159399999999997
0 0.4225 0.5797375 0.06374999999999997 0.07879900000000006
0 0.421875 0.1777675 0.040000000000000036 0.070357
0 0.5403125 0.6571294999999999 0.08937499999999998 0.11538499999999996
0 0.550625 0.4104125 0.08499999999999996 0.09474700000000003
0 0.5606249999999999 0.7851785 0.05625000000000002 0.071295
0 0.5978125 0.5351785 0.06937499999999996 0.10225100000000004
0 0.880625 0.43667900000000004 0.04499999999999993 0.04221400000000003
