0 0.0378125 0.192083 0.075625 0.07750000000000001
0 0.0565625 0.4575 0.113125 0.10499999999999998
0 0.1109375 0.33166650000000003 0.221875 0.198333
0 0.12375 0.13624999999999998 0.18875000000000003 0.07916599999999999
0 0.5440625 0.5383335 0.910625 0.568333
0 0.519375 0.0833335 0.24125000000000002 0.166667
0 0.518125 0.9783335 0.22375 0.04166700000000001
0 0.47750000000000004 0.8116665000000001 0.09250000000000003 0.156667
0 0.7849999999999999 0.0491665 0.24250000000000005 0.098333
0 0.80125 0.8095835 0.26750000000000007 0.17916700000000008
0 0.905 0.97125 0.08250000000000002 0.05583400000000005
0 0.9465625 0.1470835 0.10562499999999997 0.19416699999999998
