0 0.025879 0.828776 0.051758 0.042968000000000006
0 0.0625 0.6113280000000001 0.074218 0.06380200000000003
0 0.1137695 0.1829425 0.041993 0.110677
0 0.2504885 0.8736980000000001 0.02246099999999998 0.03906200000000004
0 0.37890599999999997 0.9433590000000001 0.07031199999999999 0.06640600000000008
0 0.5429685 0.0885415 0.005858999999999948 0.01822900000000001
0 0.625 0.1497395 0.011717999999999895 0.02604099999999998
0 0.7192385 0.2532555 0.0126949999999999 0.019530999999999993
0 0.7871095 0.0117185 0.019530999999999965 0.007813
0 0.8989255 0.46875 0.04980499999999999 0.05989599999999995
