0 0.0171875 0.0308335 0.029375000000000002 0.031667
0 0.0528125 0.3729165 0.023125 0.035833000000000004
0 0.07468749999999999 0.29375 0.059375 0.03583400000000003
0 0.1196875 0.0808335 0.020625000000000004 0.031667
0 0.15812500000000002 0.365 0.037500000000000006 0.04166599999999998
0 0.590625 0.1954165 0.8175 0.390833
0 0.22218749999999998 0.5129165 0.021875000000000006 0.02416700000000005
0 0.2315625 0.47375 0.016875 0.02749999999999997
0 0.2915625 0.314167 0.09562499999999999 0.06
0 0.265 0.35875 0.034999999999999976 0.03249999999999997
0 0.2696875 0.480417 0.020625000000000004 0.017500000000000016
0 0.29593749999999996 0.5225 0.011875000000000024 0.01833399999999996
0 0.34062499999999996 0.5095835 0.03875000000000001 0.034167
0 0.3696875 0.4129165 0.03187499999999999 0.02083299999999999
0 0.3909375 0.682917 0.015625 0.022499999999999964
0 0.4096875 0.52625 0.04562499999999997 0.025833999999999913
0 0.3953125 0.4433335 0.014375000000000027 0.011666999999999983
0 0.42781250000000004 0.37875000000000003 0.01687500000000003 0.020833999999999964
0 0.4309375 0.35625 0.02062499999999995 0.02416600000000002
0 0.45406250000000004 0.5029165 0.05437500000000001 0.034167
0 0.4871875 0.8541665 0.06312500000000004 0.06166700000000003
0 0.46781249999999996 0.55875 0.01687500000000003 0.029166000000000025
0 0.4690625 0.3570835 0.014375000000000027 0.029167
0 0.4809375 0.7820834999999999 0.021875000000000033 0.030833
0 0.4846875 0.39166650000000003 0.026874999999999982 0.011667000000000038
0 0.48531250000000004 0.47875 0.02812500000000001 0.02749999999999997
0 0.4934375 0.5645834999999999 0.016874999999999973 0.02083299999999999
0 0.5034375 0.3166665 0.013124999999999998 0.016666999999999987
0 0.515625 0.7370835 0.034999999999999976 0.03416700000000006
0 0.51875 0.36583350000000003 0.028749999999999942 0.018332999999999988
0 0.5484374999999999 0.32958350000000003 0.020625000000000004 0.01583300000000004
0 0.5590625 0.444583 0.020625000000000004 0.02749999999999997
0 0.5925 0.9025000000000001 0.0675 0.08999999999999997
0 0.5840625 0.6058330000000001 0.04562500000000003 0.04500000000000004
0 0.5846875 0.360833 0.018124999999999947 0.015000000000000013
0 0.629375 0.50375 0.013749999999999929 0.009166000000000007
0 0.651875 0.535417 0.036250000000000004 0.01749999999999996
0 0.6446875 0.5820835 0.016874999999999973 0.02416700000000005
0 0.6487499999999999 0.5570835 0.025000000000000022 0.015832999999999986
0 0.6521874999999999 0.4779165 0.020625000000000004 0.025832999999999995
0 0.6646875 0.413333 0.015625 0.010000000000000009
0 0.669375 0.607917 0.006249999999999978 0.03749999999999998
0 0.7184375000000001 0.4925 0.021874999999999978 0.01666599999999996
0 0.75 0.6879165 0.0462499999999999 0.025832999999999995
0 0.7459374999999999 0.7470835 0.020625000000000004 0.03416700000000006
0 0.7625 0.7775 0.053750000000000075 0.03166599999999997
0 0.7515625 0.39625 0.023125000000000062 0.02749999999999997
0 0.7596875000000001 0.4675 0.024374999999999925 0.018334000000000017
0 0.7640625 0.4904165 0.023125000000000062 0.02416699999999994
0 0.7565625 0.5704165 0.0031250000000000444 0.025832999999999995
0 0.76875 0.60375 0.006249999999999978 0.025833999999999913
0 0.784375 0.650833 0.02749999999999997 0.020000000000000018
0 0.8206249999999999 0.76875 0.04749999999999999 0.09416600000000008
0 0.8353125 0.49875 0.046875 0.025833999999999968
0 0.8356250000000001 0.9945835000000001 0.03874999999999995 0.009167000000000036
0 0.8471875 0.8566670000000001 0.015625 0.015000000000000013
0 0.859375 0.6179165 0.03750000000000009 0.030833
0 0.8765625 0.5458335 0.02562500000000001 0.016666999999999987
0 0.8812500000000001 0.5920835 0.03500000000000003 0.02083299999999999
0 0.8790625000000001 0.65875 0.020625000000000004 0.015834000000000015
0 0.8934375 0.567917 0.03312500000000007 0.02750000000000008
0 0.9109375 0.3691665 0.024374999999999925 0.011666999999999983
0 0.9275 0.5137499999999999 0.040000000000000036 0.015834000000000015
0 0.920625 0.3933335 0.02375000000000005 0.018333000000000044
0 0.9225 0.45458299999999996 0.02750000000000008 0.017500000000000016
0 0.921875 0.363333 0.02124999999999999 0.010000000000000009
0 0.9259375000000001 0.99125 0.018125000000000058 0.015834000000000015
0 0.9375 0.77125 0.03875000000000006 0.02750000000000008
0 0.9509375 0.6829164999999999 0.06062499999999993 0.029167000000000054
0 0.95625 0.5254165 0.032500000000000084 0.02416699999999994
0 0.9503125 0.3675 0.015625 0.015000000000000013
0 0.9553125 0.42041649999999997 0.023125000000000062 0.020833000000000046
0 0.9715625 0.5700000000000001 0.01937499999999992 0.019999999999999907
0 0.9884375000000001 0.46499999999999997 0.01937500000000003 0.013334000000000013
0 0.9890625 0.53375 0.020625000000000004 0.020833999999999908
0 0.9909375 0.5679164999999999 0.016874999999999973 0.02083299999999999
