0 0.2990625 0.1808335 0.5606249999999999 0.361667
0 0.1884375 0.0479165 0.05437500000000001 0.08583299999999999
0 0.25625 0.3379165 0.03750000000000003 0.025832999999999995
0 0.261875 0.0679165 0.03625000000000003 0.064167
0 0.286875 0.64375 0.08499999999999996 0.060833999999999944
0 0.33999999999999997 0.0758335 0.044999999999999984 0.061667
0 0.47124999999999995 0.541667 0.26875 0.09499999999999997
0 0.3715625 0.01125 0.02812500000000001 0.0225
0 0.3871875 0.04375 0.018125000000000002 0.035834000000000005
0 0.421875 0.8491664999999999 0.07750000000000001 0.05833300000000008
0 0.424375 0.66125 0.07250000000000001 0.0625
0 0.45281249999999995 0.077083 0.018125000000000002 0.027499999999999997
0 0.48968750000000005 0.125 0.04812500000000003 0.046666
0 0.4871875 0.16999999999999998 0.024375000000000036 0.05166600000000002
0 0.5853125 0.0379165 0.08937499999999998 0.075833
0 0.6221874999999999 0.09208350000000001 0.010624999999999996 0.045833
0 0.6759375 0.359167 0.055625000000000036 0.04999999999999999
0 0.6653125 0.71375 0.011874999999999969 0.022499999999999964
0 0.669375 0.7437499999999999 0.016249999999999987 0.03749999999999998
0 0.6809375 0.6895835 0.01937500000000003 0.035833000000000004
0 0.693125 0.130833 0.03125 0.03499999999999999
0 0.686875 0.26 0.012499999999999956 0.016666000000000014
0 0.6946874999999999 0.7008335 0.020625000000000004 0.02833299999999994
0 0.69125 0.2320835 0.011249999999999982 0.02083299999999999
0 0.7121875 0.7283335 0.016874999999999973 0.03833300000000006
0 0.7268749999999999 0.620833 0.03375000000000006 0.040000000000000036
0 0.7228125000000001 0.23291699999999999 0.010624999999999996 0.022499999999999992
0 0.7521875 0.27125 0.014375000000000027 0.019166000000000016
0 0.7565625 0.235 0.013125000000000053 0.02166599999999999
0 0.766875 0.7579165000000001 0.02375000000000005 0.02083299999999999
0 0.7771874999999999 0.120417 0.013124999999999942 0.02750000000000001
