0 0.518125 0.3825 0.06625000000000003 0.02833399999999997
0 0.5625 0.5808335 0.020000000000000018 0.02833299999999994
0 0.7931250000000001 0.0725 0.41125 0.141666
0 0.624375 0.5583335 0.02124999999999999 0.026666999999999996
0 0.684375 0.575 0.03375000000000006 0.033334000000000086
0 0.7137500000000001 0.318333 0.0675 0.02999999999999997
0 0.7493749999999999 0.7258335 0.026249999999999996 0.018332999999999933
0 0.76625 0.539167 0.02750000000000008 0.03500000000000003
0 0.791875 0.3541665 0.05624999999999991 0.04833299999999996
0 0.840625 0.3366665 0.06874999999999998 0.033333
0 0.9081250000000001 0.8941665 0.028749999999999942 0.03833299999999995
0 0.96375 0.799167 0.02499999999999991 0.04500000000000004
0 0.9825 0.54 0.03249999999999997 0.046665999999999985
