0 0.01 0.4620075 0.02 0.02720499999999998
0 0.21125 0.434803 0.015000000000000013 0.02157600000000004
0 0.2509375 0.4193245 0.040624999999999994 0.024390999999999996
0 0.27125 0.433865 0.010000000000000009 0.042213999999999974
0 0.2990625 0.42213900000000004 0.014375000000000027 0.015010000000000023
0 0.3540625 0.327861 0.12437500000000001 0.134146
0 0.3046875 0.44230800000000003 0.013125000000000053 0.02532799999999996
0 0.494375 0.8330204999999999 0.34625 0.332083
0 0.444375 0.236867 0.2025 0.13602199999999998
0 0.479375 0.542214 0.25500000000000006 0.23639800000000005
0 0.4615625 0.16182 0.18312499999999998 0.066604
0 0.5559375 0.856942 0.06437499999999996 0.17354599999999998
0 0.855 0.8550655 0.28875000000000006 0.28799300000000005
