0 0.0440625 0.249531 0.08562499999999999 0.06941799999999998
0 0.0434375 0.7739214999999999 0.066875 0.07317099999999999
0 0.0884375 0.4193245 0.08187499999999999 0.05628500000000003
0 0.499375 0.4831145 0.89625 0.341463
0 0.413125 0.035178 0.10875000000000001 0.070356
0 0.46562499999999996 0.22514050000000002 0.10374999999999995 0.09756100000000004
0 0.620625 0.37242 0.11375000000000002 0.084428
0 0.6421875 0.6435275 0.06562500000000004 0.07317099999999999
0 0.675625 0.55394 0.0625 0.05909999999999993
0 0.6934374999999999 0.38696050000000004 0.03437499999999993 0.051595
0 0.72375 0.618668 0.03125 0.042213999999999974
0 0.7440625000000001 0.5586305 0.038125000000000075 0.057223000000000024
0 0.754375 0.51454 0.05874999999999997 0.04596599999999995
0 0.760625 0.6233585 0.05624999999999991 0.05909900000000001
0 0.7628125 0.678236 0.05812499999999998 0.065666
0 0.8190625 0.7101314999999999 0.07062500000000005 0.07504699999999997
0 0.8440624999999999 0.8076924999999999 0.06437499999999996 0.05628500000000003
0 0.8440624999999999 0.6097565 0.04062500000000002 0.09756100000000001
0 0.90375 0.2195125 0.15750000000000008 0.159475
0 0.8915625 0.694184 0.07187500000000002 0.060038000000000036
0 0.91 0.804878 0.0625 0.050656000000000034
0 0.9346875 0.32129450000000004 0.07062499999999994 0.05534699999999998
0 0.9703125 0.880863 0.05812499999999998 0.07880000000000009
