0 0.3125 0.08542000000000001 0.39453200000000005 0.156112
0 0.2807615 0.511782 0.40136700000000003 0.360824
0 0.467285 0.488218 0.01855399999999996 0.025035999999999947
0 0.5541995 0.488218 0.03613300000000008 0.025035999999999947
0 0.6030275 0.5169364999999999 0.008789000000000047 0.026509000000000005
0 0.658203 0.49042700000000006 0.03125 0.03829200000000005
0 0.7329105 0.564065 0.07128899999999994 0.05891000000000002
0 0.8115235000000001 0.463181 0.089843 0.05743799999999999
0 0.848633 0.5088365 0.03906200000000004 0.04270899999999994
0 0.9003905000000001 0.513255 0.035156999999999994 0.051545999999999925
0 0.967285 0.5338735 0.028320000000000012 0.025036999999999976
