0 0.071875 0.3945835 0.012499999999999997 0.020833000000000046
0 0.423125 0.284167 0.0037499999999999756 0.0050000000000000044
0 0.45125 0.3425 0.006249999999999978 0.008334000000000008
0 0.451875 0.3225 0.0025000000000000022 0.006666000000000005
0 0.4734375 0.33458350000000003 0.009375000000000022 0.010833000000000037
0 0.484375 0.33375 0.0024999999999999467 0.009166000000000007
0 0.485625 0.3141665 0.004999999999999949 0.0066669999999999785
0 0.48875 0.2991665 0.00874999999999998 0.008333000000000035
0 0.52875 0.2975 0.011250000000000093 0.008334000000000008
0 0.5903125 0.29875 0.023125000000000062 0.015834000000000015
0 0.6187499999999999 0.27625 0.0050000000000000044 0.014166000000000012
