0 0.2640625 0.6845835 0.196875 0.150833
0 0.22375 0.313333 0.15374999999999997 0.11000000000000004
0 0.4303125 0.5975 0.130625 0.09333400000000003
0 0.46406250000000004 0.7345835000000001 0.184375 0.07083300000000003
0 0.5415625 0.36708300000000005 0.18187499999999995 0.1275
0 0.51625 0.6145835 0.11624999999999996 0.06583299999999992
0 0.6165625 0.58125 0.246875 0.08083399999999996
0 0.674375 0.4495835 0.20000000000000007 0.089167
0 0.6559375000000001 0.625833 0.1293749999999999 0.050000000000000044
0 0.65125 0.5329170000000001 0.10250000000000004 0.0675
0 0.724375 0.468333 0.20124999999999993 0.09000000000000002
0 0.7171875 0.2995835 0.06562500000000004 0.095833
0 0.7931250000000001 0.6820835000000001 0.07874999999999999 0.1308330000000001
0 0.8740625 0.452083 0.11937500000000001 0.16749999999999998
