0 0.05625 0.46416650000000004 0.1125 0.19166700000000003
0 0.07 0.261667 0.14 0.16
0 0.17875000000000002 0.20500000000000002 0.10250000000000001 0.293334
0 0.42374999999999996 0.0275 0.175 0.055
0 0.45187499999999997 0.5666665 0.20375 0.08333299999999999
0 0.46125 0.3783335 0.10999999999999999 0.206667
0 0.614375 0.6191665 0.36375 0.17166700000000001
0 0.568125 0.718333 0.10875000000000001 0.09000000000000008
0 0.8275 0.6799999999999999 0.21750000000000003 0.09999999999999998
0 0.87625 0.1066665 0.16000000000000003 0.096667
0 0.9325 0.49583299999999997 0.13250000000000006 0.10499999999999998
