0 0.056875 0.292214 0.11375 0.25985
0 0.1940625 0.2542215 0.38562500000000005 0.508443
0 0.50125 0.4699815 0.99625 0.939963
0 0.2296875 0.0609755 0.275625 0.121951
0 0.36 0.7223265 0.405 0.49155699999999997
0 0.635 0.5136025 0.6325000000000001 0.663227
0 0.42781250000000004 0.1571295 0.17187500000000006 0.314259
0 0.744375 0.1688555 0.4075 0.337711
0 0.6353125 0.773452 0.13312500000000005 0.10600399999999999
0 0.7409375 0.3719515 0.198125 0.5769230000000001
0 0.9299999999999999 0.270638 0.13875000000000004 0.25797400000000004
0 0.9678125 0.5253285 0.06312499999999999 0.24765499999999996
