0 0.0384375 0.189583 0.025625 0.027500000000000024
0 0.0378125 0.288333 0.021875000000000002 0.040000000000000036
0 0.0459375 0.4754165 0.018125000000000002 0.02083299999999999
0 0.065 0.8162499999999999 0.042499999999999996 0.04749999999999999
0 0.0809375 0.5745835 0.025624999999999995 0.025832999999999995
0 0.0821875 0.3720835 0.013124999999999998 0.034167
0 0.1153125 0.3125 0.024375000000000008 0.030000000000000027
0 0.1328125 0.2504165 0.023125000000000007 0.025832999999999995
0 0.148125 0.6241665 0.023749999999999993 0.036667000000000005
0 0.1521875 0.497917 0.02812500000000001 0.02749999999999997
0 0.18375 0.40125 0.013749999999999984 0.03416600000000003
0 0.22375 0.57625 0.037500000000000006 0.029166000000000025
0 0.25 0.7933334999999999 0.04374999999999998 0.053332999999999964
0 0.24375 0.30125 0.023749999999999993 0.017500000000000016
0 0.2734375 0.5595835 0.02562500000000001 0.03416700000000006
0 0.306875 0.5520835 0.03375 0.035833000000000004
0 0.30718749999999995 0.3195835 0.013124999999999998 0.025832999999999995
0 0.33875 0.71375 0.02749999999999997 0.039166000000000034
0 0.35562499999999997 0.4579165 0.03999999999999998 0.030833
0 0.36124999999999996 0.292083 0.028749999999999998 0.02250000000000002
0 0.36343749999999997 0.34625 0.021875000000000033 0.02416600000000002
0 0.3646875 0.48624999999999996 0.01937500000000003 0.02916599999999997
0 0.3690625 0.5895835 0.015625 0.03916700000000006
0 0.4053125 0.7329165 0.06187500000000001 0.07416699999999998
0 0.4046875 0.24291649999999998 0.021875000000000033 0.03083299999999997
0 0.4921875 0.5416665 0.021875000000000033 0.043332999999999955
0 0.506875 0.37083350000000004 0.03875000000000001 0.033333
0 0.5718749999999999 0.9704170000000001 0.10875000000000001 0.057499999999999996
0 0.5478125 0.584583 0.014375000000000027 0.04249999999999998
0 0.596875 0.3375 0.029999999999999916 0.034999999999999976
0 0.6328125 0.3391665 0.018124999999999947 0.031667
0 0.649375 0.547917 0.028749999999999942 0.02750000000000008
0 0.7262500000000001 0.26875 0.025000000000000022 0.02416600000000002
0 0.7675000000000001 0.4941665 0.02749999999999997 0.03833300000000006
0 0.7759375 0.279583 0.03312499999999996 0.02250000000000002
0 0.8746875000000001 0.507917 0.016875000000000084 0.03749999999999998
0 0.9137500000000001 0.735 0.07874999999999999 0.05499999999999994
0 0.9 0.29041700000000004 0.03125 0.02250000000000002
0 0.9346875 0.4708335 0.028124999999999956 0.033333
0 0.9871875 0.48750000000000004 0.024375000000000036 0.044999999999999984
