0 0.348125 0.12000000000000001 0.2425 0.153334
0 0.059375 0.3191665 0.11875 0.15666700000000003
0 0.18562499999999998 0.4375 0.12875 0.09666600000000003
0 0.1759375 0.9683335 0.073125 0.05666700000000002
0 0.181875 0.2875 0.07250000000000001 0.08000000000000002
0 0.184375 0.0791665 0.0675 0.116667
0 0.2478125 0.9575 0.09312499999999999 0.08333400000000002
0 0.26249999999999996 0.302917 0.08625 0.0625
0 0.2734375 0.7050000000000001 0.06437499999999999 0.08833400000000002
0 0.2903125 0.5175 0.05187499999999995 0.04999999999999999
0 0.34625 0.7283335 0.08374999999999999 0.07166700000000004
0 0.4290625 0.4070835 0.070625 0.060833000000000026
0 0.4634375 0.2866665 0.06437499999999996 0.06666700000000003
0 0.5575 0.208333 0.15250000000000002 0.09999999999999998
0 0.5246875 0.45791649999999995 0.075625 0.08916699999999994
0 0.5440625 0.6441665000000001 0.06562500000000004 0.10333300000000001
0 0.5771875 0.3745835 0.051875000000000004 0.08416699999999999
0 0.674375 0.55 0.2387499999999999 0.243334
0 0.6912499999999999 0.1204165 0.12249999999999994 0.065833
0 0.7150000000000001 0.119583 0.15249999999999997 0.11249999999999999
0 0.7075 0.6845829999999999 0.04875000000000007 0.04250000000000009
0 0.711875 0.828333 0.03500000000000003 0.05499999999999994
0 0.7437499999999999 0.8620829999999999 0.07999999999999996 0.0675
0 0.800625 0.1 0.08499999999999996 0.11
0 0.8153125 0.5466664999999999 0.09687500000000004 0.06666699999999992
0 0.8346875 0.2366665 0.02937500000000004 0.05666700000000002
0 0.8587499999999999 0.782917 0.036250000000000004 0.022499999999999964
0 0.8928125 0.4416665 0.05812499999999998 0.088333
0 0.94125 0.6508335000000001 0.10375000000000001 0.05166700000000002
0 0.943125 0.11875000000000001 0.06875000000000009 0.04416600000000001
0 0.9440625 0.030000000000000002 0.06187500000000001 0.056666
0 0.9690624999999999 0.14375 0.055624999999999925 0.035834000000000005
0 0.9728125000000001 0.9333335 0.05312499999999998 0.09666699999999995
0 0.9884375000000001 0.37875000000000003 0.021874999999999978 0.04083399999999998
0 0.9890625 0.538333 0.020625000000000004 0.04999999999999993
0 0.9909375 0.25375 0.016874999999999973 0.035834000000000005
