0 0.0242185 0.6334375 0.048437 0.01937499999999992
0 0.0402345 0.57375 0.055469000000000004 0.015000000000000013
0 0.055078 0.4975 0.060155999999999994 0.02375000000000005
0 0.07421849999999999 0.7093750000000001 0.08906299999999999 0.01749999999999996
0 0.498828 0.2990625 0.917968 0.484375
0 0.14453100000000002 0.655 0.06875 0.02375000000000005
0 0.2375 0.48812500000000003 0.07031200000000001 0.00874999999999998
0 0.232422 0.7734375 0.03828199999999998 0.0943750000000001
0 0.32929699999999995 0.6828125 0.061717999999999995 0.015625
0 0.36757850000000003 0.5778125000000001 0.061719000000000024 0.016875000000000084
0 0.36679700000000004 0.7703125 0.05546800000000002 0.07687499999999992
0 0.5121095 0.774375 0.08515699999999998 0.01749999999999996
0 0.501172 0.8246875 0.06015599999999999 0.015625
0 0.522656 0.8621875 0.05624999999999997 0.015625
0 0.6046875 0.7890625 0.07031299999999996 0.03562500000000002
0 0.7753905 0.693125 0.07890700000000006 0.022499999999999964
0 0.8117185 0.1296875 0.10468699999999997 0.03937500000000001
0 0.8785155 0.7965625000000001 0.09609299999999998 0.026875000000000093
0 0.8972655 0.20375 0.10078100000000001 0.013750000000000012
0 0.9433595 0.7103125 0.050780999999999965 0.02562500000000001
0 0.958594 0.16218749999999998 0.08124999999999993 0.011874999999999997
0 0.9445315000000001 0.5265625 0.04531300000000005 0.016875000000000084
0 0.961328 0.6343749999999999 0.044532000000000016 0.01375000000000004
0 0.965625 0.5925 0.04531200000000002 0.018750000000000044
0 0.9746094999999999 0.7596875 0.04921900000000001 0.015625
0 0.986328 0.5634375 0.02578199999999997 0.008125000000000049
0 0.992578 0.704375 0.013282000000000016 0.01375000000000004
