0 0.059062500000000004 0.8954165000000001 0.071875 0.09583299999999995
0 0.1965625 0.6695835 0.164375 0.07583300000000004
0 0.184375 0.8075 0.12375 0.061666
0 0.2328125 0.9525 0.169375 0.09333400000000003
0 0.3028125 0.562083 0.14687499999999998 0.05750000000000011
0 0.6240625 0.38916700000000004 0.750625 0.19
0 0.4490625 0.6699999999999999 0.188125 0.09999999999999998
0 0.47124999999999995 0.5816665000000001 0.19624999999999998 0.10333300000000001
0 0.5859375 0.5733334999999999 0.20437499999999997 0.09666699999999995
0 0.684375 0.6604165 0.18875000000000008 0.094167
0 0.7209375 0.5429170000000001 0.17937500000000006 0.07750000000000001
0 0.808125 0.675 0.12124999999999997 0.08999999999999997
0 0.9465625 0.7241664999999999 0.10312500000000002 0.06333299999999997
0 0.9884375000000001 0.60625 0.021874999999999978 0.040833999999999926
