0 0.0824075 0.562963 0.164815 0.15555600000000003
0 0.229167 0.6800925 0.197222 0.06574100000000005
0 0.2611115 0.273148 0.137037 0.09814800000000001
0 0.325 0.6027775 0.18148200000000003 0.08333299999999999
0 0.353704 0.3930555 0.17963 0.11944500000000002
0 0.466204 0.4787035 0.20092600000000005 0.16851899999999997
0 0.5402775 0.2912035 0.33796299999999996 0.291667
0 0.537037 0.753241 0.22777799999999998 0.3768520000000001
0 0.5273145 0.0407405 0.16018500000000002 0.081481
0 0.5898145 0.7393514999999999 0.212963 0.08981500000000009
0 0.5680555 0.1453705 0.13796299999999995 0.159259
0 0.6731484999999999 0.223148 0.135185 0.10740799999999998
0 0.7287035 0.647222 0.13888899999999993 0.11851800000000001
0 0.7166669999999999 0.052315 0.07592600000000005 0.10463
0 0.9310185 0.4763885 0.11759299999999995 0.086111
0 0.947685 0.526389 0.10277800000000004 0.17314800000000002
