0 0.2525 0.7714285000000001 0.485 0.382143
0 0.05125 0.609821 0.1025 0.2375
0 0.036875000000000005 0.16607149999999998 0.04125 0.05357100000000001
0 0.044375 0.48750000000000004 0.043750000000000004 0.06785800000000003
0 0.055 0.3125 0.039999999999999994 0.07142800000000005
0 0.07375 0.1482145 0.027499999999999997 0.046429
0 0.095625 0.48035700000000003 0.06125 0.05357200000000001
0 0.093125 0.5303575 0.05374999999999999 0.042857000000000034
0 0.10874999999999999 0.6142855 0.06749999999999999 0.06785699999999995
0 0.12 0.37232149999999997 0.04999999999999999 0.06607100000000005
0 0.34500000000000003 0.47410699999999995 0.3375 0.383928
0 0.20937499999999998 0.0544645 0.06375 0.108929
0 0.299375 0.013393 0.026249999999999996 0.026786
0 0.32375 0.066964 0.04249999999999998 0.023214
0 0.461875 0.19285750000000002 0.27625 0.357143
0 0.580625 0.1633925 0.26375000000000004 0.319643
0 0.516875 0.888393 0.02375000000000005 0.026785999999999976
0 0.5862499999999999 0.9330354999999999 0.04250000000000009 0.04107099999999997
0 0.611875 0.5464285 0.0737500000000001 0.053571000000000035
0 0.651875 0.7348215 0.06374999999999997 0.05535699999999999
0 0.67 0.9089285 0.09499999999999997 0.06428500000000004
0 0.6793750000000001 0.639286 0.053750000000000075 0.050000000000000044
0 0.734375 0.6589285 0.04125000000000001 0.053571000000000035
0 0.790625 0.223214 0.11624999999999996 0.07500000000000001
0 0.8518749999999999 0.8633930000000001 0.0737500000000001 0.12678599999999995
0 0.87125 0.0223215 0.11250000000000004 0.044643
0 0.8825000000000001 0.5991070000000001 0.08500000000000008 0.06607200000000002
0 0.8943749999999999 0.474107 0.03874999999999995 0.041072
0 0.9281250000000001 0.10446449999999999 0.05625000000000002 0.069643
0 0.98125 0.7482139999999999 0.03500000000000003 0.060714000000000046
0 0.986875 0.2 0.02375000000000005 0.046428
