0 0.06135 0.2996495 0.061349999999999995 0.09228900000000001
0 0.1503065 0.1845795 0.10604700000000002 0.13785099999999997
0 0.22830849999999997 0.3761685 0.146363 0.19392500000000001
0 0.3667835 0.2803735 0.106047 0.12149500000000002
0 0.357581 0.17698599999999998 0.04908000000000001 0.059579999999999994
0 0.48773 0.234229 0.07099000000000005 0.10397200000000001
0 0.5482035 0.1577105 0.06923699999999999 0.07009300000000002
0 0.6538124999999999 0.323598 0.10692299999999999 0.14252399999999998
0 0.7024539999999999 0.1734815 0.08851799999999999 0.106309
0 0.9206840000000001 0.244743 0.06573200000000001 0.10163600000000003
