0 0.188965 0.7513019999999999 0.37793 0.494792
0 0.382324 0.33333349999999995 0.02050799999999997 0.018228999999999995
0 0.384277 0.546875 0.010741999999999974 0.01041599999999998
0 0.39501949999999997 0.7519534999999999 0.010743000000000003 0.019531000000000076
0 0.39501949999999997 0.7845055 0.010743000000000003 0.019530999999999965
0 0.3984375 0.6354165 0.007812999999999959 0.01041700000000001
0 0.4023435 0.453125 0.015625 0.01041599999999998
0 0.3999025 0.4264325 0.004882999999999971 0.014322999999999975
0 0.4086915 0.7200519999999999 0.012695000000000012 0.02343799999999996
0 0.4111325 0.5833330000000001 0.01171899999999998 0.03645799999999999
0 0.42041 0.699219 0.01269600000000004 0.02343799999999996
0 0.4204105 0.436198 0.008788999999999991 0.013019999999999976
0 0.421387 0.639974 0.002929999999999988 0.006510000000000016
0 0.42578150000000003 0.388672 0.01171899999999998 0.009114000000000011
0 0.4282225 0.9264325 0.014649000000000023 0.016926999999999914
0 0.432129 0.0104165 0.020508000000000026 0.020833
0 0.43115250000000005 0.5410159999999999 0.008788999999999991 0.029947999999999975
0 0.43408199999999997 0.4049475 0.0048819999999999975 0.015625
0 0.4453125 0.671875 0.025391000000000052 0.02864599999999995
0 0.4438475 0.22200550000000002 0.014649000000000023 0.011719000000000007
0 0.451172 0.4967445 0.007811999999999986 0.014322999999999975
0 0.4526365 0.3014325 0.004882999999999971 0.014322999999999975
0 0.4614255 0.826172 0.018554999999999988 0.053385999999999934
0 0.458496 0.528646 0.006836000000000009 0.03385399999999994
0 0.4741215 0.32291650000000005 0.02246100000000001 0.018228999999999995
0 0.4765625 0.8450519999999999 0.015625 0.07031200000000004
0 0.477051 0.6308595 0.016602000000000006 0.022135000000000016
0 0.477051 0.6035155000000001 0.014647999999999994 0.014322999999999975
0 0.496582 0.690104 0.028320000000000012 0.02343799999999996
0 0.493164 0.0227865 0.011718000000000006 0.006510999999999999
0 0.5014645 0.111979 0.02246100000000001 0.020834000000000005
0 0.5161135 0.515625 0.0185550000000001 0.03385400000000005
0 0.5268554999999999 0.78125 0.014649000000000023 0.02343800000000007
0 0.5375975 0.0045575 0.016600999999999977 0.009115
0 0.5483395 0.7799475 0.018554999999999988 0.04427099999999995
0 0.565918 0.9856769999999999 0.016602000000000006 0.02343799999999996
0 0.582031 0.247396 0.04492200000000002 0.03385399999999997
0 0.5898435 0.31705700000000003 0.02343700000000004 0.03515600000000002
0 0.6293945 0.9928385 0.02636700000000003 0.011718999999999924
0 0.6552735000000001 0.8873694999999999 0.03710899999999995 0.016927000000000025
0 0.661621 0.747396 0.024413999999999936 0.03125
0 0.6635745 0.84375 0.02636699999999992 0.02083400000000002
0 0.7026365 0.6464840000000001 0.03613299999999997 0.029947999999999975
0 0.6972659999999999 0.7910155000000001 0.013672000000000017 0.045572999999999975
0 0.703125 0.891276 0.02343800000000007 0.040363999999999955
0 0.720703 0.173177 0.025390000000000024 0.03645799999999999
0 0.791992 0.42122400000000004 0.056640000000000024 0.016928
0 0.7915034999999999 0.938151 0.022460999999999953 0.032552000000000025
0 0.8037110000000001 0.986979 0.009766000000000052 0.02343799999999996
0 0.837402 0.267578 0.02050799999999997 0.02213599999999999
0 0.8535155000000001 0.0201825 0.03320299999999998 0.022135000000000002
0 0.8569335 0.725911 0.032227000000000006 0.06380200000000003
0 0.8876955 0.34635400000000005 0.042969000000000035 0.033853999999999995
0 0.921875 0.077474 0.04687400000000008 0.027344000000000007
0 0.95166 0.017578 0.04980400000000007 0.035156
0 0.9746094999999999 0.5455725 0.03320299999999998 0.078125
0 0.9746095 0.3352865 0.02539099999999994 0.053385000000000016
