0 0.2553125 0.80375 0.163125 0.14583400000000002
0 0.068125 0.4704165 0.03125000000000001 0.024166999999999994
0 0.1359375 0.429583 0.014374999999999999 0.022499999999999964
0 0.1365625 0.4870835 0.008124999999999993 0.030832999999999944
0 0.184375 0.45875 0.02375000000000002 0.029166000000000025
0 0.1940625 0.5020835 0.03437499999999999 0.01916699999999999
0 0.23031249999999998 0.5579164999999999 0.050625 0.03416699999999995
0 0.2503125 0.577917 0.030625000000000013 0.022499999999999964
0 0.2590625 0.50625 0.020624999999999977 0.027500000000000024
0 0.30374999999999996 0.4779165 0.027500000000000024 0.025832999999999995
0 0.3890625 0.6441665000000001 0.060624999999999984 0.04166700000000001
0 0.3884375 0.4595835 0.02562500000000001 0.04083300000000001
0 0.4375 0.48125 0.02375000000000005 0.019166000000000016
0 0.47875 0.817917 0.03875000000000001 0.11749999999999994
