0 0.34375 0.296435 0.07999999999999996 0.36773
0 0.20625 0.7973735 0.0875 0.266417
0 0.43937499999999996 0.6998125 0.12624999999999997 0.18011300000000008
0 0.463125 0.3968105 0.10874999999999996 0.14071299999999998
0 0.506875 0.5300185 0.16375 0.07692299999999996
0 0.51125 0.7457785 0.06 0.21200700000000006
0 0.5725 0.2879925 0.13250000000000006 0.11069499999999999
0 0.625625 0.964353 0.06125000000000003 0.06754199999999999
0 0.714375 0.2889305 0.19125000000000003 0.090057
0 0.7124999999999999 0.641651 0.09750000000000003 0.21763600000000005
0 0.75 0.899625 0.05499999999999994 0.196998
0 0.7962499999999999 0.606942 0.0675 0.23827400000000004
0 0.875625 0.5272045 0.10375000000000001 0.08630299999999996
