0 0.6523435 0.706543 0.109375 0.07519600000000004
0 0.047526 0.15869100000000003 0.024739999999999998 0.010742000000000002
0 0.1204425 0.6611324999999999 0.11328099999999999 0.06054700000000002
0 0.1080725 0.27197249999999995 0.015625 0.02246100000000001
0 0.111979 0.17724600000000001 0.020834000000000005 0.026367999999999975
0 0.2148435 0.217773 0.080729 0.0625
0 0.3671875 0.3173825 0.08072900000000005 0.05078100000000002
0 0.4010415 0.21875 0.015625 0.011718000000000006
0 0.404948 0.5258784999999999 0.020833999999999964 0.022460999999999953
0 0.41145849999999995 0.49609349999999997 0.013021000000000005 0.01171899999999998
0 0.42513 0.423828 0.027344000000000035 0.03125
0 0.421875 0.48291 0.01562600000000003 0.01074200000000003
0 0.4733075 0.4785155 0.014322999999999975 0.015625
0 0.547526 0.501465 0.06640600000000008 0.051758000000000026
0 0.5260415 0.5634765 0.02083299999999999 0.015625
0 0.564453 0.8554685 0.027344000000000035 0.029297000000000017
0 0.5904944999999999 0.5078125 0.016927000000000025 0.011719000000000035
0 0.6158855000000001 0.5532225 0.02083299999999999 0.022460999999999953
0 0.658203 0.937988 0.10286400000000007 0.06542999999999999
0 0.6145835 0.5791014999999999 0.01302100000000006 0.019531000000000076
0 0.6640625 0.1738285 0.09635499999999997 0.06445299999999998
0 0.6295575 0.5688475 0.019530999999999965 0.018554999999999988
0 0.6673175 0.8662110000000001 0.07161499999999998 0.042968000000000006
0 0.6653644999999999 0.557617 0.01041700000000001 0.017577999999999983
0 0.6829425 0.6259765 0.011719000000000035 0.015625
0 0.6972655 0.8081055 0.024739000000000066 0.03417899999999996
0 0.6972655000000001 0.5375975 0.014322999999999975 0.012695000000000012
0 0.7252605 0.59375 0.01302099999999995 0.009765999999999941
0 0.7330725 0.541992 0.015625 0.02343799999999996
0 0.7356775 0.739258 0.015625 0.009766000000000052
0 0.761719 0.777344 0.03906200000000004 0.027344000000000035
0 0.8183595 0.9824215000000001 0.11588500000000002 0.03320299999999998
0 0.781901 0.6308594999999999 0.024739999999999984 0.03320299999999998
0 0.83138 0.475098 0.061198000000000086 0.05566399999999999
0 0.8209635 0.7631835 0.014322999999999975 0.02832100000000004
0 0.9759115 0.8305659999999999 0.045572999999999975 0.05566400000000005
