0 0.6669795000000001 0.47406249999999994 0.33020700000000003 0.190625
0 0.120075 0.2578125 0.24015 0.193125
0 0.131332 0.096875 0.262664 0.19375
0 0.154784 0.380625 0.309568 0.18625000000000003
0 0.15572249999999999 0.510625 0.266417 0.15874999999999995
0 0.13977499999999998 0.6309374999999999 0.21575999999999998 0.12687499999999996
0 0.2992495 0.08125 0.21013099999999998 0.1625
0 0.272045 0.283125 0.14634200000000003 0.08375000000000002
0 0.2987805 0.7146874999999999 0.158537 0.14312500000000006
0 0.31050700000000003 0.5171875 0.172608 0.16937500000000005
0 0.2898685 0.8425 0.12570299999999998 0.13
0 0.5361165 0.1253125 0.469981 0.239375
0 0.4427765 0.2628125 0.18949299999999997 0.244375
0 0.45684800000000003 0.57875 0.18198800000000004 0.18999999999999995
0 0.464353 0.43875000000000003 0.15197 0.14875000000000005
0 0.5628515000000001 0.22249999999999998 0.138837 0.17124999999999999
0 0.7542215 0.1190625 0.27954900000000005 0.230625
0 0.859287 0.2746875 0.27954999999999997 0.20687499999999998
0 0.878518 0.42781250000000004 0.24108799999999997 0.184375
0 0.890244 0.774375 0.21763600000000005 0.18125000000000002
