0 0.7046875 0.4619795 0.109375 0.08437500000000003
0 0.1347655 0.28125 0.161719 0.09583399999999997
0 0.10820300000000001 0.5687500000000001 0.05859400000000001 0.04791599999999996
0 0.1460935 0.1817705 0.115625 0.09062500000000001
0 0.1789065 0.5625 0.046875 0.050000000000000044
0 0.2453125 0.3848955 0.093751 0.09062499999999996
0 0.2839845 0.563542 0.030469000000000024 0.03125
0 0.2933595 0.619271 0.011719000000000035 0.023957999999999924
0 0.37890650000000003 0.883854 0.04843700000000001 0.06354199999999999
0 0.39023450000000004 0.4265625 0.067969 0.07604100000000003
0 0.4203125 0.5166665 0.039063000000000014 0.041666999999999954
0 0.45390600000000003 0.763021 0.039061999999999986 0.08020799999999995
0 0.575 0.7182295000000001 0.10625000000000007 0.09062500000000007
0 0.545703 0.2796875 0.027343999999999924 0.04062499999999997
0 0.582422 0.4046875 0.042968000000000006 0.032291000000000014
0 0.6125 0.594271 0.03906200000000004 0.03645799999999999
0 0.653125 0.2864585 0.051562 0.039583000000000035
0 0.764453 0.725 0.03984399999999999 0.0625
