0 0.24562499999999998 0.3926555 0.31125 0.21845499999999995
0 0.23593750000000002 0.5871 0.281875 0.28154399999999996
0 0.299375 0.207627 0.29374999999999996 0.330508
0 0.2746875 0.756591 0.22062500000000002 0.43596999999999997
0 0.41031249999999997 0.1845575 0.18937500000000002 0.369115
0 0.4065625 0.80838 0.125625 0.38135600000000003
0 0.5353125 0.8192090000000001 0.18812500000000004 0.35969799999999996
0 0.5328125 0.195857 0.12937500000000002 0.391714
0 0.6475 0.7730695 0.29500000000000004 0.310735
0 0.7075 0.6092280000000001 0.3175 0.160076
0 0.661875 0.227872 0.20875 0.455744
0 0.7059375 0.38888900000000004 0.276875 0.31826800000000005
