0 0.2054685 0.5859375 0.410937 0.09687500000000004
0 0.2078125 0.839063 0.415625 0.3187500000000001
0 0.2179685 0.4351565 0.370313 0.11718700000000004
0 0.246875 0.28984350000000003 0.3125 0.10468700000000003
0 0.215625 0.1757815 0.1875 0.067187
0 0.577344 0.3 0.304688 0.08750000000000002
0 0.6203125 0.4476565 0.35937500000000006 0.13281300000000007
0 0.6601565 0.6039065 0.42343699999999995 0.09218700000000002
0 0.5375 0.857812 0.10000000000000003 0.26249999999999996
0 0.75 0.8398435 0.4968760000000001 0.29531300000000005
0 0.605469 0.18359350000000002 0.15468800000000005 0.06406300000000001
0 0.8296875 0.18125 0.27500100000000005 0.071874
0 0.8757815 0.2921875 0.245313 0.08750100000000002
0 0.9031255 0.4375 0.19062500000000004 0.146876
0 0.949219 0.596875 0.09843800000000003 0.11249999999999993
