0 0.0965625 0.515 0.193125 0.14500000000000002
0 0.09593750000000001 0.31 0.096875 0.04833399999999999
0 0.19125 0.5654170000000001 0.07 0.057499999999999996
0 0.21249999999999997 0.1670835 0.07749999999999999 0.07583299999999998
0 0.236875 0.1558335 0.03500000000000003 0.04333299999999998
0 0.260625 0.10500000000000001 0.07000000000000003 0.051666000000000004
0 0.290625 0.2754165 0.03750000000000003 0.02083299999999999
0 0.295625 0.774167 0.03875000000000001 0.039999999999999925
0 0.2934375 0.373333 0.029374999999999984 0.05499999999999999
0 0.301875 0.2708335 0.03125 0.10166699999999998
0 0.4871875 0.0816665 0.026874999999999982 0.04666699999999999
0 0.495 0.2004165 0.03249999999999997 0.03916700000000001
0 0.5178125 0.8470835 0.020625000000000004 0.03416700000000006
0 0.6737500000000001 0.0308335 0.028749999999999942 0.061667
0 0.6796875 0.64125 0.026874999999999982 0.022499999999999964
0 0.6984375 0.951667 0.05687500000000001 0.04999999999999993
0 0.7240625 0.39749999999999996 0.09312500000000001 0.05499999999999999
0 0.7915625 0.63375 0.09312500000000001 0.04416600000000004
0 0.80375 0.7341664999999999 0.04749999999999999 0.1083329999999999
0 0.8690625000000001 0.230833 0.09312500000000001 0.054999999999999966
