0 0.574375 0.7668855 0.26249999999999996 0.272983
0 0.1584375 0.925422 0.313125 0.14727999999999997
0 0.1065625 0.7978425 0.18562499999999998 0.08911899999999995
0 0.168125 0.694653 0.29124999999999995 0.11726000000000003
0 0.17125 0.447467 0.15375 0.15384600000000004
0 0.37 0.8700755 0.3225 0.13977499999999998
0 0.366875 0.766886 0.26 0.10787999999999998
0 0.5440625 0.532833 0.32312499999999994 0.23452199999999995
0 0.580625 0.2528145 0.16000000000000003 0.209193
0 0.6190625000000001 0.96576 0.22687500000000005 0.066604
0 0.7618750000000001 0.348968 0.25375000000000003 0.08255199999999996
0 0.87 0.8536585 0.25750000000000006 0.099437
0 0.86625 0.9831145 0.21375 0.03189500000000001
0 0.8778125 0.506567 0.14187499999999997 0.28330199999999994
