0 0.2578125 0.9316665 0.220625 0.12333300000000003
0 0.0421875 0.344583 0.013125000000000005 0.027500000000000024
0 0.129375 0.8170835000000001 0.09124999999999998 0.054166999999999965
0 0.1328125 0.4379165 0.010624999999999996 0.025832999999999995
0 0.15718749999999998 0.6154165 0.03312499999999999 0.029167000000000054
0 0.23531249999999998 0.5945835 0.02687500000000001 0.025832999999999995
0 0.27749999999999997 0.50625 0.03375 0.027500000000000024
0 0.2778125 0.6220835 0.011875000000000024 0.025832999999999995
0 0.2846875 0.5529165 0.021875000000000033 0.02416699999999994
0 0.2884375 0.6012500000000001 0.019374999999999976 0.030833999999999917
0 0.318125 0.6304164999999999 0.06874999999999998 0.06916700000000009
0 0.3134375 0.5458335 0.030625000000000013 0.023333000000000048
0 0.325625 0.4604165 0.040000000000000036 0.035833000000000004
0 0.39875 0.3933335 0.09250000000000003 0.06666700000000003
0 0.3921875 0.5595835 0.015625 0.04083300000000001
0 0.41500000000000004 0.3254165 0.02999999999999997 0.044166999999999956
0 0.41812499999999997 0.2733335 0.028749999999999998 0.05166700000000002
0 0.43562500000000004 0.46499999999999997 0.03250000000000003 0.016666000000000014
0 0.48343749999999996 0.462917 0.029374999999999984 0.027500000000000024
0 0.475 0.42708349999999995 0.010000000000000009 0.034167
0 0.5293749999999999 0.25458349999999996 0.11875000000000002 0.07583299999999998
0 0.5325 0.4904165 0.04249999999999998 0.030833
0 0.5318750000000001 0.525417 0.036250000000000004 0.02749999999999997
0 0.559375 0.391667 0.07124999999999992 0.06
0 0.608125 0.32708349999999997 0.07999999999999996 0.06916700000000003
0 0.5815625 0.5870835 0.024375000000000036 0.04416700000000007
0 0.599375 0.4375 0.04249999999999998 0.04166599999999998
0 0.610625 0.525417 0.010000000000000009 0.01749999999999996
0 0.6571875 0.38 0.10312500000000002 0.10499999999999998
0 0.65375 0.147917 0.08875 0.0825
0 0.6415625 0.4820835 0.02312499999999995 0.02083299999999999
0 0.6596875 0.5683335 0.02562500000000001 0.03833300000000006
0 0.6828125 0.6820835 0.06187500000000001 0.089167
0 0.7365625 0.46375 0.016874999999999973 0.029166000000000025
0 0.7765625 0.76 0.05812499999999998 0.050000000000000044
0 0.8025 0.3675 0.050000000000000044 0.08499999999999996
0 0.84875 0.5854170000000001 0.0475000000000001 0.04749999999999999
0 0.8540625 0.8429165000000001 0.04062500000000002 0.04916700000000007
0 0.8746875 0.3025 0.06812499999999999 0.10166600000000003
0 0.8775 0.54 0.039999999999999925 0.05333399999999999
0 0.9884375000000001 0.503333 0.021874999999999978 0.050000000000000044
