0 0.0309375 0.871667 0.061875 0.05500000000000005
0 0.0528125 0.32 0.09812499999999999 0.14
0 0.06812499999999999 0.7891665 0.07625 0.161667
0 0.1040625 0.31666649999999996 0.086875 0.06666699999999998
0 0.1290625 0.51375 0.098125 0.13416600000000006
0 0.173125 0.02625 0.07500000000000001 0.0525
0 0.2446875 0.211667 0.01937500000000003 0.06
0 0.30375 0.9570835 0.04125000000000001 0.08416699999999999
0 0.344375 0.7108335 0.05249999999999999 0.09166699999999994
0 0.36375 0.9154165 0.034999999999999976 0.07916699999999999
0 0.4928125 0.07125000000000001 0.05312500000000003 0.079166
0 0.54625 0.056249999999999994 0.04125000000000001 0.032499999999999994
0 0.5459375 0.5558335 0.01937500000000003 0.05666700000000002
0 0.6434375 0.3354165 0.028124999999999956 0.07083300000000003
0 0.6768749999999999 0.180417 0.026249999999999996 0.0875
0 0.7353125 0.07125 0.05687500000000001 0.069166
0 0.7725 0.093333 0.04375000000000007 0.05499999999999999
0 0.8178125 0.4983335 0.10812499999999992 0.158333
0 0.7996875 0.0125 0.06937499999999996 0.025
0 0.8584375 0.3370835 0.05062500000000003 0.07416700000000004
0 0.90875 0.50875 0.08875 0.02749999999999997
0 0.9228125 0.1254165 0.06312499999999999 0.04916699999999999
0 0.95375 0.9545835 0.09125000000000005 0.089167
