0 0.026367 0.923828 0.052734 0.040364000000000066
0 0.042480500000000004 0.130859 0.014649000000000002 0.02994799999999999
0 0.0727535 0.4277345 0.067383 0.08203100000000002
0 0.0571285 0.19205699999999998 0.022461000000000002 0.029948000000000002
0 0.0673825 0.608724 0.033203 0.061197999999999975
0 0.1123045 0.17513050000000002 0.04101500000000001 0.019530999999999993
0 0.1035155 0.188802 0.021485000000000004 0.02083400000000002
0 0.12695299999999998 0.048827999999999996 0.037110000000000004 0.022135999999999996
0 0.12793 0.20117200000000002 0.02148399999999999 0.024740000000000012
0 0.144043 0.204427 0.03417999999999999 0.03125
0 0.21337899999999999 0.674479 0.032226000000000005 0.02604200000000001
0 0.211914 0.3287765 0.009765999999999997 0.01432300000000003
0 0.2294925 0.2467445 0.011719000000000007 0.01432300000000003
0 0.256348 0.31315099999999996 0.010741999999999974 0.03515600000000002
0 0.28125 0.3502605 0.013672000000000017 0.026041000000000036
0 0.2836915 0.1907555 0.016600999999999977 0.022135000000000016
0 0.2973635 0.611328 0.030272999999999994 0.024739999999999984
0 0.427246 0.203776 0.026368000000000003 0.016928
0 0.45166 0.3619795 0.014647999999999994 0.013021000000000005
0 0.47998050000000003 0.375 0.014648999999999968 0.007812000000000041
0 0.48095699999999997 0.42252599999999996 0.012695999999999985 0.02734399999999998
0 0.48584 0.35611950000000003 0.016602000000000006 0.01171899999999998
0 0.499512 0.4433595 0.028320000000000012 0.022135000000000016
0 0.5 0.29622400000000004 0.017578000000000038 0.009114000000000011
0 0.508301 0.5878905000000001 0.034180000000000044 0.016927000000000025
0 0.5009765 0.34700549999999997 0.015625000000000056 0.01692699999999997
0 0.501953 0.39453150000000003 0.013672000000000073 0.018228999999999995
0 0.513672 0.12109400000000001 0.03125 0.028646000000000005
0 0.5087895 0.421875 0.015625 0.00520799999999999
0 0.661133 0.486979 0.32031200000000004 0.182292
0 0.5175780000000001 0.356771 0.019531999999999994 0.02343799999999996
0 0.5146485000000001 0.33138049999999997 0.011718999999999924 0.00911500000000004
0 0.5180665 0.31315099999999996 0.012695000000000012 0.014322000000000001
0 0.5268554999999999 0.7200519999999999 0.020506999999999942 0.02343799999999996
0 0.7597655 0.7903644999999999 0.478515 0.416667
0 0.5288085 0.7636715000000001 0.014649000000000023 0.011718999999999924
0 0.5322265 0.3795575 0.015625 0.011719000000000035
0 0.5371090000000001 0.6386715000000001 0.017577999999999983 0.045572999999999975
0 0.5400395 0.33203150000000003 0.015625 0.007813000000000014
0 0.5493165 0.7109375 0.018554999999999988 0.015625
0 0.557129 0.876302 0.028320000000000012 0.013020000000000032
0 0.5527340000000001 0.3763025 0.013672000000000017 0.018228999999999995
0 0.5561525 0.8502605000000001 0.012695000000000012 0.007812999999999959
0 0.5659179999999999 0.7923175 0.03222599999999998 0.019530999999999965
0 0.5625 0.6946615 0.02343800000000007 0.014322999999999975
0 0.576172 0.953125 0.027344000000000035 0.0260419999999999
0 0.577148 0.8496095 0.013671999999999906 0.019530999999999965
0 0.5795895 0.3665365 0.018554999999999988 0.022135000000000016
0 0.5844725 0.6803385 0.02636699999999992 0.016927000000000025
0 0.5981445000000001 0.7994794999999999 0.020506999999999942 0.01041700000000001
0 0.613281 0.8789065 0.027344000000000035 0.015625
0 0.6152340000000001 0.7552085 0.017577999999999983 0.015625
0 0.623047 0.360677 0.00781199999999993 0.026041999999999954
0 0.6376955 0.42578150000000003 0.015625 0.007813000000000014
0 0.6445315 0.920573 0.019530999999999965 0.01822999999999997
0 0.6586915 0.796875 0.032227000000000006 0.02343800000000007
0 0.668457 0.422526 0.01269600000000004 0.011718000000000006
0 0.6733395 0.3808595 0.022461000000000064 0.01432300000000003
0 0.6865235000000001 0.8470055000000001 0.019531000000000076 0.016927000000000025
0 0.685059 0.9596355 0.01074200000000003 0.015625
0 0.6972659999999999 0.4309895 0.017577999999999983 0.015625
0 0.70459 0.893229 0.01269599999999993 0.02604200000000001
0 0.708496 0.6822915 0.01855399999999996 0.015625
0 0.7158205 0.3964845 0.025391000000000052 0.01171899999999998
0 0.7177735000000001 0.9264325 0.009764999999999913 0.019530999999999965
0 0.7431639999999999 0.7721355000000001 0.025389999999999913 0.02083299999999999
0 0.7475585 0.921875 0.016600999999999977 0.0260419999999999
0 0.758301 0.391927 0.02050799999999997 0.007811999999999986
0 0.7880860000000001 0.4166665 0.019531999999999994 0.015625
0 0.8012695000000001 0.9622395 0.016600999999999977 0.02604099999999998
0 0.84375 0.669271 0.02148400000000006 0.020833999999999908
0 0.890625 0.7753909999999999 0.017578000000000094 0.029947999999999975
0 0.9101565 0.921875 0.015625 0.015625999999999918
