0 0.0472655 0.24443150000000002 0.094531 0.05041100000000001
0 0.0894535 0.4478315 0.055469 0.05861700000000003
0 0.1472655 0.48065650000000004 0.149219 0.15474700000000002
0 0.1578125 0.161782 0.14843699999999999 0.107854
0 0.19492199999999998 0.960141 0.13671799999999998 0.07737400000000005
0 0.24960949999999998 0.30187600000000003 0.094531 0.09027000000000002
0 0.285547 0.6875735000000001 0.024217999999999962 0.08089099999999994
0 0.336719 0.5932005 0.11875000000000002 0.15943700000000005
0 0.32890600000000003 0.1887455 0.07968800000000004 0.09378699999999998
0 0.450391 0.31535749999999996 0.07109399999999999 0.044549000000000005
0 0.548047 0.6389214999999999 0.185156 0.14536899999999997
0 0.4921875 0.303048 0.06562500000000004 0.06916800000000001
0 0.5 0.027549999999999998 0.06718800000000003 0.041032
0 0.5480465 0.489449 0.149219 0.137162
0 0.526172 0.49355249999999995 0.08984399999999998 0.06799499999999997
0 0.5167965 0.3358735 0.06953100000000001 0.06916699999999998
0 0.667969 0.4953105 0.06718800000000003 0.08323499999999995
0 0.725781 0.7590855000000001 0.07499999999999996 0.07385699999999995
0 0.825 0.338804 0.06718799999999991 0.14068000000000003
0 0.8917965000000001 0.365182 0.10703099999999999 0.10433800000000004
0 0.8535159999999999 0.5797185 0.028905999999999987 0.06916699999999998
0 0.9535155 0.8223914999999999 0.06796900000000006 0.06447900000000006
