0 0.3303125 0.5029165 0.085625 0.10916700000000001
0 0.0184375 0.43625 0.036875 0.12916599999999995
0 0.049687499999999996 0.994167 0.050624999999999996 0.010000000000000009
0 0.05437499999999999 0.2525 0.032499999999999994 0.063334
0 0.07468749999999999 0.10208350000000001 0.056874999999999995 0.07583300000000001
0 0.10375000000000001 0.1295835 0.0475 0.024166999999999994
0 0.095 0.3795835 0.01125000000000001 0.030833
0 0.14625 0.0604165 0.027499999999999997 0.024166999999999994
0 0.168125 0.40375 0.048750000000000016 0.07250000000000001
0 0.1771875 0.22208299999999997 0.05312499999999998 0.08249999999999999
0 0.1796875 0.1520835 0.050624999999999976 0.030833
0 0.21281250000000002 0.192083 0.061874999999999986 0.0325
0 0.2315625 0.1466665 0.053125000000000006 0.048333000000000015
0 0.2165625 0.3875 0.021875000000000006 0.05333399999999999
0 0.284375 0.053750000000000006 0.05249999999999999 0.030834000000000007
0 0.338125 0.22875 0.07750000000000001 0.07416599999999998
0 0.33906250000000004 0.1070835 0.018125000000000002 0.024166999999999994
0 0.34468750000000004 0.0670835 0.023125000000000007 0.020832999999999997
0 0.36125 0.8891665 0.026249999999999996 0.04166700000000001
0 0.37187499999999996 0.1070835 0.03875000000000001 0.044167
0 0.38 0.795417 0.022499999999999964 0.04249999999999998
0 0.3928125 0.14541700000000002 0.029374999999999984 0.022499999999999992
0 0.4078125 0.073333 0.049375 0.04
0 0.445625 0.9733335000000001 0.040000000000000036 0.05166700000000002
0 0.4465625 0.605417 0.025624999999999953 0.03249999999999997
0 0.4471875 0.22125 0.026874999999999982 0.02250000000000002
0 0.4903125 0.1645835 0.020625000000000004 0.025832999999999995
0 0.5615625 0.3816665 0.05937500000000007 0.04333300000000001
0 0.6071875 0.5395835 0.09562500000000007 0.06916699999999998
0 0.5800000000000001 0.8058335 0.036250000000000004 0.046667000000000014
0 0.6159375 0.235417 0.02562500000000001 0.03249999999999997
0 0.6737500000000001 0.2129165 0.036250000000000004 0.060833
0 0.8075 0.136667 0.02750000000000008 0.039999999999999994
0 0.8546875 0.209167 0.04937500000000006 0.04500000000000001
0 0.90375 0.6566665 0.029999999999999916 0.04833300000000007
