0 0.0125 0.505 0.025 0.04666600000000004
0 0.03375 0.700417 0.0675 0.07250000000000001
0 0.0753125 0.937083 0.150625 0.05750000000000011
0 0.0278125 0.9833335000000001 0.025625000000000002 0.031667
0 0.196875 0.29125 0.33125 0.18416599999999997
0 0.0625 0.5720835 0.046250000000000006 0.025832999999999995
0 0.0678125 0.6095835000000001 0.030625000000000006 0.025833000000000106
0 0.10468749999999999 0.7829165 0.026874999999999996 0.02416700000000005
0 0.15875 0.48625 0.04749999999999999 0.02416600000000002
0 0.1478125 0.6000000000000001 0.020624999999999977 0.03500000000000003
0 0.3046875 0.37375 0.28812499999999996 0.13916599999999996
0 0.19343749999999998 0.59875 0.024375000000000008 0.029166000000000025
0 0.2175 0.8691665 0.036250000000000004 0.031667
0 0.21687499999999998 0.689167 0.027499999999999997 0.040000000000000036
0 0.2278125 0.734583 0.020625000000000004 0.02750000000000008
0 0.234375 0.5970835 0.033749999999999974 0.025832999999999995
0 0.29375 0.7729165 0.036250000000000004 0.02416700000000005
0 0.4009375 0.4179165 0.23812500000000003 0.14083300000000004
0 0.3203125 0.932083 0.05812499999999998 0.03249999999999997
0 0.329375 0.58125 0.027500000000000024 0.02416600000000002
0 0.4475 0.2279165 0.25875000000000004 0.12916699999999998
0 0.34750000000000003 0.7416665 0.03750000000000003 0.023333000000000048
0 0.35562499999999997 0.8770835 0.03375 0.025832999999999995
0 0.3978125 0.12375 0.109375 0.08583400000000001
0 0.4315625 0.2195835 0.17437500000000006 0.139167
0 0.3571875 0.6325000000000001 0.023125000000000007 0.03833399999999998
0 0.385 0.8495835 0.03249999999999997 0.019167000000000045
0 0.4390625 0.9358335 0.133125 0.12666699999999997
0 0.3978125 0.7462500000000001 0.04562500000000003 0.025834000000000024
0 0.39656250000000004 0.6420835 0.029374999999999984 0.015832999999999986
0 0.47281249999999997 0.305 0.179375 0.15166599999999997
0 0.43062500000000004 0.83375 0.028749999999999998 0.015834000000000015
0 0.4984375 0.44958299999999995 0.16437499999999994 0.17749999999999994
0 0.446875 0.9354165 0.03250000000000003 0.03916699999999995
0 0.45718749999999997 0.80125 0.03437499999999999 0.022499999999999964
0 0.5134375 0.0758335 0.13687500000000002 0.151667
0 0.4709375 0.9804165 0.023125000000000007 0.025832999999999995
0 0.4971875 0.7158335 0.021875000000000033 0.023333000000000048
0 0.605625 0.46 0.11250000000000004 0.14
0 0.724375 0.23875000000000002 0.07874999999999999 0.14083400000000001
0 0.721875 0.47125 0.05249999999999999 0.120834
0 0.7928125 0.06375 0.026874999999999982 0.044166000000000004
