0 0.6474945000000001 0.167921 0.11644299999999996 0.098778
0 0.0430485 0.1509875 0.028228999999999997 0.05550300000000001
0 0.0698655 0.1867355 0.032463000000000006 0.04797699999999999
0 0.089626 0.32032 0.028228000000000003 0.03104399999999996
0 0.1856035 0.084196 0.028229000000000004 0.025399999999999992
0 0.3447425 0.514111 0.045870999999999995 0.051740000000000064
0 0.48518000000000006 0.1368765 0.05151800000000001 0.055503
0 0.475653 0.9416745 0.02964 0.02634100000000006
0 0.4961185 0.547507 0.018349000000000004 0.03010400000000002
0 0.5426960000000001 0.253998 0.014114000000000071 0.02069600000000002
0 0.5557515 0.3264345 0.017642999999999964 0.02445900000000001
0 0.5712775 0.4510815 0.013409000000000004 0.021636999999999962
0 0.6429075 0.25164600000000004 0.04234300000000002 0.025400000000000034
0 0.6386735 0.5390405 0.02117100000000005 0.02445900000000001
0 0.712068 0.4059265 0.01976 0.027281
0 0.7237119999999999 0.643932 0.040225999999999984 0.03104399999999996
0 0.7300635 0.4459075 0.024700999999999973 0.031984999999999986
0 0.756175 0.3490125 0.024700000000000055 0.02445900000000001
0 0.753352 0.459078 0.009174000000000015 0.03950999999999999
0 0.7674665 0.918156 0.027523000000000075 0.022577999999999987
0 0.786168 0.2530575 0.02540600000000004 0.04515500000000003
0 0.8990825 0.5992474999999999 0.01693699999999998 0.018814999999999915
0 0.922371 0.05127 0.05928 0.040452
0 0.940367 0.485419 0.034579999999999944 0.043273999999999924
0 0.9611855 0.4341485 0.014114999999999989 0.027281
