0 0.088125 0.74125 0.17625 0.06916599999999995
0 0.0965625 0.8995835 0.193125 0.14083299999999999
0 0.18125 0.889167 0.3625 0.21999999999999997
0 0.20375 0.7887500000000001 0.4075 0.129166
0 0.2078125 0.8345835 0.375625 0.12916700000000003
0 0.2253125 0.69875 0.393125 0.07083400000000006
0 0.15125 0.6508335000000001 0.1925 0.053332999999999964
0 0.254375 0.6866665000000001 0.36 0.09166700000000005
0 0.181875 0.604167 0.16125 0.040000000000000036
0 0.3671875 0.697083 0.286875 0.23249999999999993
0 0.36406249999999996 0.7058335 0.210625 0.16333299999999995
0 0.870625 0.5654165 0.1875 0.14416699999999993
