0 0.3509375 0.4404165 0.078125 0.15583300000000005
0 0.02375 0.1 0.0475 0.05500000000000001
0 0.02625 0.7370835 0.0525 0.03416700000000006
0 0.015625 0.5370835 0.03 0.030833
0 0.0409375 0.9099999999999999 0.018125000000000002 0.015000000000000013
0 0.05 0.4770835 0.026250000000000002 0.024166999999999994
0 0.08375 0.757083 0.03125 0.022500000000000075
0 0.0853125 0.491667 0.019375000000000003 0.015000000000000013
0 0.1040625 0.6737500000000001 0.02562500000000001 0.025834000000000024
0 0.1040625 0.0616665 0.020625000000000004 0.061667
0 0.1209375 0.53375 0.05437500000000001 0.02749999999999997
0 0.105625 0.2195835 0.012499999999999997 0.029167
0 0.1703125 0.27875 0.02562500000000001 0.04083400000000004
0 0.1875 0.8512500000000001 0.00874999999999998 0.019165999999999905
0 0.2496875 0.1454165 0.011874999999999997 0.060832999999999984
0 0.2728125 0.780833 0.00687500000000002 0.014999999999999902
0 0.4509375 0.1154165 0.106875 0.14083299999999999
0 0.5959375 0.327917 0.01937499999999992 0.04249999999999998
0 0.6765625 0.0291665 0.12437500000000001 0.058333
0 0.924375 0.89625 0.009999999999999898 0.019166000000000016
