0 0.1950915 0.659073 0.251731 0.21982400000000002
0 0.198238 0.38928850000000004 0.304594 0.188649
0 0.1887975 0.152678 0.28319700000000003 0.18065599999999998
0 0.1941475 0.8665069999999999 0.277533 0.17425999999999997
0 0.503776 0.1466825 0.31151599999999996 0.168665
0 0.492448 0.8812945 0.27627399999999996 0.16866500000000006
0 0.5132154999999999 0.7086334999999999 0.292637 0.14628300000000005
0 0.506293 0.4828135 0.24103199999999997 0.255795
0 0.5169914999999999 0.302158 0.26242899999999997 0.11510799999999999
0 0.80837 0.856115 0.311516 0.20463599999999993
0 0.8190685 0.6470825 0.28760300000000005 0.14788099999999993
0 0.8244175 0.151079 0.28697300000000003 0.177458
0 0.8237885 0.401279 0.27438700000000005 0.20943199999999995
