0 0.318125 0.4995195 0.21999999999999997 0.999039
0 0.424375 0.26272799999999996 0.04625000000000001 0.26609
0 0.4346875 0.5028815 0.04312499999999997 0.289145
0 0.47625 0.29634950000000004 0.04749999999999999 0.375601
0 0.48062499999999997 0.5206535 0.043749999999999956 0.297791
0 0.4896875 0.7925074999999999 0.06187500000000001 0.22670500000000005
0 0.53125 0.528338 0.05750000000000011 0.309318
0 0.5396875 0.262728 0.05687500000000001 0.285302
0 0.58 0.5028819999999999 0.05249999999999999 0.262248
0 0.595 0.2439965 0.04125000000000001 0.26705100000000004
0 0.6000000000000001 0.7756965 0.04874999999999996 0.24495699999999998
0 0.79125 0.396734 0.41625 0.793468
0 0.631875 0.5345825 0.06125000000000003 0.423631
0 0.67875 0.49711799999999995 0.04249999999999998 0.28146
