0 0.7625 0.25580400000000003 0.14374999999999993 0.157352
0 0.11249999999999999 0.640155 0.195 0.11263999999999996
0 0.11249999999999999 0.4703355 0.15375 0.15993100000000005
0 0.35531250000000003 0.9570075 0.18812500000000004 0.08426500000000003
0 0.3825 0.6414445 0.09875 0.07222700000000004
0 0.414375 0.32760100000000003 0.11624999999999996 0.06190800000000002
0 0.4803125 0.6384354999999999 0.166875 0.11607899999999993
0 0.564375 0.8796215000000001 0.2575 0.141015
0 0.5675 0.5300945 0.16124999999999995 0.368873
0 0.645625 0.543422 0.15625 0.12381799999999993
