0 0.2303125 0.7370950000000001 0.143125 0.1986
0 0.3265625 0.728784 0.130625 0.22222199999999992
0 0.37625 0.652231 0.18624999999999997 0.17760200000000004
0 0.434375 0.7852140000000001 0.15875000000000006 0.18460200000000004
0 0.5171875 0.6399825 0.184375 0.17060300000000006
0 0.52875 0.7891515 0.10750000000000004 0.07699100000000003
0 0.57125 0.612861 0.14875 0.11636000000000002
0 0.645625 0.7449695000000001 0.14874999999999994 0.07611500000000004
0 0.6328125 0.5323709999999999 0.08937499999999998 0.06211800000000001
0 0.7009375 0.603237 0.17937500000000006 0.10761200000000004
0 0.733125 0.5699909999999999 0.15500000000000003 0.10236199999999995
0 0.7378125 0.47506550000000003 0.13812500000000005 0.09098900000000004
0 0.74875 0.6780405 0.12124999999999997 0.07349100000000008
0 0.8353125 0.466754 0.12312499999999993 0.11810999999999999
0 0.8325 0.4090115 0.06125000000000003 0.10586100000000004
0 0.885625 0.439195 0.06000000000000005 0.066492
0 0.8915625 0.39063899999999996 0.06187500000000001 0.058618
0 0.9134374999999999 0.328959 0.06187500000000001 0.06124200000000002
0 0.963125 0.310149 0.04875000000000007 0.084864
