0 0.0596405 0.5236925 0.119281 0.08660099999999998
0 0.0915035 0.2949345 0.183007 0.32843100000000003
0 0.499183 0.633987 0.998366 0.728758
0 0.171569 0.4076795 0.267974 0.10620900000000005
0 0.34313699999999997 0.378268 0.49019599999999997 0.36438000000000004
0 0.20915050000000002 0.2720585 0.163399 0.16503299999999999
0 0.22140549999999998 0.0686275 0.12908499999999998 0.088235
0 0.38235300000000005 0.265523 0.30065400000000003 0.25326799999999994
0 0.495098 0.0784315 0.40196 0.127451
0 0.5882355 0.348856 0.35947700000000005 0.27614400000000006
0 0.860294 0.0571895 0.27614399999999995 0.098039
