0 0.045497 0.74875 0.090994 0.02749999999999997
0 0.0469045 0.8040625 0.093809 0.02562500000000001
0 0.0168855 0.5446875 0.030019 0.02937499999999993
0 0.0839585 0.734375 0.143527 0.05624999999999991
0 0.053001999999999994 0.499375 0.060975999999999995 0.02750000000000008
0 0.08348950000000001 0.440625 0.103189 0.03249999999999997
0 0.08771100000000001 0.6018749999999999 0.09474600000000001 0.02749999999999997
0 0.0924015 0.548125 0.079737 0.06999999999999995
0 0.13977499999999998 0.4965625 0.09193199999999999 0.02562500000000001
0 0.1271105 0.9918750000000001 0.06097499999999999 0.015000000000000013
0 0.170732 0.7915625 0.08255200000000001 0.04062500000000002
0 0.22044999999999998 0.5534375 0.10506599999999996 0.02562500000000001
0 0.230769 0.1040625 0.06941799999999998 0.02562500000000001
0 0.236398 0.8453125 0.06379000000000001 0.03562500000000002
0 0.263133 0.6556249999999999 0.11350799999999997 0.04625000000000001
0 0.2668855 0.483125 0.085365 0.06624999999999998
0 0.263133 0.2353125 0.04596599999999998 0.03937499999999999
0 0.2964355 0.7365625 0.071295 0.08187499999999992
0 0.29643549999999996 0.595 0.056284999999999974 0.05500000000000005
0 0.3090995 0.3934375 0.060975 0.06187500000000001
0 0.3231705 0.881875 0.07410900000000004 0.06125000000000003
0 0.348968 0.755625 0.04315199999999997 0.020000000000000018
0 0.3705445 0.45562499999999995 0.07692299999999996 0.06
0 0.3874295 0.76 0.04878100000000002 0.028750000000000053
0 0.4512195 0.9853125 0.13508499999999996 0.028125000000000067
0 0.425891 0.4565625 0.06941800000000004 0.030625000000000013
0 0.4502815 0.185 0.11257099999999998 0.03749999999999998
0 0.4324575 0.8153125 0.05628500000000003 0.026874999999999982
0 0.46060049999999997 0.5003125 0.09756099999999995 0.025625000000000064
0 0.4695125 0.6915625000000001 0.11538500000000002 0.05312499999999998
0 0.4939025 0.015625 0.12288900000000003 0.03125
0 0.499062 0.5496875 0.11257000000000006 0.02562500000000001
0 0.5286115 0.40218750000000003 0.11538500000000007 0.05812500000000004
0 0.547373 0.7384375000000001 0.08724200000000004 0.04062500000000002
0 0.5811445 0.5934375000000001 0.07223299999999999 0.05812500000000009
0 0.60272 0.3509375 0.10975599999999996 0.044375
0 0.5928705 0.5490625 0.08442700000000003 0.05812499999999998
0 0.6425890000000001 0.944375 0.10694199999999998 0.03249999999999997
0 0.7068479999999999 0.280625 0.143528 0.03749999999999998
0 0.6801125 0.8853125 0.08442700000000003 0.03437499999999993
0 0.6885555 0.6290625 0.09193300000000004 0.05812499999999998
0 0.6707315 0.6521874999999999 0.030019000000000018 0.021874999999999978
0 0.7157595 0.4146875 0.07879900000000006 0.03562500000000002
0 0.7654785 0.0171875 0.08255099999999993 0.034375
0 0.8583485 0.846875 0.09756100000000001 0.04249999999999998
0 0.8653850000000001 0.9478125 0.08724199999999993 0.03937500000000005
