0 0.1898435 0.678125 0.07656299999999999 0.12708399999999997
0 0.044531 0.532292 0.089062 0.09375
0 0.0453125 0.603125 0.090625 0.08125000000000004
0 0.059375 0.884375 0.11875 0.08125000000000004
0 0.100781 0.7625 0.10781199999999999 0.08333400000000002
0 0.21718749999999998 0.4354165 0.07499900000000001 0.095833
0 0.2523435 0.6864585 0.051563 0.07708300000000001
0 0.2609375 0.7437499999999999 0.05312499999999998 0.07916599999999996
0 0.2820315 0.8458330000000001 0.017187000000000008 0.08750000000000002
0 0.3171875 0.42916699999999997 0.05312499999999998 0.08749999999999997
0 0.35234350000000003 0.8416665000000001 0.06093699999999996 0.10416700000000001
0 0.3421875 0.6385415 0.03437499999999999 0.06041699999999994
0 0.3671875 0.105208 0.07187500000000002 0.11875000000000001
0 0.3929685 0.1333335 0.10468699999999997 0.07916699999999999
0 0.3671875 0.4770835 0.04374900000000004 0.07916699999999999
0 0.37421899999999997 0.40208350000000004 0.04843800000000004 0.07083299999999998
0 0.4031245 0.723958 0.046875 0.08125000000000004
0 0.4023435 0.8166665 0.035937 0.04583300000000001
0 0.41015650000000003 0.5708329999999999 0.04531299999999999 0.08750000000000002
0 0.4328125 0.1791665 0.05312499999999998 0.05416699999999999
0 0.4609375 0.7104165 0.06562500000000004 0.06666700000000003
0 0.4609375 0.6510415 0.04062500000000002 0.09791699999999992
0 0.48906249999999996 0.2010415 0.06562499999999999 0.060417
0 0.49375 0.7635415 0.03125 0.04791699999999999
0 0.5078125 0.32083300000000003 0.03750100000000001 0.07500000000000001
