0 0.6968855 0.650052 0.251903 0.153686
0 0.084083 0.477155 0.043598000000000005 0.06957400000000002
0 0.1134945 0.4086185 0.08858100000000001 0.07165100000000002
0 0.132526 0.911215 0.080968 0.09449599999999991
0 0.133218 0.575805 0.051904000000000006 0.059190000000000076
0 0.265052 0.588785 0.037370000000000014 0.05399799999999999
0 0.34775100000000003 0.510384 0.143252 0.117342
0 0.4280275 0.36344750000000003 0.107267 0.08099700000000004
0 0.6757785000000001 0.199896 0.09619300000000008 0.067498
0 0.8224914999999999 0.3956385 0.09342499999999998 0.076843
0 0.8608994999999999 0.5820350000000001 0.08581300000000003 0.11734199999999995
0 0.938062 0.169263 0.10172999999999999 0.064382
