0 0.0909375 0.404583 0.06687499999999999 0.027500000000000024
0 0.0859375 0.24875 0.010624999999999996 0.02250000000000002
0 0.1375 0.132917 0.03625000000000002 0.03249999999999999
0 0.1590625 0.5070835 0.05812499999999998 0.035833000000000004
0 0.1496875 0.099583 0.029374999999999984 0.027499999999999997
0 0.5721875 0.1433335 0.854375 0.286667
0 0.163125 0.23458299999999999 0.0050000000000000044 0.022499999999999992
0 0.1721875 0.257917 0.023125000000000007 0.017499999999999988
0 0.1878125 0.28375 0.03312499999999999 0.03749999999999998
0 0.200625 0.584583 0.03875000000000001 0.022499999999999964
0 0.2059375 0.8570835 0.044375 0.0208330000000001
0 0.2021875 0.22125 0.010624999999999996 0.027499999999999997
0 0.2440625 0.399167 0.070625 0.040000000000000036
0 0.269375 0.15875 0.07249999999999998 0.03916599999999998
0 0.2575 0.68875 0.02874999999999997 0.030834000000000028
0 0.26531249999999995 0.4829165 0.02812500000000001 0.04083300000000001
0 0.2684375 0.60375 0.02937500000000004 0.019166000000000016
0 0.2896875 0.24541649999999998 0.05687500000000001 0.03083299999999997
0 0.30062500000000003 0.49625 0.04250000000000004 0.02416600000000002
0 0.28531249999999997 0.43125 0.009374999999999967 0.034165999999999974
0 0.29312499999999997 0.407917 0.011250000000000038 0.03250000000000003
0 0.32406250000000003 0.47791649999999997 0.026875000000000038 0.024166999999999994
0 0.33375 0.5025 0.03125 0.015000000000000013
0 0.3640625 0.2579165 0.04562500000000003 0.039167000000000035
0 0.4040625 0.3095835 0.05812499999999998 0.025832999999999995
0 0.4109375 0.217083 0.05812499999999998 0.02250000000000002
0 0.4584375 0.6633335 0.05312499999999998 0.043333000000000066
0 0.47125 0.148333 0.07625000000000004 0.03
0 0.45125 0.382083 0.026249999999999996 0.03249999999999997
0 0.48250000000000004 0.235833 0.07250000000000006 0.04999999999999999
0 0.506875 0.19125 0.04625000000000001 0.015834000000000015
0 0.5140625 0.20708300000000002 0.05812499999999998 0.022499999999999992
0 0.52125 0.7329165 0.03125 0.02416700000000005
0 0.6253124999999999 0.37041650000000004 0.01937500000000003 0.024166999999999994
0 0.7825 0.3129165 0.03500000000000003 0.025832999999999995
