0 0.1134375 0.158397 0.07937500000000001 0.093512
0 0.1171875 0.2767175 0.064375 0.06106900000000001
0 0.128125 0.091603 0.062499999999999986 0.06679399999999999
0 0.22375 0.395515 0.09750000000000003 0.05629799999999996
0 0.2121875 0.2905535 0.07187500000000002 0.054388999999999965
0 0.2609375 0.1832065 0.11812500000000001 0.10114499999999998
0 0.22375 0.5415075 0.017500000000000016 0.03530500000000003
0 0.2678125 0.7590650000000001 0.06562499999999999 0.03912199999999999
0 0.2909375 0.28769049999999996 0.06312499999999999 0.06393100000000002
0 0.3771875 0.16984749999999998 0.08187500000000003 0.06297699999999998
0 0.3740625 0.40458 0.073125 0.05915999999999999
0 0.411875 0.282443 0.09750000000000003 0.05725199999999997
0 0.44 0.1269085 0.09750000000000003 0.070611
0 0.4690625 0.17223300000000002 0.016874999999999973 0.027672000000000002
0 0.525625 0.2280535 0.10874999999999996 0.08015299999999997
0 0.535625 0.41269100000000003 0.09125000000000005 0.069656
0 0.558125 0.893607 0.06625000000000003 0.04675600000000002
0 0.600625 0.192271 0.10499999999999998 0.08683200000000002
0 0.6040625 0.44513349999999996 0.0668749999999999 0.056296999999999986
0 0.6312500000000001 0.5925575000000001 0.10999999999999999 0.08969499999999997
0 0.685 0.24666 0.08500000000000008 0.04675599999999999
0 0.7068749999999999 0.114981 0.05625000000000002 0.08874
0 0.7359374999999999 0.360687 0.08187500000000003 0.08587800000000001
0 0.7540625000000001 0.0362595 0.07437499999999997 0.072519
0 0.8296874999999999 0.19990449999999998 0.07437499999999997 0.13263299999999997
0 0.861875 0.0639315 0.03874999999999995 0.09923699999999999
0 0.87375 0.21564899999999998 0.05249999999999999 0.08587799999999998
0 0.9471875000000001 0.12881700000000001 0.104375 0.103054
0 0.9806250000000001 0.424141 0.03749999999999998 0.03912199999999999
