0 0.0095835 0.06875 0.019167 0.027500000000000004
0 0.10125 0.1196875 0.052500000000000005 0.026874999999999996
0 0.1283335 0.08937500000000001 0.03666699999999999 0.023750000000000007
0 0.1416665 0.5034375 0.036667000000000005 0.03437499999999999
0 0.1533335 0.6528125 0.03666699999999998 0.015625
0 0.1670835 0.15437499999999998 0.04083300000000001 0.017499999999999988
0 0.177083 0.47343749999999996 0.05250000000000002 0.029374999999999984
0 0.18625 0.5384375 0.03916599999999998 0.015625
0 0.2133335 0.353125 0.04333299999999998 0.03125
0 0.209167 0.19187500000000002 0.03 0.013750000000000012
0 0.22749999999999998 0.388125 0.056665999999999966 0.04625000000000001
0 0.22625 0.17843750000000003 0.045833999999999986 0.016875
0 0.245833 0.2096875 0.024999999999999967 0.015625
0 0.25375000000000003 0.46843749999999995 0.04083399999999998 0.03937499999999999
0 0.272917 0.619375 0.05250000000000002 0.023749999999999938
0 0.269583 0.210625 0.02250000000000002 0.010000000000000009
0 0.29000000000000004 0.44437499999999996 0.04999999999999999 0.02250000000000002
0 0.27875 0.0478125 0.014166000000000012 0.016875
0 0.305 0.22281250000000002 0.043333999999999984 0.016875
0 0.3320835 0.2565625 0.020833000000000046 0.00687500000000002
0 0.3470835 0.266875 0.035833000000000004 0.014999999999999958
0 0.342083 0.3384375 0.02250000000000002 0.02937500000000004
0 0.344583 0.29093749999999996 0.02250000000000002 0.011875000000000024
0 0.3458335 0.2415625 0.016666999999999987 0.010625000000000023
0 0.3570835 0.6325000000000001 0.034167 0.018749999999999933
0 0.3675 0.40937500000000004 0.03166599999999997 0.013749999999999984
0 0.3779165 0.2778125 0.034167 0.010624999999999996
0 0.3820835 0.2659375 0.034167 0.010624999999999996
0 0.3779165 0.31125 0.02083299999999999 0.012500000000000011
0 0.395833 0.38375000000000004 0.020000000000000018 0.017500000000000016
0 0.4095835 0.5546875 0.029167 0.010625000000000107
0 0.41000000000000003 0.30781250000000004 0.024999999999999967 0.008124999999999993
0 0.41625 0.3521875 0.02083400000000002 0.029374999999999984
0 0.42000000000000004 0.3178125 0.013334000000000013 0.011874999999999969
0 0.4254165 0.40093749999999995 0.01583300000000004 0.013124999999999998
0 0.44791650000000005 0.4565625 0.034167 0.015625
0 0.46083300000000005 0.37531250000000005 0.05499999999999999 0.03437499999999999
0 0.44375 0.4925 0.01583399999999996 0.008750000000000036
0 0.45375 0.3471875 0.027500000000000024 0.011875000000000024
0 0.4495835 0.3334375 0.014166999999999985 0.005624999999999991
0 0.462917 0.435 0.02250000000000002 0.01749999999999996
0 0.4620835 0.4 0.015832999999999986 0.014999999999999958
0 0.4791665 0.479375 0.018333000000000044 0.01375000000000004
0 0.48624999999999996 0.3640625 0.027500000000000024 0.02562500000000001
0 0.48333349999999997 0.40093749999999995 0.013332999999999984 0.013124999999999998
0 0.48583350000000003 0.3359375 0.018332999999999988 0.010624999999999996
0 0.5029165 0.47187500000000004 0.020833000000000046 0.00874999999999998
0 0.5133335 0.4596875 0.018332999999999933 0.011875000000000024
0 0.5133335 0.41875 0.01333300000000004 0.015000000000000013
0 0.525833 0.5015625 0.030000000000000027 0.02062499999999995
0 0.5325 0.6128125 0.043333999999999984 0.016874999999999973
0 0.537917 0.390625 0.022499999999999964 0.010000000000000009
0 0.5449999999999999 0.348125 0.026665999999999968 0.04125000000000001
0 0.5766665 0.541875 0.036667000000000005 0.012499999999999956
0 0.5733330000000001 0.406875 0.025000000000000022 0.012500000000000011
0 0.5779164999999999 0.436875 0.03416699999999995 0.013749999999999984
0 0.5862499999999999 0.48625 0.022500000000000075 0.010000000000000009
0 0.6270830000000001 0.4965625 0.022500000000000075 0.00687500000000002
0 0.6329165000000001 0.4709375 0.02083299999999999 0.010624999999999996
0 0.6375 0.5609375000000001 0.020000000000000018 0.010624999999999996
0 0.6441669999999999 0.5075 0.029999999999999916 0.01874999999999999
0 0.6758335 0.3275 0.03833299999999995 0.01874999999999999
0 0.684167 0.6878124999999999 0.050000000000000044 0.020625000000000004
0 0.6745829999999999 0.47968750000000004 0.02749999999999997 0.00687500000000002
0 0.6779165 0.2871875 0.03416699999999995 0.020625000000000004
0 0.6695835 0.5421875 0.015832999999999986 0.010624999999999996
0 0.68625 0.48875 0.01749999999999996 0.00874999999999998
0 0.7216665 0.46499999999999997 0.04833299999999996 0.014999999999999958
0 0.7170835 0.576875 0.03416700000000006 0.02375000000000005
0 0.725833 0.39 0.025000000000000022 0.027500000000000024
0 0.7262500000000001 0.614375 0.020833999999999908 0.013749999999999929
0 0.75125 0.5240625 0.057499999999999996 0.016874999999999973
0 0.7420834999999999 0.644375 0.02083299999999999 0.018750000000000044
0 0.7729165 0.280625 0.04083300000000001 0.03749999999999998
0 0.7941665 0.541875 0.05666700000000002 0.022499999999999964
0 0.8125 0.7809375000000001 0.0483340000000001 0.03562499999999991
0 0.8570835 0.79125 0.054167000000000076 0.04249999999999998
0 0.8945829999999999 0.859375 0.04749999999999999 0.03249999999999997
0 0.90375 0.84 0.04250000000000009 0.04125000000000001
