0 0.398125 0.8108329999999999 0.37 0.36
0 0.4021875 0.6045835 0.7993750000000001 0.7891670000000001
0 0.2946875 0.179583 0.109375 0.07749999999999999
0 0.3053125 0.1308335 0.09437499999999999 0.086667
0 0.3696875 0.1883335 0.04312499999999997 0.046666999999999986
0 0.42656249999999996 0.14625 0.070625 0.0725
0 0.531875 0.1583335 0.07499999999999996 0.158333
0 0.65125 0.16791699999999998 0.125 0.1425
0 0.8359375 0.2108335 0.08937499999999998 0.10166699999999998
0 0.9346875 0.22 0.06937499999999996 0.10333399999999998
0 0.9709375 0.8470835 0.05687500000000001 0.23416700000000001
0 0.979375 0.7395835 0.040000000000000036 0.145833
0 0.98375 0.25125 0.03125 0.04083399999999998
