0 0.07250000000000001 0.5055555 0.045 0.08444499999999999
0 0.09375 0.395 0.05124999999999999 0.14111200000000002
0 0.239375 0.615 0.05249999999999999 0.121112
0 0.271875 0.8433335 0.03875000000000001 0.088889
0 0.2840625 0.943889 0.044375 0.05444399999999994
0 0.348125 0.4816665 0.10375000000000001 0.10555500000000001
0 0.3225 0.4294445 0.04249999999999998 0.07666700000000004
0 0.4059375 0.78 0.16312499999999996 0.19555599999999995
0 0.443125 0.5249999999999999 0.05499999999999999 0.10999999999999999
0 0.45625 0.2233335 0.05125000000000002 0.07111099999999998
0 0.5078125 0.0683335 0.02062499999999995 0.078889
0 0.5606249999999999 0.3416665 0.10124999999999995 0.10333300000000001
0 0.628125 0.6077775000000001 0.09750000000000003 0.093333
