0 0.319149 0.3515 0.08643600000000001 0.519
0 0.350399 0.7605 0.10771199999999997 0.477
0 0.4950135 0.336 0.30119699999999994 0.44600000000000006
0 0.43883 0.7375 0.10904199999999997 0.507
0 0.5289225 0.7395 0.136303 0.519
0 0.5880985000000001 0.754 0.12566500000000003 0.49
0 0.6569145000000001 0.7415 0.21941500000000003 0.515
0 0.6901595 0.4805 0.10372300000000001 0.19899999999999995
0 0.7922205 0.7925 0.13630300000000006 0.41300000000000003
0 0.8510635 0.7935 0.13297899999999996 0.41100000000000003
