0 0.4978125 0.48125 0.596875 0.369166
0 0.0565625 0.08750000000000001 0.113125 0.1
0 0.24125 0.5595829999999999 0.4825 0.7474999999999999
0 0.0753125 0.055833 0.096875 0.06000000000000001
0 0.06625 0.0120835 0.035 0.024167
0 0.13 0.11 0.11624999999999999 0.03833400000000001
0 0.1559375 0.174167 0.06187500000000001 0.15499999999999997
0 0.1759375 0.0204165 0.075625 0.040833
0 0.264375 0.24708349999999998 0.12374999999999997 0.07083299999999998
0 0.26187499999999997 0.0225 0.08749999999999997 0.045
0 0.3025 0.0670835 0.07125000000000004 0.065833
0 0.6609375 0.7566665 0.519375 0.25333300000000003
0 0.46875 0.1525 0.07499999999999996 0.11166599999999999
0 0.4653125 0.0195835 0.03437499999999999 0.035833
0 0.5578125 0.07500000000000001 0.018125000000000058 0.115
0 0.8981250000000001 0.0391665 0.10750000000000004 0.048333
