0 0.0126955 0.37955700000000003 0.025391 0.02734399999999998
0 0.015625 0.263672 0.03125 0.024739999999999984
0 0.0253905 0.2395835 0.050781 0.04166700000000001
0 0.0317385 0.047526 0.063477 0.022136000000000003
0 0.0561525 0.6334635 0.112305 0.037761000000000045
0 0.12402350000000001 0.7161455 0.246093 0.08072900000000005
0 0.0375975 0.8997395 0.071289 0.03645900000000002
0 0.0283205 0.395833 0.046875 0.03125
0 0.0322265 0.7083335 0.054687 0.02343700000000004
0 0.0634765 0.9785155 0.109375 0.040364999999999984
0 0.040039 0.5006515 0.044922000000000004 0.045572999999999975
0 0.0756835 0.2109375 0.09667899999999999 0.028644999999999976
0 0.0708005 0.41731799999999997 0.049804999999999995 0.02734399999999998
0 0.0864255 0.1191405 0.08105500000000002 0.05078099999999999
0 0.09277350000000001 0.265625 0.054687 0.02343799999999996
0 0.1088865 0.347005 0.07128899999999999 0.009114000000000011
0 0.165039 0.6367185 0.11132800000000001 0.135417
0 0.163574 0.942708 0.05566399999999999 0.03125
0 0.1884765 0.1920575 0.087891 0.02473900000000001
0 0.166992 0.3528645 0.03515600000000002 0.010416999999999954
0 0.186035 0.9023435 0.063476 0.04947899999999994
0 0.199219 0.16210950000000002 0.0625 0.05338499999999999
0 0.2109375 0.6113284999999999 0.052734999999999976 0.050781000000000076
0 0.242676 0.8763019999999999 0.09667999999999999 0.03645799999999999
0 0.25488299999999997 0.1315105 0.12109399999999998 0.145833
0 0.23681649999999999 0.404297 0.061522999999999994 0.024739999999999984
0 0.268555 0.8678385 0.09375 0.022135000000000016
0 0.24707 0.8209635 0.04882800000000001 0.035156999999999994
0 0.350586 0.2910155 0.205078 0.07942699999999997
0 0.2890625 0.3815105 0.06835899999999995 0.052083000000000046
0 0.3496095 0.421875 0.18554700000000002 0.0625
0 0.325684 0.05078149999999999 0.11816399999999999 0.078125
0 0.33105450000000003 0.6230465000000001 0.099609 0.10807299999999997
0 0.4956055 0.890625 0.424805 0.1875
0 0.6503905 0.638672 0.697265 0.25390599999999997
0 0.3520505 0.19986949999999998 0.09863299999999997 0.05078099999999999
0 0.338379 0.0371095 0.06347599999999998 0.074219
0 0.4111325 0.766927 0.16796899999999998 0.05208400000000002
0 0.3642575 0.453125 0.04296899999999998 0.02864599999999995
0 0.37207 0.5670575 0.05859399999999998 0.037760999999999934
0 0.4067385 0.22786499999999998 0.125977 0.09635400000000002
0 0.4086915 0.075521 0.10644500000000001 0.026041999999999996
0 0.4086915 0.5247395 0.07910099999999998 0.02604099999999998
0 0.4204105 0.2864585 0.09863300000000003 0.03906299999999996
0 0.4833985 0.7330730000000001 0.152343 0.05468799999999996
0 0.444824 0.4667965 0.06933599999999995 0.014322999999999975
0 0.459961 0.611328 0.056640000000000024 0.035155999999999965
0 0.4868165 0.4908855 0.059570999999999985 0.018228999999999995
0 0.527832 0.111328 0.12597600000000003 0.128906
0 0.5703125 0.796875 0.21093699999999999 0.09114599999999995
0 0.5307615 0.3776045 0.08886700000000003 0.049478999999999995
0 0.5273435 0.40169299999999997 0.07812499999999994 0.02734399999999998
0 0.538574 0.184896 0.079102 0.122396
0 0.5371094999999999 0.6816405 0.06054700000000002 0.040364999999999984
0 0.703613 0.5058594999999999 0.3642580000000001 0.07682299999999997
0 0.557617 0.5559895 0.07031200000000004 0.005209000000000019
0 0.562988 0.555339 0.06933599999999995 0.0013020000000000254
0 0.6254885 0.567708 0.124023 0.06510400000000005
0 0.6352534999999999 0.218099 0.11621099999999995 0.07682200000000003
0 0.6181639999999999 0.7428385 0.07226600000000005 0.040364999999999984
0 0.6318360000000001 0.4127605 0.04492200000000002 0.049478999999999995
0 0.777344 0.3326825 0.24609400000000003 0.07161499999999998
0 0.7958985000000001 0.7578125 0.2617189999999999 0.07552099999999995
0 0.7314455 0.858073 0.10156299999999996 0.02083400000000002
0 0.7333985000000001 0.843099 0.06835899999999995 0.019531999999999994
0 0.911621 0.911458 0.17480399999999996 0.12760400000000005
0 0.875 0.432292 0.08398400000000006 0.091146
0 0.911621 0.857422 0.12011799999999995 0.037760000000000016
0 0.936035 0.31184900000000004 0.12597599999999998 0.02213599999999999
0 0.9721675000000001 0.23242200000000002 0.05371099999999995 0.05599000000000001
