0 0.0065625 0.2888055 0.013125 0.03010299999999999
0 0.0071875 0.42191900000000004 0.014375 0.04045199999999999
0 0.0109375 0.0860775 0.021875 0.12699899999999997
0 0.0109375 0.20696150000000002 0.021875 0.071495
0 0.0296875 0.35936 0.059375 0.08466600000000002
0 0.033125 0.9557855 0.06625 0.08654700000000004
0 0.017812500000000002 0.2648165 0.031875 0.098777
0 0.034374999999999996 0.555033 0.049999999999999996 0.05644399999999994
0 0.0459375 0.137347 0.035625000000000004 0.086548
0 0.054375 0.15004699999999999 0.052500000000000005 0.10442199999999999
0 0.091875 0.30997149999999996 0.11875 0.213547
0 0.06875 0.56397 0.05 0.11570999999999998
0 0.1009375 0.19143949999999998 0.061874999999999986 0.055503
0 0.1175 0.059266 0.05625000000000001 0.092192
0 0.1315625 0.253528 0.06562499999999999 0.031044000000000016
0 0.1634375 0.6444025 0.126875 0.16745100000000002
0 0.15031250000000002 0.542333 0.079375 0.04985800000000007
0 0.16312500000000002 0.4750705 0.06875 0.07149499999999998
0 0.1696875 0.944967 0.075625 0.10818400000000006
0 0.1478125 0.2220135 0.030624999999999986 0.080903
0 0.169375 0.4595485 0.06874999999999998 0.055503000000000025
0 0.171875 0.1420505 0.05125000000000002 0.07337700000000001
0 0.1790625 0.5319849999999999 0.06562500000000002 0.05926599999999993
0 0.16625 0.242709 0.035 0.07902200000000004
0 0.170625 0.11618099999999999 0.03875000000000001 0.06679199999999999
0 0.1765625 0.3207905 0.041874999999999996 0.07525900000000002
0 0.2028125 0.074788 0.074375 0.031044000000000002
0 0.21031249999999999 0.4510815 0.08687499999999998 0.04233300000000001
0 0.19375 0.5761995 0.04375000000000001 0.04985899999999999
0 0.19437500000000002 0.2126055 0.04500000000000001 0.073377
0 0.198125 0.126999 0.04749999999999999 0.01505200000000001
0 0.19874999999999998 0.451082 0.04124999999999998 0.053622
0 0.20625 0.3918155 0.05000000000000002 0.059267000000000014
0 0.20750000000000002 0.5263405 0.047500000000000014 0.047976999999999936
0 0.2034375 0.3494825 0.029375000000000012 0.063029
0 0.2259375 0.5973660000000001 0.074375 0.04703599999999997
0 0.2296875 0.373001 0.04312499999999997 0.036688
0 0.2315625 0.173095 0.04437499999999997 0.020695999999999992
0 0.24062499999999998 0.49247399999999997 0.06249999999999997 0.032925999999999955
0 0.2321875 0.5540925 0.040624999999999994 0.02445900000000001
0 0.2340625 0.25682 0.03437499999999996 0.06961400000000004
0 0.2609375 0.09031049999999999 0.08062500000000003 0.050799
0 0.2603125 0.963311 0.07062500000000002 0.071496
0 0.2584375 0.5329254999999999 0.05812499999999998 0.03480699999999992
0 0.25406249999999997 0.453904 0.04562499999999997 0.05173999999999995
0 0.265625 0.6514584999999999 0.06625 0.03480699999999992
0 0.2484375 0.40451550000000003 0.029374999999999984 0.026341000000000003
0 0.2784375 0.2648165 0.08187500000000003 0.01222899999999999
0 0.25406249999999997 0.56397 0.030624999999999986 0.03292600000000001
0 0.2765625 0.221543 0.073125 0.03292599999999998
0 0.265 0.395108 0.04250000000000001 0.05832599999999999
0 0.2771875 0.238476 0.061874999999999986 0.029161999999999966
0 0.2784375 0.7022575 0.06437499999999999 0.02916300000000005
0 0.270625 0.843368 0.04625000000000001 0.0968960000000001
0 0.2815625 0.1952025 0.06562500000000002 0.04233300000000001
0 0.2846875 0.071025 0.071875 0.03857
0 0.2871875 0.1481655 0.07187500000000002 0.034807000000000005
0 0.27531249999999996 0.567733 0.03437499999999999 0.03668799999999994
0 0.2875 0.3485415 0.058750000000000024 0.042332999999999954
0 0.296875 0.617592 0.06999999999999995 0.03292600000000001
0 0.2815625 0.356538 0.03687499999999999 0.06961400000000001
0 0.290625 0.483537 0.04999999999999999 0.058326000000000044
0 0.301875 0.42097850000000003 0.057499999999999996 0.04797699999999999
0 0.30937499999999996 0.5639695 0.048750000000000016 0.042332999999999954
0 0.30843750000000003 0.4952965 0.044375 0.04985899999999999
0 0.3259375 0.7812795 0.06937499999999996 0.047976999999999936
0 0.321875 0.5498585 0.048750000000000016 0.042332999999999954
0 0.3315625 0.2022575 0.06562499999999999 0.06020700000000001
0 0.3403125 0.725776 0.070625 0.044213999999999976
0 0.343125 0.19143900000000003 0.07 0.046096
0 0.33218749999999997 0.4873005 0.03812500000000002 0.060206999999999955
0 0.35 0.3805265 0.06624999999999998 0.03668899999999997
0 0.34875 0.184854 0.05625000000000002 0.05174000000000001
0 0.34187500000000004 0.492474 0.03999999999999998 0.046096000000000026
0 0.34875 0.5507995 0.05125000000000002 0.02916300000000005
0 0.3828125 0.263876 0.11687499999999995 0.06679199999999999
0 0.35187500000000005 0.6495765 0.04999999999999999 0.03668899999999997
0 0.3409375 0.480715 0.02562500000000001 0.022577999999999987
0 0.354375 0.767639 0.050000000000000044 0.07902200000000004
0 0.3540625 0.6128885 0.038124999999999964 0.021637000000000017
0 0.369375 0.453904 0.05874999999999997 0.027281999999999973
0 0.371875 0.574318 0.04625000000000001 0.03292600000000001
0 0.370625 0.49717750000000005 0.04125000000000001 0.03668900000000003
0 0.37187499999999996 0.4746005 0.03875000000000001 0.03480699999999998
0 0.38468749999999996 0.6999059999999999 0.05437500000000001 0.06773200000000001
0 0.38625 0.6044215 0.05375000000000002 0.02539900000000006
0 0.398125 0.1980245 0.05249999999999999 0.04233300000000001
0 0.39812499999999995 0.6467545 0.04999999999999999 0.040451000000000015
0 0.400625 0.5239885 0.04249999999999998 0.016932999999999976
0 0.405625 0.575259 0.05249999999999999 0.025399999999999978
0 0.4090625 0.5028225 0.04812499999999997 0.029162999999999994
0 0.41874999999999996 0.3043275 0.05499999999999999 0.021636999999999962
0 0.4153125 0.593603 0.03812500000000002 0.02634000000000003
0 0.425 0.4200375 0.05249999999999999 0.03480700000000003
0 0.426875 0.483537 0.05499999999999999 0.04891800000000002
0 0.426875 0.379586 0.04874999999999996 0.04421400000000003
0 0.4375 0.8428975 0.05500000000000005 0.05079900000000004
0 0.4475 0.36218249999999996 0.07125000000000004 0.045155
0 0.445625 0.9063969999999999 0.06625000000000003 0.05738399999999999
0 0.4375 0.765287 0.04749999999999999 0.05362199999999995
0 0.44 0.7267170000000001 0.05249999999999999 0.038570000000000104
0 0.44125000000000003 0.785513 0.044999999999999984 0.05644399999999994
0 0.45062500000000005 0.33819350000000004 0.06 0.04233300000000001
0 0.4578125 0.918156 0.073125 0.054562
0 0.44625000000000004 0.6279395000000001 0.044999999999999984 0.027281
0 0.4525 0.6904984999999999 0.04749999999999999 0.06020700000000001
0 0.4659375 0.971778 0.07187499999999997 0.050799999999999956
0 0.4515625 0.49247450000000004 0.03937499999999999 0.04233300000000001
0 0.4546875 0.536689 0.043125000000000024 0.03856999999999999
0 0.4496875 0.5649105 0.02812500000000001 0.040451000000000015
0 0.463125 0.433208 0.05125000000000002 0.03856999999999999
0 0.4759375 0.5272815 0.070625 0.03480699999999992
0 0.4553125 0.6909689999999999 0.026874999999999982 0.046096000000000026
0 0.468125 0.321731 0.05125000000000002 0.04891800000000002
0 0.4725 0.29491999999999996 0.057499999999999996 0.04045199999999999
0 0.46499999999999997 0.761524 0.03875000000000001 0.06114799999999998
0 0.47062499999999996 0.4877705 0.04999999999999999 0.029162999999999994
0 0.475625 0.6166510000000001 0.05500000000000005 0.02916200000000002
0 0.47624999999999995 0.2648165 0.052499999999999936 0.03292500000000001
0 0.4809375 0.662747 0.05812499999999998 0.03856999999999999
0 0.48125 0.44873 0.05500000000000005 0.018813999999999997
0 0.48531250000000004 0.3099715 0.060624999999999984 0.021637000000000017
0 0.4765625 0.882408 0.038124999999999964 0.04891800000000002
0 0.4765625 0.7323615 0.03562500000000002 0.042332999999999954
0 0.4771875 0.699906 0.03187499999999999 0.02822199999999997
0 0.47375 0.574318 0.015000000000000013 0.055504
0 0.49125 0.7577609999999999 0.04749999999999999 0.046096000000000026
0 0.495625 0.3673565 0.04999999999999999 0.03480699999999998
0 0.49187499999999995 0.584666 0.04124999999999995 0.02728200000000003
0 0.49312500000000004 0.611947 0.03375 0.046096000000000026
0 0.503125 0.849953 0.05375000000000002 0.046096000000000026
0 0.504375 0.980715 0.05125000000000002 0.036688000000000054
0 0.48906249999999996 0.5620885 0.018125000000000002 0.03104499999999999
0 0.5053125 0.7022575 0.041874999999999996 0.03668899999999997
0 0.510625 0.6448735 0.05249999999999999 0.042332999999999954
0 0.5015624999999999 0.7229535 0.03187499999999999 0.042332999999999954
0 0.5225 0.793509 0.07124999999999998 0.036688000000000054
0 0.5109375 0.6138285 0.03812500000000002 0.03480700000000003
0 0.5121875 0.39463800000000004 0.029374999999999984 0.036688
0 0.529375 0.4285045 0.06375000000000003 0.027281
0 0.525625 0.48400750000000003 0.053749999999999964 0.038570999999999966
0 0.53125 0.944967 0.05125000000000002 0.06114799999999998
0 0.531875 0.49529650000000003 0.04875000000000007 0.03480700000000003
0 0.5325 0.375823 0.04749999999999999 0.03292600000000001
0 0.5231250000000001 0.753998 0.018749999999999933 0.05362199999999995
0 0.5259375 0.8452495 0.01937500000000003 0.05550300000000008
0 0.5296875000000001 0.702728 0.021874999999999978 0.06961400000000006
0 0.5359375 0.5164629999999999 0.02562500000000001 0.018813999999999997
0 0.5475 0.35794950000000003 0.04875000000000007 0.03668900000000003
0 0.5475 0.8066789999999999 0.04249999999999998 0.05174000000000001
0 0.5525 0.8739415 0.04249999999999998 0.07525899999999996
0 0.559375 0.400753 0.05249999999999999 0.028222000000000025
0 0.5387500000000001 0.696143 0.008749999999999925 0.06020599999999998
0 0.575625 0.7516465 0.0737500000000001 0.05268099999999998
0 0.5687500000000001 0.8767640000000001 0.05874999999999997 0.05832599999999999
0 0.5590625 0.680621 0.02937499999999993 0.05926600000000004
0 0.5659375 0.4816555 0.041874999999999996 0.02445900000000001
0 0.57625 0.5225775 0.05249999999999999 0.040451000000000015
0 0.5646875 0.5743175 0.014375000000000027 0.042333000000000065
0 0.5859375 0.44402600000000003 0.03562500000000002 0.028222000000000025
0 0.6096874999999999 0.7248355 0.06562499999999993 0.014110999999999985
0 0.6165625 0.4746 0.07437500000000008 0.031044000000000016
0 0.6215625 0.4219195 0.07187500000000002 0.03480700000000003
0 0.6018749999999999 0.5743180000000001 0.02375000000000005 0.05738399999999999
0 0.6090625000000001 0.5465665 0.03562499999999991 0.06208899999999995
0 0.6134375000000001 0.351364 0.03937500000000005 0.044213999999999976
0 0.62125 0.390875 0.05249999999999999 0.031044000000000016
0 0.629375 0.452023 0.06874999999999998 0.03856999999999999
0 0.6231249999999999 0.3184385 0.04874999999999996 0.040451000000000015
0 0.6331249999999999 0.5056445 0.061249999999999916 0.031045000000000045
0 0.634375 0.399812 0.053749999999999964 0.02822199999999997
0 0.628125 0.6001885 0.03375000000000006 0.016932999999999976
0 0.629375 0.4181565 0.03125 0.05738500000000002
0 0.6453125 0.5376295 0.03937500000000005 0.02916300000000005
0 0.6499999999999999 0.6213545 0.036250000000000004 0.03480700000000003
0 0.65625 0.5075259999999999 0.0462499999999999 0.019755999999999996
0 0.680625 0.480715 0.04625000000000001 0.02634000000000003
0 0.7012499999999999 0.3899345 0.04874999999999996 0.04985899999999999
0 0.7068749999999999 0.40968950000000004 0.05500000000000005 0.04233300000000001
0 0.7084375 0.64064 0.026875000000000093 0.06961400000000006
0 0.7224999999999999 0.5084665 0.05500000000000005 0.04045100000000007
0 0.72125 0.383349 0.04749999999999999 0.05174000000000001
0 0.731875 0.49059300000000006 0.05625000000000002 0.03857000000000005
0 0.7375 0.42474100000000004 0.05999999999999994 0.04609599999999997
0 0.7415625 0.40169350000000004 0.046875 0.05456299999999997
0 0.75125 0.4510815 0.05874999999999997 0.029162999999999994
0 0.75125 0.308561 0.030000000000000027 0.08466599999999996
0 0.7971875 0.3758235 0.06812499999999999 0.04985900000000004
0 0.7996875 0.4153335 0.07062499999999994 0.07055499999999998
0 0.8025 0.3918155 0.06000000000000005 0.044215000000000004
0 0.829375 0.41627499999999995 0.07250000000000001 0.053622
0 0.8465625 0.441204 0.07687500000000003 0.054562
