0 0.829375 0.335833 0.2825 0.14500000000000002
0 0.0859375 0.7083335000000001 0.059375000000000004 0.423333
0 0.1378125 0.9054165000000001 0.06437500000000002 0.18416700000000008
0 0.20031249999999998 0.36374999999999996 0.164375 0.350834
0 0.2984375 0.43875 0.230625 0.19749999999999995
0 0.2790625 0.9425 0.08437499999999998 0.10000000000000009
0 0.35843749999999996 0.9570835 0.085625 0.08416699999999999
0 0.5903125 0.7308335 0.104375 0.348333
0 0.57875 0.5954165 0.07624999999999993 0.400833
0 0.7959375 0.4995835 0.406875 0.999167
0 0.71 0.7383335 0.15000000000000002 0.22166700000000006
