0 0.7246874999999999 0.461321 0.26312499999999994 0.32264200000000004
0 0.11812500000000001 0.6287735000000001 0.20625 0.24433899999999997
0 0.135625 0.8066035 0.09750000000000002 0.07358500000000001
0 0.111875 0.423585 0.03249999999999999 0.018867999999999996
0 0.2521875 0.500472 0.048125 0.04056599999999999
0 0.3040625 0.5042449999999999 0.073125 0.04433999999999999
0 0.37625 0.403302 0.05624999999999997 0.04056599999999999
0 0.3765625 0.5726415 0.033125000000000016 0.047169000000000016
0 0.423125 0.5033019999999999 0.03750000000000003 0.03490599999999999
0 0.41874999999999996 0.5636795 0.012500000000000011 0.03301899999999991
0 0.4290625 0.4353775 0.018125000000000002 0.019810999999999968
