0 0.03125 0.5623825 0.0625 0.03470899999999999
0 0.0478125 0.8757035 0.095625 0.24671699999999996
0 0.0484375 0.901501 0.096875 0.06379000000000001
0 0.0521875 0.6116325 0.104375 0.07504699999999997
0 0.044062500000000004 0.7209194999999999 0.079375 0.12101299999999993
0 0.0475 0.7485930000000001 0.057499999999999996 0.061913999999999914
0 0.13468750000000002 0.683396 0.134375 0.13789800000000008
0 0.1303125 0.922139 0.07687500000000001 0.15384600000000004
0 0.153125 0.7973730000000001 0.0875 0.302064
0 0.201875 0.9610695 0.05625000000000002 0.07598499999999997
0 0.206875 0.7884615 0.04125000000000001 0.192307
0 0.25 0.6210135 0.10375000000000001 0.07692300000000007
0 0.2659375 0.534709 0.09937499999999999 0.09193200000000007
0 0.229375 0.4934335 0.01874999999999999 0.071295
0 0.2653125 0.5534705 0.06062500000000004 0.07692299999999996
0 0.2840625 0.7462475 0.076875 0.137899
0 0.27875 0.8461535 0.043749999999999956 0.099437
0 0.275625 0.42729799999999996 0.03249999999999997 0.04596600000000001
0 0.280625 0.5689495 0.04249999999999998 0.03658500000000009
0 0.28 0.4713885 0.03875000000000001 0.03470899999999999
0 0.3234375 0.371482 0.07937499999999997 0.028142
0 0.31062500000000004 0.4662285 0.048750000000000016 0.07504699999999997
0 0.3025 0.6777675000000001 0.030000000000000027 0.053470999999999935
0 0.31 0.4174485 0.04500000000000004 0.07879899999999995
0 0.3071875 0.8231710000000001 0.020625000000000004 0.199812
0 0.32125000000000004 0.936679 0.048750000000000016 0.12476600000000004
0 0.33 0.3320825 0.04625000000000001 0.030019000000000018
0 0.34375 0.7026265 0.057499999999999996 0.200751
0 0.33968750000000003 0.5257975 0.026875000000000038 0.09287099999999998
0 0.3625 0.9277675000000001 0.04625000000000001 0.14258899999999997
0 0.380625 0.381332 0.07250000000000001 0.03471000000000002
0 0.3725 0.40290800000000004 0.053749999999999964 0.04596600000000001
0 0.36406249999999996 0.307223 0.03437499999999999 0.023451999999999973
0 0.3784375 0.7908065 0.06312499999999999 0.24953100000000006
0 0.3690625 0.5084425 0.02562500000000001 0.10131299999999999
0 0.38 0.32223250000000003 0.043749999999999956 0.02720499999999998
0 0.3803125 0.6561915 0.03312499999999996 0.10225099999999998
0 0.49031250000000004 0.5605065 0.22312500000000007 0.531895
0 0.3984375 0.27626649999999997 0.026874999999999982 0.029080999999999968
0 0.41781250000000003 0.260319 0.03937499999999999 0.038462000000000024
0 0.436875 0.336773 0.05625000000000002 0.028142
0 0.4325 0.291276 0.03125 0.04221400000000003
0 0.43875 0.379925 0.04250000000000004 0.033772000000000024
0 0.4403125 0.330675 0.030625000000000013 0.04408999999999996
0 0.455625 0.26125699999999996 0.036250000000000004 0.006566000000000016
0 0.4971875 0.250938 0.070625 0.04971800000000001
0 0.48531250000000004 0.22185749999999999 0.02812500000000001 0.03470900000000002
0 0.5471874999999999 0.252814 0.03437499999999993 0.04221400000000003
0 0.6025 0.2922135 0.05125000000000002 0.030957000000000012
0 0.5934375000000001 0.2650095 0.02937500000000004 0.032833
0 0.6275 0.3212945 0.04749999999999999 0.04596699999999998
