0 0.4796875 0.4570835 0.08437499999999998 0.09083299999999994
0 0.0153125 0.5629165 0.023125 0.030833
0 0.026250000000000002 0.65125 0.0325 0.02416599999999991
0 0.030625 0.46041699999999997 0.03375 0.02250000000000002
0 0.07250000000000001 0.055 0.1125 0.09666599999999999
0 0.0384375 0.54125 0.028124999999999997 0.019166000000000016
0 0.090625 0.3175 0.10500000000000001 0.08833400000000002
0 0.0665625 0.372917 0.054375 0.022499999999999964
0 0.06812499999999999 0.46291649999999995 0.03624999999999999 0.08583299999999999
0 0.08937500000000001 0.69875 0.0475 0.02749999999999997
0 0.105625 0.7145835 0.041249999999999995 0.04083300000000001
0 0.14750000000000002 0.120417 0.10250000000000001 0.0725
0 0.1928125 0.4391665 0.09187499999999998 0.10666700000000001
0 0.241875 0.7879164999999999 0.16874999999999998 0.219167
0 0.1771875 0.330417 0.03187499999999999 0.03749999999999998
0 0.186875 0.2683335 0.04124999999999998 0.04833299999999999
0 0.18375000000000002 0.20750000000000002 0.03 0.036666000000000004
0 0.2 0.15208300000000002 0.036250000000000004 0.022499999999999992
0 0.1984375 0.5283335 0.030624999999999986 0.04833299999999996
0 0.24625000000000002 0.5845830000000001 0.026250000000000023 0.0675
0 0.24312499999999998 0.1408335 0.008750000000000008 0.048333
0 0.265625 0.20500000000000002 0.036250000000000004 0.04500000000000001
0 0.2690625 0.23583300000000001 0.026874999999999982 0.06499999999999997
0 0.3515625 0.65625 0.10187500000000005 0.06583399999999995
0 0.34187500000000004 0.4075 0.04375000000000001 0.05333400000000005
0 0.34125 0.1270835 0.025000000000000022 0.030832999999999985
0 0.360625 0.19624999999999998 0.03750000000000003 0.04083400000000001
0 0.38125 0.73625 0.03750000000000003 0.029166000000000025
0 0.4146875 0.5587500000000001 0.09437499999999999 0.057499999999999996
0 0.395 0.7920834999999999 0.048750000000000016 0.06583299999999992
0 0.3878125 0.600833 0.02937500000000004 0.03500000000000003
0 0.43375 0.6770835 0.03125 0.0791670000000001
0 0.4640625 0.942917 0.04562500000000003 0.022499999999999964
0 0.48375 0.2191665 0.07749999999999996 0.10833299999999998
0 0.5809375 0.965 0.059374999999999956 0.050000000000000044
0 0.6546875000000001 0.7970835000000001 0.09562499999999996 0.06916700000000009
0 0.6565624999999999 0.6095835000000001 0.021874999999999978 0.08916700000000011
0 0.6699999999999999 0.5054164999999999 0.026249999999999996 0.08416699999999999
0 0.7409375 0.900417 0.16312499999999996 0.12749999999999995
0 0.721875 0.6995835 0.036250000000000004 0.025832999999999995
0 0.8028124999999999 0.49250000000000005 0.02312499999999995 0.061666000000000054
0 0.86125 0.939167 0.11375000000000002 0.09499999999999997
0 0.8503125 0.8170835000000001 0.06562500000000004 0.06416699999999997
0 0.8796875 0.5237499999999999 0.021874999999999978 0.07916599999999996
0 0.9237500000000001 0.6558335 0.06874999999999998 0.05166700000000002
0 0.926875 0.8195835 0.07000000000000006 0.03416700000000006
