0 0.0318625 0.781863 0.063725 0.053922000000000025
0 0.0563725 0.745915 0.044117 0.066994
0 0.125817 0.880719 0.09803999999999999 0.09150400000000003
0 0.1503265 0.7034315 0.094771 0.06372500000000003
0 0.17973850000000002 0.7401964999999999 0.15032700000000002 0.120915
0 0.2197715 0.6625814999999999 0.11274500000000001 0.06372499999999992
0 0.22549049999999998 0.8333335 0.10130700000000001 0.07189499999999993
0 0.2965685 0.620098 0.11274500000000001 0.05065399999999998
0 0.3513075 0.8406865 0.16013100000000002 0.13235299999999994
0 0.374183 0.485294 0.03594799999999998 0.029411999999999994
0 0.4272875 0.606209 0.08333299999999999 0.042483999999999966
0 0.491013 0.888072 0.10294199999999998 0.08987
0 0.48202599999999995 0.7581694999999999 0.07516399999999995 0.12418300000000004
0 0.52451 0.753268 0.05882400000000004 0.08823600000000009
0 0.5482024999999999 0.45914999999999995 0.037580999999999976 0.026144
0 0.6151965 0.8194445 0.13888900000000004 0.11928099999999997
0 0.5759805 0.621732 0.057188999999999934 0.04411799999999999
0 0.5939540000000001 0.587418 0.04411799999999999 0.031045999999999907
0 0.621732 0.651961 0.06045800000000001 0.042483999999999966
0 0.646242 0.531046 0.07026200000000005 0.026143999999999945
0 0.6544114999999999 0.7075165000000001 0.08006499999999994 0.06209100000000001
0 0.729575 0.626634 0.08006599999999997 0.08006599999999997
0 0.8129085 0.643791 0.03431300000000004 0.06862799999999991
0 0.853758 0.611928 0.07679800000000003 0.06045800000000001
0 0.86683 0.501634 0.05065399999999998 0.01634000000000002
0 0.880719 0.6764705 0.022876000000000007 0.06209100000000001
0 0.9297385 0.526961 0.06535899999999994 0.05065399999999998
