0 0.3409375 0.5175 0.09937499999999999 0.121666
0 0.1790625 0.1704165 0.046875 0.04416700000000001
0 0.2078125 0.1525 0.09312500000000001 0.10833399999999999
0 0.24937499999999999 0.0541665 0.07624999999999998 0.108333
0 0.263125 0.43125 0.04125000000000001 0.064166
0 0.3453125 0.1091665 0.05312500000000003 0.091667
0 0.40531249999999996 0.41000000000000003 0.06937500000000002 0.10333399999999998
0 0.39749999999999996 0.0645835 0.03875000000000001 0.07083300000000001
0 0.445625 0.345417 0.07874999999999999 0.08749999999999997
0 0.4709375 0.0483335 0.05937500000000001 0.096667
0 0.575 0.5441665 0.032500000000000084 0.061666999999999916
0 0.5996874999999999 0.25875 0.03187499999999999 0.07749999999999999
0 0.615 0.42625 0.04249999999999998 0.09416600000000003
0 0.7021875 0.5604169999999999 0.05937500000000007 0.12249999999999994
0 0.746875 0.3845835 0.022500000000000075 0.08416699999999999
0 0.775 0.45208349999999997 0.040000000000000036 0.08083299999999999
0 0.8087500000000001 0.40375 0.04500000000000004 0.08416599999999996
0 0.9090625 0.6325000000000001 0.06437500000000007 0.10833400000000004
0 0.961875 0.73875 0.07500000000000007 0.07250000000000001
0 0.963125 0.24875000000000003 0.043749999999999956 0.10583400000000001
