0 0.23067900000000002 0.24895799999999998 0.15925000000000003 0.14375
0 0.197307 0.5104165 0.07611199999999999 0.08333299999999999
0 0.355972 0.365625 0.10304400000000002 0.089584
0 0.3711945 0.4145835 0.08430900000000002 0.158333
0 0.47365349999999995 0.41354199999999997 0.066745 0.13125000000000003
0 0.543911 0.32395799999999997 0.03161599999999998 0.10625000000000001
0 0.659251 0.360417 0.11709599999999998 0.08750000000000002
0 0.6580795 0.4625 0.07728299999999999 0.08333400000000002
0 0.691452 0.6125 0.05269400000000002 0.03749999999999998
0 0.7663935 0.4854165 0.08079700000000001 0.08333299999999999
0 0.8185015 0.405208 0.08196700000000001 0.05625000000000002
0 0.8741220000000001 0.328125 0.08313800000000005 0.07291599999999998
0 0.952576 0.6958335 0.022248000000000046 0.029166999999999943
0 0.958431 0.58125 0.022247999999999934 0.033334000000000086
0 0.9654564999999999 0.715625 0.017564999999999942 0.035416
