0 0.200625 0.4941665 0.13124999999999998 0.10166700000000006
0 0.125625 0.4354165 0.0325 0.030833
0 0.16875 0.427083 0.026249999999999996 0.02749999999999997
0 0.190625 0.3254165 0.03874999999999998 0.030833
0 0.3309375 0.5216665 0.034375000000000044 0.016666999999999987
0 0.41218750000000004 0.46499999999999997 0.09687499999999999 0.09333399999999997
0 0.3959375 0.5708335 0.020625000000000004 0.011667000000000094
0 0.4609375 0.2029165 0.06187500000000001 0.07916699999999999
0 0.66625 0.1841665 0.26374999999999993 0.17166700000000001
0 0.7571875 0.30874999999999997 0.18437499999999996 0.184166
0 0.8746875000000001 0.3370835 0.09187500000000004 0.13083300000000003
