0 0.048125 0.55125 0.09625 0.134166
0 0.08687500000000001 0.78375 0.060000000000000005 0.1925
0 0.1953125 0.5175 0.08687499999999998 0.121666
0 0.2509375 0.7775000000000001 0.17687499999999998 0.20499999999999996
0 0.22999999999999998 0.704167 0.11250000000000002 0.12
0 0.265625 0.4045835 0.08499999999999999 0.089167
0 0.2884375 0.6320835 0.06812499999999999 0.12083299999999997
0 0.343125 0.44791650000000005 0.08250000000000002 0.13083300000000003
0 0.38125 0.6275 0.13 0.10166599999999992
0 0.3546875 0.2916665 0.06187500000000001 0.11166699999999999
0 0.474375 0.56125 0.07125000000000004 0.124166
0 0.49875 0.5475 0.07375000000000004 0.09000000000000008
0 0.530625 0.3641665 0.08749999999999997 0.08166700000000005
0 0.57375 0.1791665 0.15625 0.11666699999999999
0 0.614375 0.4304165 0.11125000000000007 0.06916700000000003
0 0.6525000000000001 0.27208350000000003 0.06874999999999998 0.06916700000000003
0 0.805625 0.4975 0.20875 0.08666600000000002
0 0.9437500000000001 0.0333335 0.11124999999999996 0.063333
