0 0.6165625 0.4466295 0.193125 0.28651699999999997
0 0.29 0.44897000000000004 0.58 0.647004
0 0.2371875 0.1432585 0.326875 0.286517
0 0.205625 0.715824 0.10499999999999998 0.07022400000000006
0 0.38656250000000003 0.23876399999999998 0.11562500000000003 0.06179799999999999
0 0.4275 0.0524345 0.048750000000000016 0.05805300000000001
0 0.473125 0.0753745 0.05749999999999994 0.045881
0 0.5121875 0.8000935 0.08187499999999998 0.05524299999999993
0 0.6012500000000001 0.6727529999999999 0.03500000000000003 0.015917999999999988
0 0.7496875000000001 0.5084265 0.17312500000000008 0.09363300000000002
0 0.72375 0.588951 0.05125000000000002 0.0561799999999999
0 0.7171875 0.2743445 0.028124999999999956 0.031835
0 0.7165625 0.38015 0.024375000000000036 0.013108000000000009
0 0.7278125 0.3558055 0.024375000000000036 0.014981000000000022
0 0.7296875 0.2345505 0.020625000000000004 0.038389000000000006
0 0.7390625 0.6352994999999999 0.03312499999999996 0.032770999999999995
0 0.7403124999999999 0.38015 0.02312499999999995 0.013108000000000009
0 0.7403124999999999 0.4269665 0.020625000000000004 0.02621699999999999
0 0.7440625000000001 0.338483 0.010624999999999996 0.03838999999999998
0 0.7671874999999999 0.32162900000000005 0.030625000000000013 0.049626
0 0.7721875 0.4227525 0.020625000000000004 0.030898999999999954
0 0.7746875 0.39793999999999996 0.02562500000000001 0.022471999999999992
0 0.7953125000000001 0.2944755 0.03312499999999996 0.019662999999999986
0 0.8125 0.8562734999999999 0.04249999999999998 0.032770999999999995
0 0.8356250000000001 0.3604865 0.08124999999999993 0.07116100000000003
0 0.9099999999999999 0.8838955 0.08625000000000005 0.06554300000000002
0 0.9356249999999999 0.6381085 0.12124999999999997 0.11516899999999997
0 0.9190625 0.3848315 0.026874999999999982 0.06179699999999999
