0 0.0444335 0.892578 0.034179 0.053385999999999934
0 0.116699 0.8411455 0.03417999999999999 0.046875
0 0.126953 0.7923175 0.031250000000000014 0.050780999999999965
0 0.1435545 0.7636719999999999 0.03320299999999998 0.06380200000000003
0 0.20068350000000001 0.796224 0.057617 0.06640600000000008
0 0.20654250000000002 0.753255 0.04003900000000002 0.06380199999999991
0 0.209473 0.672526 0.03808600000000001 0.053386000000000045
0 0.26855450000000003 0.798177 0.04296899999999998 0.08072999999999997
0 0.32421900000000003 0.639323 0.039061999999999986 0.0625
0 0.356934 0.6165365 0.03808600000000001 0.048177000000000025
0 0.357422 0.505208 0.03711000000000003 0.05989599999999995
0 0.3671875 0.7356775 0.050780999999999965 0.078125
0 0.368164 0.5768225 0.035155999999999965 0.04947900000000005
0 0.38183599999999995 0.4778645 0.039061999999999986 0.06770900000000002
0 0.3828125 0.652995 0.03320299999999998 0.06901000000000002
0 0.4301755 0.45247400000000004 0.03613299999999997 0.06640600000000002
0 0.460938 0.7513019999999999 0.0625 0.06770799999999999
0 0.4794925 0.5703125 0.050780999999999965 0.08072900000000005
0 0.4858395 0.4583335 0.040038999999999936 0.07031299999999996
0 0.511719 0.3821615 0.027344000000000035 0.066407
0 0.5190429999999999 0.43684900000000004 0.03417999999999999 0.08463599999999999
0 0.5405275 0.4016925 0.04003900000000005 0.07421900000000003
0 0.5590820000000001 0.389323 0.03808599999999995 0.052083999999999964
0 0.576172 0.45898399999999995 0.058594000000000035 0.08984399999999998
0 0.623535 0.5299480000000001 0.05175800000000008 0.07031200000000004
0 0.6518554999999999 0.4114585 0.04199300000000006 0.08854099999999998
0 0.6650389999999999 0.503255 0.06836000000000009 0.09765599999999997
0 0.751465 0.4375 0.03417999999999999 0.07552000000000003
0 0.7543945000000001 0.2428385 0.020506999999999942 0.029946999999999974
0 0.823242 0.1959635 0.035155999999999965 0.019530999999999993
0 0.8266605 0.366536 0.040038999999999936 0.09505199999999997
0 0.8500975 0.47721349999999996 0.07910099999999998 0.08723900000000001
0 0.8710935 0.261719 0.029297000000000017 0.06249999999999997
0 0.910156 0.2109375 0.058594000000000035 0.075521
0 0.9658199999999999 0.1490885 0.04492200000000002 0.03515700000000002
