0 0.2303125 0.2883335 0.21437500000000004 0.16166700000000003
0 0.0340625 0.1633335 0.068125 0.09666699999999999
0 0.16375 0.672083 0.08249999999999999 0.07250000000000001
0 0.20656249999999998 0.1225 0.09312499999999999 0.15500000000000003
0 0.366875 0.186667 0.08250000000000002 0.10499999999999998
0 0.4028125 0.4670835 0.14937499999999998 0.169167
0 0.41093749999999996 0.3066665 0.05937500000000001 0.05166700000000002
0 0.49187499999999995 0.5154164999999999 0.09249999999999997 0.08583299999999999
0 0.5584374999999999 0.43 0.104375 0.10499999999999998
0 0.6134375 0.0304165 0.11062499999999997 0.060833
0 0.66125 0.10625000000000001 0.1812499999999999 0.184166
0 0.7021875 0.583333 0.09812500000000002 0.10499999999999998
0 0.780625 0.6645829999999999 0.23875000000000002 0.23250000000000004
0 0.72375 0.39708350000000003 0.03750000000000009 0.07083299999999998
0 0.9137500000000001 0.13 0.17125 0.151666
0 0.9393750000000001 0.5845830000000001 0.12 0.13750000000000007
