0 0.14 0.67321 0.181538 0.33025400000000005
0 0.2746155 0.4930715 0.20769300000000002 0.376443
0 0.30923049999999996 0.7528865 0.150769 0.230947
0 0.37692349999999997 0.209007 0.19692300000000001 0.297922
0 0.397692 0.457275 0.19230800000000003 0.26327999999999996
0 0.5084615 0.269053 0.14307699999999995 0.30254000000000003
0 0.533846 0.7413395 0.147692 0.244803
0 0.62 0.6939955 0.1015379999999999 0.21016100000000004
0 0.6484615 0.43533499999999997 0.12769300000000006 0.17320999999999998
0 0.6961539999999999 0.256351 0.17384600000000006 0.26789799999999997
0 0.6961539999999999 0.542725 0.158462 0.24942200000000003
0 0.9015385 0.6628175000000001 0.166153 0.24018499999999998
