0 0.013125 0.30714949999999996 0.02625 0.03480699999999998
0 0.034375 0.578081 0.06875 0.03856999999999999
0 0.0503125 0.47742249999999997 0.100625 0.03480699999999998
0 0.0575 0.376764 0.115 0.046096000000000026
0 0.0675 0.439793 0.135 0.05174000000000001
0 0.0734375 0.6552215 0.146875 0.042332999999999954
0 0.090625 0.2836315 0.18125 0.027281
0 0.0846875 0.4341485 0.12437500000000001 0.05550299999999997
0 0.09625 0.8047975 0.14750000000000002 0.03668900000000008
0 0.0896875 0.3504235 0.12687500000000002 0.03668899999999997
0 0.1121875 0.5277514999999999 0.156875 0.05079899999999993
0 0.141875 0.7314205 0.16125 0.040451000000000015
0 0.12375 0.5827845 0.105 0.05550299999999997
0 0.1865625 0.164158 0.143125 0.04985800000000001
0 0.199375 0.5178735 0.10749999999999998 0.042332999999999954
0 0.21218750000000003 0.637347 0.13062500000000002 0.03104400000000007
0 0.1915625 0.280809 0.08687499999999998 0.05173999999999995
0 0.2728125 0.6462840000000001 0.17062500000000003 0.06396999999999997
0 0.2553125 0.33866450000000003 0.12187499999999998 0.07337699999999997
0 0.2640625 0.2234245 0.129375 0.04797699999999999
0 0.26875 0.3532455 0.13875 0.040451000000000015
0 0.309375 0.780339 0.15874999999999997 0.03104400000000007
0 0.3034375 0.38758250000000005 0.14062500000000003 0.045155
0 0.31656249999999997 0.822672 0.13187500000000002 0.06114799999999998
0 0.3371875 0.434619 0.13937499999999997 0.06020600000000004
0 0.38625 0.15381 0.21249999999999997 0.036688
0 0.35562499999999997 0.6966135 0.14875 0.044215000000000004
0 0.3775 0.7370650000000001 0.14875000000000005 0.05174000000000001
0 0.3428125 0.46284100000000006 0.05687500000000001 0.09971800000000003
0 0.355 0.8786455 0.08124999999999999 0.08842899999999998
0 0.3921875 0.5950145 0.13937499999999997 0.021636999999999906
0 0.38593750000000004 0.4727185 0.12187500000000001 0.044215000000000004
0 0.4009375 0.266228 0.13312500000000005 0.056443999999999994
0 0.39625 0.22577599999999998 0.11125000000000002 0.07149599999999998
0 0.4196875 0.1133585 0.10812500000000003 0.04797699999999999
0 0.42625 0.3748825 0.10999999999999999 0.063029
0 0.459375 0.7478835 0.15625 0.05268099999999998
0 0.465625 0.5268109999999999 0.14875000000000005 0.06396999999999997
0 0.4703125 0.583255 0.14437499999999998 0.045155999999999974
0 0.45875 0.42897450000000004 0.0625 0.06961500000000004
0 0.48062499999999997 0.785513 0.10624999999999996 0.09219200000000005
0 0.5215624999999999 0.4849485 0.14687499999999998 0.04797699999999999
0 0.50625 0.1048915 0.11125000000000002 0.034807000000000005
0 0.48875 0.1801505 0.05499999999999999 0.046095
0 0.5040625000000001 0.348542 0.08187500000000003 0.053622
0 0.510625 0.696143 0.09499999999999997 0.07902200000000004
0 0.5009375 0.2723425 0.06562499999999993 0.05174100000000001
0 0.518125 0.206021 0.09374999999999994 0.09783600000000003
0 0.506875 0.40874900000000003 0.05625000000000002 0.10254000000000002
0 0.53375 0.0301035 0.10999999999999999 0.060207
0 0.5375000000000001 0.6288805 0.09750000000000003 0.098777
0 0.5453125 0.720132 0.09437500000000004 0.03856999999999999
0 0.585 0.7972715 0.14875000000000005 0.042332999999999954
0 0.6040625 0.45672650000000004 0.12812499999999993 0.04233300000000001
0 0.6053125 0.27563499999999996 0.12062499999999998 0.05080000000000001
0 0.62 0.71778 0.1499999999999999 0.09407399999999999
0 0.6012500000000001 0.6500475 0.10124999999999995 0.05268099999999998
0 0.576875 0.3198495 0.04749999999999999 0.07714100000000002
0 0.6240625 0.568203 0.13437500000000002 0.06961400000000006
0 0.6265624999999999 0.338194 0.12437500000000001 0.040452000000000043
0 0.6146875 0.58937 0.08187500000000003 0.08184399999999992
0 0.6215625 0.2648165 0.08562500000000006 0.044215000000000004
0 0.615625 0.393227 0.043749999999999956 0.092192
0 0.7965625000000001 0.548918 0.405625 0.37723400000000007
0 0.6559375000000001 0.4031045 0.03187499999999999 0.11194699999999996
0 0.7324999999999999 0.7925685 0.15125 0.02916300000000005
0 0.7209375 0.34619 0.125625 0.07713999999999999
0 0.7634375 0.3090315 0.06187500000000001 0.126999
0 0.8203125 0.32220150000000003 0.07562500000000005 0.03480699999999998
0 0.8640625 0.3311385 0.11687499999999995 0.09031100000000003
0 0.8725 0.7356535 0.09875 0.08842899999999998
0 0.8728125 0.21778000000000003 0.08562500000000006 0.11571000000000001
0 0.92875 0.34948250000000003 0.13624999999999998 0.11571099999999995
0 0.9665625 0.27939800000000004 0.06562500000000004 0.026339999999999975
