0 0.6615 0.1986505 0.10299999999999998 0.13343300000000002
0 0.4005 0.25187400000000004 0.11699999999999999 0.167916
0 0.518 0.1829085 0.06400000000000006 0.122939
0 0.5075000000000001 0.3935535 0.031000000000000028 0.070465
0 0.516 0.426537 0.038000000000000034 0.05247400000000002
0 0.5854999999999999 0.25337350000000003 0.04300000000000004 0.10194900000000001
0 0.591 0.434033 0.05400000000000005 0.10644600000000004
0 0.5965 0.20389800000000002 0.04300000000000004 0.074962
0 0.6715 0.38305849999999997 0.06099999999999994 0.10344899999999996
0 0.7050000000000001 0.33508249999999995 0.061999999999999944 0.082459
0 0.757 0.4542725 0.09400000000000008 0.11394300000000002
0 0.7545 0.31259400000000004 0.03500000000000003 0.148426
0 0.815 0.326087 0.08199999999999996 0.130434
