0 0.2109375 0.37244900000000003 0.041015000000000024 0.024782000000000026
0 0.227539 0.4147235 0.050781999999999994 0.080175
0 0.25390599999999997 0.535714 0.041016 0.030611999999999973
0 0.312012 0.4176385 0.047852000000000006 0.03935899999999998
0 0.333496 0.4489795 0.043945999999999985 0.03790100000000002
0 0.404297 0.876093 0.03515600000000002 0.03207000000000004
0 0.4282225 0.1989795 0.04785099999999998 0.12099100000000002
0 0.444824 0.968659 0.06542999999999999 0.039358000000000004
0 0.48339849999999995 0.24198250000000002 0.04492099999999993 0.08746300000000001
0 0.49951199999999996 0.3053935 0.07714799999999994 0.06559700000000002
0 0.5444335 0.934402 0.07714900000000002 0.04373199999999999
0 0.5966795 0.38484 0.078125 0.072886
0 0.650879 0.15451900000000002 0.141602 0.06997
0 0.6274409999999999 0.959184 0.08691400000000005 0.052478000000000025
0 0.684082 0.5393589999999999 0.04199200000000003 0.06413999999999997
0 0.725098 0.122449 0.09082000000000001 0.09912599999999999
0 0.7231445 0.6727405 0.02636700000000003 0.086005
0 0.7495115 0.9883379999999999 0.061522999999999994 0.020408000000000093
0 0.7548824999999999 0.223032 0.06054700000000002 0.06122399999999997
0 0.892578 0.25 0.027344000000000035 0.059765999999999986
0 0.896484 0.42128299999999996 0.03125 0.05247799999999997
0 0.944824 0.745627 0.0283199999999999 0.051019999999999954
0 0.974121 0.7857145 0.04980399999999996 0.029155000000000042
