0 0.83125 0.5810135000000001 0.12625000000000008 0.114205
0 0.05375 0.7755175000000001 0.1075 0.140613
0 0.133125 0.6245535 0.14375 0.13704499999999997
0 0.0940625 0.136688 0.033125 0.01927200000000001
0 0.1434375 0.228408 0.033125000000000016 0.019986000000000004
0 0.2253125 0.642398 0.049375 0.10849399999999998
0 0.2771875 0.5353319999999999 0.07812499999999997 0.03711600000000004
0 0.309375 0.309065 0.07374999999999998 0.05139199999999999
0 0.305 0.391506 0.022499999999999964 0.013562000000000018
0 0.3190625 0.778016 0.033125000000000016 0.03283399999999992
0 0.34625 0.649179 0.07250000000000001 0.07066399999999995
0 0.41812499999999997 0.7273375 0.06 0.037116999999999956
0 0.5609375000000001 0.32012850000000004 0.041874999999999996 0.06638099999999997
0 0.6015625 0.5053535 0.078125 0.07994299999999993
0 0.7578125 0.840471 0.1981250000000001 0.13347600000000004
