0 0.7153125 0.8805555 0.254375 0.23888900000000002
0 0.1625 0.28842599999999996 0.295 0.18981399999999998
0 0.1759375 0.136111 0.273125 0.233334
0 0.17531249999999998 0.5185185 0.250625 0.15925900000000004
0 0.32125 0.7041664999999999 0.19749999999999998 0.18981499999999996
0 0.3253125 0.425 0.08937499999999998 0.14444400000000002
0 0.4009375 0.2342595 0.19437499999999996 0.142593
0 0.359375 0.523611 0.09875 0.11759200000000003
0 0.3853125 0.8666665 0.07687500000000003 0.264815
0 0.42 0.425926 0.14125 0.142592
0 0.52125 0.0824075 0.23625000000000002 0.164815
0 0.48625 0.686111 0.15000000000000002 0.14629599999999998
0 0.4553125 0.8226855 0.06312499999999999 0.11574099999999998
0 0.5534375 0.0324075 0.22062499999999996 0.064815
0 0.6621874999999999 0.47731500000000004 0.38687499999999997 0.293518
0 0.5137499999999999 0.818056 0.05874999999999997 0.17500000000000004
0 0.5684374999999999 0.9208335000000001 0.07187500000000002 0.15648099999999998
0 0.5890625 0.2 0.06187500000000001 0.08518600000000001
0 0.74125 0.6708335 0.20875 0.13055499999999998
0 0.8171875 0.0416665 0.22812500000000002 0.083333
0 0.8628125 0.2189815 0.229375 0.199075
0 0.955625 0.364815 0.08750000000000002 0.15555600000000003
