0 0.41625 0.839167 0.1225 0.16500000000000004
0 0.02375 0.840417 0.0475 0.11750000000000005
0 0.026875 0.29583349999999997 0.05375 0.158333
0 0.029375 0.9154165000000001 0.05875 0.06416699999999997
0 0.0303125 0.3141665 0.060625 0.10833300000000001
0 0.0390625 0.4758335 0.078125 0.14666699999999994
0 0.063125 0.695417 0.11374999999999999 0.1725
0 0.1034375 0.9345835 0.13562500000000002 0.12916700000000003
0 0.1275 0.210833 0.16999999999999998 0.15
0 0.1171875 0.44499999999999995 0.14687499999999998 0.195
0 0.16 0.3116665 0.08000000000000002 0.11333300000000002
0 0.245 0.36 0.15 0.14833400000000002
0 0.2515625 0.6000000000000001 0.16062499999999996 0.17000000000000004
0 0.2709375 0.889167 0.07187500000000002 0.10499999999999998
0 0.32625 0.1695835 0.11375000000000002 0.19083300000000003
0 0.3303125 0.9204165 0.10812500000000003 0.10583299999999995
0 0.4078125 0.0591665 0.14687500000000003 0.118333
0 0.41500000000000004 0.41500000000000004 0.10749999999999998 0.123334
0 0.45375 0.542083 0.07624999999999998 0.08250000000000002
0 0.450625 0.9720835 0.04125000000000001 0.054167000000000076
0 0.479375 0.645833 0.08374999999999999 0.14500000000000002
0 0.5025 0.08625 0.11750000000000005 0.1375
0 0.506875 0.9862500000000001 0.07625000000000004 0.025834000000000024
0 0.53375 0.61625 0.05500000000000005 0.07916599999999996
0 0.55375 0.74125 0.08750000000000002 0.11249999999999993
0 0.5521875 0.0704165 0.05937500000000007 0.140833
0 0.5628124999999999 0.54 0.04437499999999994 0.14333399999999996
0 0.6009375 0.9558335 0.08187499999999992 0.08666700000000005
0 0.6409374999999999 0.3625 0.12312500000000004 0.15666599999999997
0 0.6378125 0.495 0.10562500000000008 0.16999999999999998
0 0.6521874999999999 0.1083335 0.13437500000000002 0.161667
0 0.646875 0.24375000000000002 0.11375000000000002 0.11916600000000002
0 0.6546875 0.8808335 0.09812500000000002 0.09166700000000005
0 0.66875 0.9212499999999999 0.07999999999999996 0.15083400000000002
0 0.6728125 0.6345829999999999 0.05687500000000001 0.07750000000000001
0 0.72875 0.327083 0.07874999999999999 0.1375
0 0.7518750000000001 0.49249999999999994 0.10750000000000004 0.10333399999999998
0 0.7565625 0.76875 0.11312500000000003 0.12249999999999994
0 0.7315625 0.43125 0.055625000000000036 0.0675
0 0.7428125 0.590417 0.06562500000000004 0.12750000000000006
0 0.7578125 0.9612499999999999 0.0931249999999999 0.07583400000000007
0 0.7934375 0.5958335 0.055625000000000036 0.10666700000000007
0 0.8075 0.35125 0.050000000000000044 0.14416600000000002
0 0.825625 0.14625 0.07874999999999999 0.11416600000000002
0 0.8734375 0.93875 0.12062499999999998 0.120834
0 0.87625 0.7304170000000001 0.08125000000000004 0.1825
0 0.8928125 0.24416700000000002 0.09187499999999993 0.11000000000000001
0 0.9281250000000001 0.552083 0.07750000000000001 0.08749999999999991
0 0.9484375 0.7720830000000001 0.07062500000000005 0.07750000000000001
0 0.9453125 0.86625 0.059374999999999956 0.08250000000000002
