0 0.22218749999999998 0.381827 0.17687499999999998 0.09510400000000002
0 0.10125 0.6214685 0.2025 0.448211
0 0.08125 0.73258 0.095 0.05649799999999994
0 0.20656249999999998 0.884181 0.084375 0.08474599999999999
0 0.234375 0.6398305 0.10875000000000001 0.06308900000000006
0 0.24875 0.7095104999999999 0.09749999999999998 0.06308900000000006
0 0.2803125 0.8813555 0.146875 0.141243
0 0.3096875 0.4712805 0.070625 0.05367299999999997
0 0.365 0.967514 0.10625000000000001 0.06308800000000003
0 0.3596875 0.586629 0.078125 0.08474599999999999
0 0.69125 0.499529 0.61625 0.999058
