0 0.535 0.664167 0.92875 0.67
0 0.1825 0.2925 0.04000000000000001 0.044999999999999984
0 0.1875 0.152083 0.04749999999999999 0.0675
0 0.2559375 0.25916649999999997 0.050625 0.05666699999999997
0 0.5046875 0.6020835 0.166875 0.24083300000000002
0 0.5609375000000001 0.4454165 0.06312499999999999 0.07416699999999998
0 0.6075 0.421667 0.14625 0.09999999999999998
0 0.5774999999999999 0.343333 0.03749999999999998 0.040000000000000036
0 0.5840624999999999 0.3245835 0.024374999999999925 0.025832999999999995
0 0.6046875 0.541667 0.05062500000000003 0.040000000000000036
0 0.7821875 0.32125000000000004 0.09062500000000007 0.09083400000000003
0 0.885625 0.372917 0.028750000000000053 0.03249999999999997
