0 0.169375 0.7529170000000001 0.30125 0.11249999999999993
0 0.0571875 0.9670835 0.114375 0.06416699999999997
0 0.105625 0.31166649999999996 0.21125 0.086667
0 0.1875 0.8775 0.25749999999999995 0.09500000000000008
0 0.265625 0.4554165 0.30000000000000004 0.08416699999999999
0 0.4059375 0.0454165 0.448125 0.090833
0 0.4884375 0.565 0.34187500000000004 0.11333399999999993
0 0.4840625 0.197917 0.301875 0.12749999999999997
0 0.530625 0.940833 0.315 0.09499999999999997
0 0.61375 0.33125000000000004 0.35 0.1225
0 0.6371875 0.8104169999999999 0.300625 0.07750000000000001
0 0.7415625 0.66625 0.329375 0.09250000000000003
0 0.8028124999999999 0.83375 0.333125 0.07583399999999996
0 0.8165625 0.9833335000000001 0.21562499999999996 0.031667
0 0.860625 0.4425 0.27749999999999997 0.09999999999999998
0 0.9078125 0.7370835 0.18312499999999998 0.07916699999999999
0 0.9134375 0.0583335 0.171875 0.116667
0 0.9496875 0.9137500000000001 0.09937499999999999 0.08416600000000007
0 0.9878125 0.5862499999999999 0.023125000000000062 0.03583400000000003
