0 0.025 0.1104165 0.05 0.095833
0 0.047656 0.259896 0.095312 0.13020800000000002
0 0.060547 0.2036455 0.121094 0.09687499999999999
0 0.1 0.7927085 0.189062 0.17916699999999997
0 0.11679650000000001 0.46458350000000004 0.217969 0.13333299999999998
0 0.21562550000000003 0.831771 0.178125 0.08020799999999995
0 0.2593755 0.7260415 0.10937499999999997 0.139583
0 0.23789100000000002 0.486979 0.05390600000000004 0.09895799999999999
0 0.248828 0.8109375 0.06015599999999999 0.09687500000000004
0 0.295313 0.358854 0.11875 0.11354200000000003
0 0.3621095 0.5385420000000001 0.224219 0.18125000000000002
0 0.31953149999999997 0.42552100000000004 0.08593699999999999 0.076042
0 0.354297 0.636979 0.08046800000000004 0.08854200000000001
0 0.3589845 0.8651044999999999 0.06953100000000001 0.15937499999999993
0 0.40585950000000004 0.419271 0.15546900000000002 0.08854200000000001
0 0.445703 0.93125 0.14609400000000006 0.13541599999999998
0 0.522266 0.69375 0.22890600000000005 0.19999999999999996
0 0.4589845 0.322396 0.08203100000000002 0.09479199999999999
0 0.479297 0.7583335 0.103906 0.07083299999999992
0 0.475391 0.8302080000000001 0.09140599999999993 0.09999999999999998
0 0.5328125 0.5265625 0.13593700000000003 0.12187500000000001
0 0.5542965 0.39895800000000003 0.17578099999999997 0.07500000000000001
0 0.5718745 0.3536455 0.109375 0.078125
0 0.5902345 0.6348955000000001 0.08828100000000005 0.04062500000000002
0 0.6527345 0.5994794999999999 0.1429689999999999 0.09687499999999993
0 0.6546875000000001 0.4984375 0.13437500000000002 0.08645900000000001
0 0.6527339999999999 0.7739585 0.10390599999999994 0.09166699999999994
0 0.650781 0.259896 0.06874999999999998 0.12604200000000002
0 0.691797 0.0671875 0.049217999999999984 0.084375
0 0.692969 0.3848955 0.051562 0.08437499999999998
0 0.6929685 0.175 0.028124999999999956 0.08125000000000002
0 0.746875 0.6359375 0.13124999999999998 0.08020900000000009
0 0.7449215 0.4083335 0.08828100000000005 0.07708300000000001
0 0.7324219999999999 0.24166700000000002 0.042968000000000006 0.06875
0 0.789844 0.8989579999999999 0.15781200000000006 0.14374999999999993
0 0.7816405 0.7197914999999999 0.12265700000000002 0.09583299999999995
0 0.7632815 0.30781250000000004 0.057813 0.10104099999999999
0 0.7605465 0.5114585 0.04453099999999999 0.091667
0 0.814453 0.525521 0.08984400000000003 0.10520800000000002
0 0.8074215 0.3885415 0.04921900000000001 0.060417
0 0.855469 0.434375 0.08593799999999996 0.066666
0 0.9039065 0.7203125 0.12187500000000007 0.09895900000000002
0 0.936719 0.8671875 0.125 0.109375
