0 0.054375 0.29643600000000003 0.10875 0.09801200000000002
0 0.0471875 0.073681 0.07312500000000001 0.12817
0 0.4440625 0.5678545 0.566875 0.396847
0 0.2025 0.2227555 0.05000000000000002 0.12885500000000003
0 0.2346875 0.3505825 0.07062500000000002 0.10623699999999997
0 0.4103125 0.6895135 0.36187500000000006 0.39753299999999997
0 0.6790625 0.3725155 0.28437500000000004 0.25017100000000003
0 0.609375 0.3300205 0.07374999999999998 0.126799
0 0.7446875 0.1826595 0.19687500000000002 0.113091
0 0.7493749999999999 0.29232349999999996 0.09999999999999998 0.113091
0 0.9109375 0.6651815 0.176875 0.19533899999999993
0 0.9375 0.4352295 0.12375000000000003 0.111035
0 0.965625 0.23303649999999998 0.0675 0.08361899999999997
