0 0.4540625 0.42500000000000004 0.8256249999999999 0.305
0 0.1125 0.332917 0.05374999999999999 0.03750000000000003
0 0.1446875 0.215 0.015625 0.008334000000000008
0 0.16999999999999998 0.19 0.03 0.020000000000000018
0 0.17125 0.24375 0.016250000000000014 0.024165999999999965
0 0.2396875 0.8266665 0.135625 0.098333
0 0.18937500000000002 0.13666699999999998 0.03 0.035
0 0.22875 0.3016665 0.036250000000000004 0.04833299999999996
0 0.285625 0.06875 0.03875000000000001 0.025834000000000003
0 0.3203125 0.050833500000000004 0.06187500000000001 0.051667
0 0.40625 0.344167 0.06874999999999998 0.040000000000000036
0 0.54375 0.929583 0.16000000000000003 0.12249999999999994
0 0.5740624999999999 0.0975 0.09437499999999999 0.05
0 0.5403125 0.22125 0.020625000000000004 0.027499999999999997
0 0.6603125 0.0941665 0.06687500000000002 0.04333300000000001
0 0.819375 0.8141670000000001 0.36 0.37
0 0.6965625 0.1883335 0.020625000000000004 0.016667000000000015
0 0.7584375 0.1770835 0.018124999999999947 0.035833000000000004
0 0.775625 0.00875 0.030000000000000027 0.0175
0 0.86875 0.3854165 0.04249999999999998 0.035833000000000004
0 0.8928125 0.43208349999999995 0.06187500000000001 0.029167
0 0.905 0.3229165 0.030000000000000027 0.030833
0 0.9484375 0.30291650000000003 0.05937500000000007 0.03916700000000001
0 0.9650000000000001 0.3366665 0.0675 0.048333000000000015
