0 0.491875 0.5347095000000001 0.29625 0.639775
0 0.215625 0.7345215 0.11124999999999999 0.09005699999999994
0 0.25593750000000004 0.37429650000000003 0.179375 0.634147
0 0.23781249999999998 0.080675 0.076875 0.086304
0 0.345 0.0637895 0.04750000000000004 0.09756100000000001
0 0.39093750000000005 0.203096 0.075625 0.06472800000000001
0 0.44125 0.893527 0.12124999999999997 0.06472800000000001
0 0.448125 0.0712945 0.08750000000000002 0.056284999999999995
0 0.458125 0.0187615 0.05249999999999999 0.037523
0 0.5859375 0.139775 0.03937499999999994 0.08818
0 0.6259375 0.043621 0.026874999999999982 0.087242
0 0.666875 0.055816500000000005 0.05249999999999999 0.098499
0 0.7115625 0.1866795 0.03937499999999994 0.09756100000000001
0 0.753125 0.1571295 0.07124999999999992 0.03470899999999999
0 0.7940625 0.2443715 0.11562500000000009 0.12101299999999998
0 0.8165625 0.3569415 0.034375000000000044 0.05347099999999999
0 0.8440624999999999 0.4174485 0.06437499999999996 0.05253300000000005
0 0.8768750000000001 0.17307699999999998 0.06999999999999995 0.051594
0 0.9043749999999999 0.2457785 0.036250000000000004 0.08067499999999997
0 0.93125 0.2772045 0.028750000000000053 0.06285100000000002
0 0.9593750000000001 0.0656665 0.036250000000000004 0.097561
0 0.9675 0.15290800000000002 0.05249999999999999 0.058162000000000005
