0 0.010625 0.5625 0.02125 0.05166599999999999
0 0.011875 0.975 0.02375 0.033333999999999975
0 0.0184375 0.8674999999999999 0.036875 0.03500000000000003
0 0.0234375 0.8191665 0.046875 0.04833299999999996
0 0.0384375 0.7083335 0.053125000000000006 0.043332999999999955
0 0.0540625 0.959167 0.014374999999999999 0.08000000000000007
0 0.12 0.5533334999999999 0.04999999999999999 0.031667
0 0.198125 0.6833335 0.03125 0.05166700000000002
0 0.199375 0.38 0.03125 0.05166599999999999
0 0.21281250000000002 0.1620835 0.021875000000000006 0.064167
0 0.2421875 0.100833 0.013124999999999998 0.045
0 0.2471875 0.81625 0.018124999999999974 0.029166000000000025
0 0.275625 0.8095829999999999 0.03875000000000001 0.04250000000000009
0 0.31 0.6520835 0.07374999999999998 0.14083299999999999
0 0.346875 0.90875 0.04625000000000001 0.04749999999999999
0 0.33375 0.262917 0.012500000000000011 0.037500000000000006
0 0.36875 0.6074999999999999 0.04125000000000001 0.03833399999999998
0 0.3621875 0.21 0.023125000000000007 0.05333399999999999
0 0.3815625 0.0208335 0.02062499999999995 0.036667
0 0.41375 0.3195835 0.04625000000000001 0.034167
0 0.45375 0.33875 0.11624999999999996 0.11416599999999999
0 0.4184375 0.47125 0.03187499999999999 0.025834000000000024
0 0.4215625 0.21625 0.015625 0.04083399999999998
0 0.443125 0.0604165 0.040000000000000036 0.039167
0 0.4453125 0.7341664999999999 0.024375000000000036 0.1083329999999999
0 0.453125 0.34958350000000005 0.03749999999999998 0.029167
0 0.46406250000000004 0.6954165000000001 0.013124999999999998 0.030833
0 0.4771875 0.73125 0.023125000000000007 0.02083400000000002
0 0.4934375 0.4441665 0.02437499999999998 0.038333000000000006
0 0.505 0.9329164999999999 0.04750000000000004 0.04083300000000001
0 0.551875 0.015 0.03374999999999995 0.03
0 0.5521875 0.7175 0.02312499999999995 0.03166599999999997
0 0.5546875 0.57875 0.028124999999999956 0.03583399999999992
0 0.5759375 0.10083349999999999 0.016874999999999973 0.03833299999999999
0 0.58125 0.0320835 0.02749999999999997 0.030833
0 0.5928125 0.21541700000000003 0.016874999999999973 0.0325
0 0.6734375 0.36124999999999996 0.10187499999999994 0.08416600000000002
0 0.698125 0.07125 0.11874999999999991 0.1425
0 0.678125 0.5658335000000001 0.050000000000000044 0.05166700000000002
0 0.6884375 0.14208300000000001 0.024375000000000036 0.017499999999999988
0 0.7 0.805417 0.022500000000000075 0.04749999999999999
0 0.7206250000000001 0.13624999999999998 0.01375000000000004 0.01916599999999999
0 0.744375 0.566667 0.036250000000000004 0.040000000000000036
0 0.7434375 0.4404165 0.018124999999999947 0.03916700000000001
0 0.753125 0.500833 0.03749999999999998 0.06
0 0.8021875 0.2454165 0.016875000000000084 0.024166999999999994
0 0.8134375 0.1625 0.024375000000000036 0.05333399999999999
0 0.83875 0.6970835 0.07000000000000006 0.06583300000000003
0 0.8221875000000001 0.08625 0.028125000000000067 0.019166000000000002
0 0.8246875 0.2370835 0.02562500000000001 0.02083299999999999
0 0.8396874999999999 0.24625 0.021874999999999978 0.02916599999999997
0 0.8859375 0.4245835 0.026874999999999982 0.029167
0 0.9003125000000001 0.02375 0.02937500000000004 0.020834000000000005
0 0.9209375 0.06833349999999999 0.05062500000000003 0.048333
0 0.9156249999999999 0.0941665 0.02749999999999997 0.031667
0 0.9325 0.8362499999999999 0.03499999999999992 0.07583400000000007
0 0.934375 0.2104165 0.03375000000000006 0.024166999999999994
