0 0.2146875 0.6029165 0.21937500000000004 0.329167
0 0.0190625 0.77875 0.038125 0.2308340000000001
0 0.07125 0.8795835000000001 0.1425 0.23916700000000002
0 0.09 0.367917 0.18 0.2875
0 0.229375 0.315 0.16749999999999998 0.25
0 0.3309375 0.77 0.16937500000000003 0.303334
0 0.36875 0.3354165 0.11874999999999997 0.24916700000000003
0 0.499375 0.6770835 0.14750000000000002 0.28916700000000006
0 0.4946875 0.315417 0.13312500000000005 0.23750000000000002
0 0.6196875 0.29083349999999997 0.13437500000000002 0.20166699999999999
0 0.638125 0.6033335 0.16875000000000007 0.26833300000000004
0 0.7578125 0.3125 0.12937500000000002 0.25833399999999995
0 0.7684375 0.56 0.13812500000000005 0.2
0 0.90375 0.5237499999999999 0.15499999999999992 0.22416599999999998
0 0.9003125000000001 0.3120835 0.14312500000000006 0.240833
