0 0.093 0.8333335 0.186 0.162667
0 0.015 0.324 0.026000000000000002 0.045333999999999985
0 0.039 0.2 0.03 0.05333400000000002
0 0.08499999999999999 0.194667 0.03799999999999999 0.04799999999999999
0 0.107 0.092 0.03 0.04000000000000001
0 0.177 0.410667 0.154 0.11199999999999999
0 0.138 0.5986665 0.032 0.05066700000000002
0 0.15999999999999998 0.041333499999999995 0.036000000000000004 0.034666999999999996
0 0.16099999999999998 0.0133335 0.03 0.026667
0 0.189 0.19866650000000002 0.04199999999999998 0.061333
0 0.21500000000000002 0.6453329999999999 0.094 0.11199999999999999
0 0.192 0.48 0.027999999999999997 0.03199999999999997
0 0.21400000000000002 0.368 0.032 0.026665999999999968
0 0.217 0.254667 0.018000000000000016 0.04000000000000001
0 0.267 0.525333 0.10600000000000001 0.04799999999999993
0 0.241 0.1773335 0.025999999999999995 0.029332999999999998
0 0.28400000000000003 0.472 0.10800000000000001 0.09600000000000003
0 0.28500000000000003 0.384 0.08200000000000002 0.14933399999999997
0 0.277 0.1586665 0.025999999999999968 0.029332999999999998
0 0.47000000000000003 0.8186665 0.4 0.213333
0 0.347 0.1506665 0.122 0.157333
0 0.306 0.4906665 0.028000000000000025 0.021333000000000046
0 0.349 0.5133335 0.033999999999999975 0.04533300000000001
0 0.353 0.316 0.025999999999999968 0.034665999999999975
0 0.373 0.43733299999999997 0.030000000000000027 0.04799999999999999
0 0.419 0.2946665 0.11399999999999999 0.07733299999999999
0 0.397 0.5186665 0.05399999999999999 0.034667
0 0.42200000000000004 0.3866665 0.07200000000000001 0.101333
0 0.426 0.42 0.03200000000000003 0.05066599999999999
0 0.441 0.250667 0.030000000000000027 0.04799999999999999
0 0.542 0.196 0.16799999999999998 0.088
0 0.569 0.3786665 0.10999999999999999 0.05866699999999997
0 0.5589999999999999 0.1373335 0.07799999999999996 0.06133300000000001
0 0.562 0.324 0.07999999999999996 0.061334
0 0.615 0.036 0.15799999999999992 0.072
0 0.595 0.356 0.08599999999999997 0.055999999999999994
0 0.599 0.41066650000000005 0.08199999999999996 0.07466699999999998
0 0.625 0.28800000000000003 0.09800000000000009 0.08000000000000002
0 0.8 0.7826664999999999 0.396 0.22666700000000006
0 0.6859999999999999 0.0906665 0.128 0.069333
0 0.712 0.17733349999999998 0.17600000000000005 0.11466699999999999
0 0.694 0.29333299999999995 0.10399999999999998 0.064
0 0.679 0.392 0.05399999999999994 0.064
0 0.7549999999999999 0.33466700000000005 0.13 0.07200000000000001
0 0.77 0.38533300000000004 0.10399999999999998 0.10400000000000004
0 0.7889999999999999 0.449333 0.06599999999999995 0.055999999999999994
0 0.907 0.376 0.04600000000000004 0.04266599999999998
0 0.9279999999999999 0.28800000000000003 0.06399999999999995 0.08000000000000002
0 0.975 0.357333 0.04600000000000004 0.064
0 0.988 0.42 0.020000000000000018 0.045333999999999985
