0 0.1346875 0.43855500000000003 0.269375 0.5206379999999999
0 0.09843750000000001 0.8893059999999999 0.164375 0.21951200000000004
0 0.265 0.502814 0.15375 0.30394000000000004
0 0.315625 0.4840525 0.10875000000000001 0.212007
0 0.3640625 0.9183865 0.12437500000000001 0.16135100000000002
0 0.3753125 0.445591 0.11562499999999998 0.234522
0 0.4975 0.45684800000000003 0.1725 0.23076999999999998
0 0.50125 0.437148 0.16000000000000003 0.309568
0 0.5053125 0.7762665 0.05812500000000004 0.18480300000000005
0 0.651875 0.4502815 0.13624999999999998 0.30206299999999997
