0 0.1621875 0.8545834999999999 0.174375 0.2341669999999999
0 0.0334375 0.0804165 0.066875 0.160833
0 0.0175 0.7558335 0.02125 0.05666699999999991
0 0.040937499999999995 0.56875 0.06187499999999999 0.240834
0 0.13906249999999998 0.0895835 0.105625 0.179167
0 0.1584375 0.21916650000000001 0.126875 0.24166700000000002
0 0.14656249999999998 0.5566665 0.09562499999999999 0.21666700000000005
0 0.1209375 0.7916665 0.02562500000000001 0.06666699999999992
0 0.17 0.6454165000000001 0.03125 0.054166999999999965
0 0.20625 0.2158335 0.08499999999999999 0.251667
0 0.1778125 0.6904165 0.015625 0.07416699999999998
0 0.20906249999999998 0.5979165 0.016875 0.06916699999999998
0 0.285 0.22166650000000002 0.10874999999999999 0.11166700000000002
0 0.33406250000000004 0.07 0.09562500000000002 0.14
0 0.33 0.2254165 0.036250000000000004 0.029167
0 0.3765625 0.6583330000000001 0.03562499999999996 0.07500000000000007
0 0.3921875 0.3766665 0.046875 0.046667000000000014
0 0.46125 0.0691665 0.10750000000000004 0.138333
0 0.48125 0.9666669999999999 0.10625000000000007 0.06500000000000006
0 0.5743750000000001 0.0958335 0.03375000000000006 0.056666999999999995
