0 0.901875 0.7378045 0.17999999999999994 0.16228900000000002
0 0.025625 0.5769234999999999 0.05125 0.07504699999999997
0 0.18875 0.670263 0.09625 0.11163200000000006
0 0.32062500000000005 0.8522510000000001 0.065 0.197936
0 0.395625 0.60788 0.14125 0.09005600000000002
0 0.435625 0.5 0.10999999999999999 0.09005599999999997
0 0.4603125 0.382739 0.078125 0.060038000000000036
0 0.5918749999999999 0.3954035 0.05874999999999997 0.05347099999999999
0 0.719375 0.6214824999999999 0.16500000000000004 0.1397750000000001
0 0.70125 0.3311445 0.08374999999999999 0.06754300000000002
0 0.77875 0.33489650000000004 0.05124999999999991 0.056284999999999974
0 0.8118749999999999 0.267824 0.04625000000000001 0.04408999999999999
0 0.8440624999999999 0.384146 0.04062500000000002 0.04596600000000001
0 0.84875 0.32035650000000004 0.03750000000000009 0.042213
0 0.878125 0.35975599999999996 0.05500000000000005 0.047841999999999996
0 0.9299999999999999 0.459662 0.13875000000000004 0.17073199999999994
0 0.9134375 0.237805 0.018124999999999947 0.023452
0 0.9337500000000001 0.31941850000000005 0.05874999999999997 0.051595
0 0.964375 0.174953 0.043749999999999956 0.04409000000000002
0 0.9665625 0.270638 0.01187500000000008 0.03471000000000002
