0 0.3384375 0.577213 0.10562499999999997 0.14877600000000002
0 0.239375 0.27919 0.022499999999999992 0.03483999999999998
0 0.4559375 0.6054615 0.08687500000000004 0.20903899999999997
0 0.4559375 0.165254 0.07187500000000002 0.119586
0 0.4465625 0.9439735 0.021875000000000033 0.032957000000000014
0 0.5540625 0.242467 0.02937499999999993 0.023539999999999978
0 0.6196875 0.34416199999999997 0.025624999999999898 0.03295600000000004
0 0.8362499999999999 0.2434085 0.10999999999999999 0.063089
0 0.878125 0.722222 0.02124999999999999 0.020715999999999957
0 0.9234374999999999 0.395009 0.03312499999999996 0.01977399999999996
0 0.9259375 0.423258 0.028124999999999956 0.025424000000000002
