0 0.1759375 0.3968255 0.09437499999999999 0.09897299999999998
0 0.00875 0.5373485 0.0175 0.023343000000000003
0 0.0303125 0.688609 0.030625 0.027078000000000046
0 0.08687500000000001 0.730159 0.009999999999999995 0.013071999999999973
0 0.0978125 0.2026145 0.021875000000000006 0.01120500000000002
0 0.1315625 0.47245550000000003 0.030625 0.022408999999999957
0 0.166875 0.7376285 0.013749999999999984 0.02054100000000003
0 0.3240625 0.6512605 0.010624999999999996 0.028945
0 0.3490625 0.569094 0.02937500000000004 0.025209999999999955
0 0.3715625 0.3267975 0.02562500000000001 0.022409000000000012
0 0.39625 0.4953315 0.03749999999999998 0.034546999999999994
0 0.4215625 0.035014 0.07687500000000003 0.055088000000000005
0 0.4221875 0.7324930000000001 0.02937500000000004 0.03828200000000004
0 0.42 0.8543419999999999 0.020000000000000018 0.024276000000000075
0 0.46625 0.3646125 0.03874999999999995 0.036414999999999975
0 0.4665625 0.4402425 0.029374999999999984 0.04201700000000003
0 0.48031250000000003 0.5961719999999999 0.018125000000000002 0.025210000000000066
0 0.50875 0.7012134999999999 0.05125000000000002 0.05975699999999995
0 0.5296875 0.4122315 0.03687499999999999 0.04761900000000002
0 0.5237499999999999 0.7894490000000001 0.01749999999999996 0.03267999999999993
0 0.521875 0.5490195 0.011249999999999982 0.022409000000000012
0 0.5303125 0.0359475 0.020625000000000004 0.023343000000000003
0 0.5553125000000001 0.46825399999999995 0.021874999999999978 0.030812000000000006
0 0.5546875 0.42717099999999997 0.013125000000000053 0.036414
0 0.6084375 0.534547 0.02312499999999995 0.025209999999999955
0 0.6359375 0.4028945 0.03937500000000005 0.036414999999999975
0 0.65 0.570028 0.04249999999999998 0.03454800000000002
0 0.6571875 0.809991 0.02562500000000001 0.025209999999999955
0 0.6665625 0.169001 0.021874999999999978 0.020541999999999977
0 0.68125 0.1671335 0.010000000000000009 0.020541000000000004
0 0.6909375 0.7287585 0.009375000000000022 0.015873000000000026
0 0.7 0.200747 0.016249999999999987 0.014940000000000009
0 0.7090624999999999 0.496265 0.024374999999999925 0.017739999999999978
0 0.721875 0.7114845000000001 0.016249999999999987 0.01120500000000002
0 0.7365625 0.1279175 0.013125000000000053 0.022409
0 0.7396875 0.6638655 0.009375000000000022 0.014939000000000036
0 0.745 0.6914100000000001 0.00374999999999992 0.02147599999999994
0 0.7928124999999999 0.1601305 0.020625000000000004 0.02707699999999999
0 0.8025 0.5009334999999999 0.02124999999999999 0.034546999999999994
0 0.8109375 0.0742295 0.02562500000000001 0.042017000000000006
0 0.825625 0.119981 0.011250000000000093 0.038282
0 0.8409375 0.4187675 0.01187500000000008 0.023343000000000003
0 0.8415625 0.1573295 0.013125000000000053 0.021474999999999994
0 0.85375 0.328198 0.013749999999999929 0.02521000000000001
0 0.85875 0.6349205 0.013749999999999929 0.014939000000000036
0 0.8640625 0.204482 0.01937500000000003 0.05042000000000002
0 0.8646875 0.436975 0.020625000000000004 0.044818000000000024
0 0.8728125 0.029412 0.014375000000000027 0.02521
0 0.9009375 0.0396825 0.026875000000000093 0.045751
0 0.9043749999999999 0.6008405 0.015000000000000013 0.02334299999999989
0 0.903125 0.6811389999999999 0.007499999999999951 0.01960799999999996
0 0.9412499999999999 0.3870215 0.04874999999999996 0.04761900000000002
0 0.9428125 0.499066 0.020625000000000004 0.03081200000000006
0 0.9896875 0.2819795 0.01937500000000003 0.028011000000000008
