0 0.0665625 0.159167 0.015625 0.03
0 0.1203125 0.1075 0.014374999999999999 0.03
0 0.181875 0.055833 0.010000000000000009 0.015
0 0.18562499999999998 0.0241665 0.007499999999999979 0.013332999999999998
0 0.2265625 0.0575 0.016874999999999973 0.015
0 0.3328125 0.0229165 0.015625 0.015833
0 0.3446875 0.014583500000000001 0.015625 0.019167
0 0.378125 0.743333 0.05125000000000002 0.10499999999999998
0 0.3665625 0.18625 0.02562500000000001 0.02416600000000002
0 0.36531250000000004 0.0783335 0.013124999999999998 0.01166700000000001
0 0.400625 0.092083 0.025000000000000022 0.012499999999999997
0 0.435 0.5308335 0.02749999999999997 0.046667000000000014
0 0.4515625 0.06875 0.010624999999999996 0.020834
0 0.459375 0.0454165 0.010000000000000009 0.009167000000000002
0 0.5090625 0.0704165 0.016874999999999973 0.024167
0 0.5531250000000001 0.028333 0.006249999999999978 0.030000000000000006
0 0.5684375 0.08791650000000001 0.014375000000000027 0.020833000000000004
0 0.5828125 0.1954165 0.0068750000000000755 0.035833000000000004
0 0.5878125000000001 0.0654165 0.011874999999999969 0.014166999999999992
0 0.6278125 0.22791699999999998 0.016874999999999973 0.012499999999999983
0 0.6403125000000001 0.26875 0.013124999999999942 0.02083400000000002
0 0.6621874999999999 0.5579164999999999 0.030625000000000013 0.03416699999999995
0 0.653125 0.09375 0.007499999999999951 0.012500000000000011
0 0.655 0.3004165 0.006249999999999978 0.029167
0 0.6575 0.2679165 0.003750000000000031 0.019167000000000045
0 0.686875 0.3375 0.012499999999999956 0.019999999999999962
0 0.7481249999999999 0.37875000000000003 0.006249999999999978 0.010833999999999955
0 0.8831249999999999 0.4604165 0.012500000000000067 0.01916699999999999
0 0.9768749999999999 0.6720835000000001 0.04500000000000004 0.029167000000000054
