0 0.10625 0.2190265 0.10500000000000001 0.11283100000000001
0 0.09343749999999999 0.48340700000000003 0.06437499999999999 0.16592999999999997
0 0.093125 0.6769915 0.05374999999999999 0.176991
0 0.16875 0.35287599999999997 0.095 0.11725599999999997
0 0.155 0.7411505 0.058750000000000024 0.08185900000000002
0 0.1721875 0.570243 0.06812499999999999 0.13606200000000002
0 0.184375 0.47123899999999996 0.06125 0.08185799999999993
0 0.190625 0.37002250000000003 0.06375 0.12057500000000004
0 0.2203125 0.7068585000000001 0.08687499999999998 0.11725700000000006
0 0.22125 0.613938 0.05875 0.09070800000000001
0 0.23062499999999997 0.512168 0.046249999999999986 0.09070799999999996
0 0.2728125 0.5807519999999999 0.08687499999999998 0.10177000000000003
0 0.2840625 0.49115050000000005 0.081875 0.10398299999999999
0 0.314375 0.48672550000000003 0.0675 0.09513299999999997
0 0.3475 0.500553 0.0625 0.10951399999999994
0 0.37593750000000004 0.42422550000000003 0.080625 0.12057500000000004
0 0.3853125 0.613938 0.08937499999999998 0.11283200000000004
0 0.37906249999999997 0.7295355 0.04812500000000003 0.054203
0 0.4134375 0.386062 0.07687500000000003 0.08406999999999998
0 0.4509375 0.5116149999999999 0.07187500000000002 0.127212
0 0.47375 0.43030999999999997 0.06624999999999998 0.11283199999999999
0 0.5140625 0.5105085 0.07312500000000005 0.12057499999999999
0 0.5475 0.577987 0.10125 0.125
0 0.57375 0.448009 0.10250000000000004 0.10398200000000002
0 0.5659375 0.3838495 0.08437499999999998 0.061946999999999974
0 0.5878125000000001 0.648783 0.08687499999999992 0.16039800000000004
0 0.5959375 0.5315265 0.078125 0.054203
0 0.6115625 0.3678095 0.05812499999999998 0.09402699999999997
0 0.6275 0.5984510000000001 0.08750000000000002 0.10177000000000003
0 0.6903125 0.39823 0.12062499999999998 0.10398199999999996
0 0.670625 0.545354 0.06000000000000005 0.09070800000000001
0 0.6934374999999999 0.523783 0.07562499999999994 0.11614999999999998
0 0.7121875 0.44911500000000004 0.09187500000000004 0.09734599999999999
0 0.7262500000000001 0.6410395 0.10249999999999992 0.14048700000000003
0 0.745 0.7251110000000001 0.1087499999999999 0.06747800000000004
0 0.7434375 0.5547565 0.07562500000000005 0.07190300000000005
0 0.7275 0.308628 0.04125000000000001 0.079646
0 0.8171875 0.6222345 0.11812499999999992 0.129425
0 0.8075 0.438053 0.09624999999999995 0.10619399999999996
0 0.8353125 0.6902655 0.12312499999999993 0.09734500000000001
0 0.855 0.5094025 0.13749999999999996 0.10951299999999997
0 0.855 0.59292 0.08374999999999999 0.09070800000000001
0 0.88 0.4181415 0.09499999999999997 0.09292100000000003
0 0.9190625 0.8147125 0.14437499999999992 0.16039900000000007
0 0.930625 0.350664 0.09375 0.09070799999999996
0 0.916875 0.49004400000000004 0.05125000000000002 0.11504399999999998
0 0.9475 0.658739 0.10375000000000001 0.140486
0 0.9575 0.506637 0.08374999999999999 0.08849599999999996
0 0.9646875 0.441372 0.06937499999999996 0.077434
0 0.9678125 0.5503315 0.06312499999999999 0.09623899999999996
