0 0.478125 0.7729165 0.13375000000000004 0.204167
0 0.1084375 0.60625 0.216875 0.14416600000000002
0 0.124375 0.83875 0.24875 0.32083400000000006
0 0.2715625 0.4216665 0.543125 0.24833300000000003
0 0.24312499999999998 0.905 0.24875 0.188334
0 0.334375 0.27625 0.08000000000000002 0.07083400000000004
0 0.3921875 0.598333 0.12687500000000002 0.19500000000000006
0 0.395 0.935 0.08500000000000002 0.12
0 0.5803125 0.30374999999999996 0.363125 0.290834
0 0.4921875 0.57875 0.101875 0.175834
0 0.6684375 0.22374999999999998 0.40562499999999996 0.3725
0 0.5543750000000001 0.889167 0.10249999999999992 0.20499999999999996
0 0.574375 0.5941665 0.0625 0.14833299999999994
0 0.6571875 0.8354165 0.10312500000000002 0.18916700000000009
0 0.6640625 0.5870835 0.09187499999999993 0.16916700000000007
0 0.7403124999999999 0.5741665 0.10187500000000005 0.13666699999999998
0 0.753125 0.7887500000000001 0.11249999999999993 0.17916600000000005
0 0.8631249999999999 0.2833335 0.22624999999999995 0.346667
0 0.8309375 0.58375 0.09687500000000004 0.17250000000000004
0 0.8390625 0.7508335 0.09812500000000002 0.151667
0 0.9128125 0.595 0.10312500000000002 0.17000000000000004
0 0.935 0.74875 0.11625000000000008 0.17583400000000005
