0 0.3990625 0.1154165 0.798125 0.230833
0 0.044375000000000005 0.6658335 0.08125 0.053332999999999964
0 0.104375 0.6079165 0.03874999999999999 0.14083299999999999
0 0.124375 0.3154165 0.07375000000000001 0.07916699999999999
0 0.1484375 0.2633335 0.098125 0.058332999999999996
0 0.1715625 0.265 0.09312500000000001 0.09666599999999997
0 0.1540625 0.589583 0.031875000000000014 0.13249999999999995
0 0.18843749999999998 0.53 0.09562499999999999 0.10666599999999998
0 0.1740625 0.41000000000000003 0.046875 0.11000000000000004
0 0.2078125 0.27375 0.061874999999999986 0.124166
0 0.19875 0.40708350000000004 0.03875000000000001 0.11583300000000002
0 0.23531249999999998 0.5129165 0.06062500000000001 0.12083299999999997
0 0.22749999999999998 0.4029165 0.04000000000000001 0.05916699999999997
0 0.2603125 0.30374999999999996 0.09562499999999999 0.11249999999999999
0 0.2896875 0.25333300000000003 0.08687500000000001 0.1
0 0.27 0.4529165 0.034999999999999976 0.08583300000000005
0 0.2759375 0.63125 0.028124999999999956 0.12250000000000005
0 0.32 0.2520835 0.08499999999999996 0.03916699999999998
0 0.316875 0.5091665000000001 0.07124999999999998 0.10166700000000006
0 0.303125 0.66125 0.028749999999999998 0.1408339999999999
0 0.318125 0.349167 0.04749999999999999 0.09999999999999998
0 0.3175 0.5249999999999999 0.03125 0.14166599999999996
0 0.349375 0.82875 0.03500000000000003 0.14416600000000002
0 0.35562499999999997 0.4345835 0.03750000000000003 0.13583299999999993
0 0.39875 0.304583 0.08250000000000002 0.09250000000000003
0 0.3940625 0.339167 0.06562499999999999 0.10999999999999999
0 0.396875 0.35291700000000004 0.044999999999999984 0.1275
0 0.4115625 0.894583 0.05687500000000001 0.14250000000000007
0 0.436875 0.26416649999999997 0.08374999999999999 0.06666699999999998
0 0.4465625 0.4270835 0.03562499999999996 0.14416700000000005
0 0.47250000000000003 0.8162499999999999 0.08250000000000002 0.12750000000000006
0 0.4634375 0.4391665 0.06187500000000001 0.11333300000000002
0 0.5296875 0.40125 0.06312500000000004 0.11083399999999999
0 0.5375 0.45375 0.07875000000000004 0.1225
0 0.55 0.315 0.08500000000000008 0.09333400000000003
0 0.5440625 0.2720835 0.07062499999999994 0.08916699999999997
0 0.546875 0.552917 0.07624999999999993 0.12749999999999995
0 0.57375 0.399583 0.06125000000000003 0.1175
0 0.5890625 0.2295835 0.06062500000000004 0.035833000000000004
0 0.6059375 0.34791700000000003 0.06062499999999993 0.08249999999999996
0 0.614375 0.3279165 0.028750000000000053 0.13583299999999998
0 0.65875 0.24375 0.11750000000000005 0.03916599999999998
0 0.63125 0.4654165 0.04125000000000001 0.12583300000000003
0 0.6553125 0.557917 0.08937499999999998 0.10749999999999993
0 0.655 0.32708349999999997 0.04249999999999998 0.17916700000000002
0 0.6525 0.435833 0.03249999999999997 0.11000000000000004
0 0.65375 0.905833 0.03500000000000003 0.16500000000000004
0 0.6953125 0.569583 0.05062499999999992 0.12750000000000006
0 0.7075 0.380417 0.053749999999999964 0.1175
0 0.7025 0.47625 0.04125000000000001 0.14249999999999996
0 0.7493749999999999 0.3433335 0.12 0.088333
0 0.7571875 0.282917 0.11187499999999995 0.03250000000000003
0 0.7378125 0.8429165000000001 0.04312499999999997 0.13916699999999993
0 0.80625 0.6933335 0.07374999999999998 0.10833300000000001
0 0.8521875 0.2675 0.11062499999999997 0.095
0 0.900625 0.14625000000000002 0.1975 0.23750000000000002
0 0.8340624999999999 0.34875 0.05937500000000007 0.09416599999999997
0 0.845 0.767917 0.07874999999999999 0.13750000000000007
0 0.84125 0.5549999999999999 0.04749999999999999 0.09833400000000003
0 0.86375 0.921667 0.07000000000000006 0.15500000000000003
0 0.8603125 0.2391665 0.05812499999999998 0.11333300000000002
0 0.858125 0.0120835 0.040000000000000036 0.024167
0 0.8690625 0.385 0.05687500000000001 0.14333400000000002
0 0.861875 0.4408335 0.029999999999999916 0.11666700000000002
0 0.8728125 0.6525 0.03312500000000007 0.14833399999999997
0 0.8946875000000001 0.409167 0.051875000000000004 0.10499999999999998
0 0.91875 0.3995835 0.04500000000000004 0.13083300000000003
0 0.9625 0.537083 0.07125000000000004 0.11749999999999994
0 0.9503124999999999 0.31666700000000003 0.041874999999999996 0.10000000000000003
0 0.9740625 0.4358335 0.05062500000000003 0.058333000000000024
0 0.9859375 0.55625 0.026874999999999982 0.05916600000000005
0 0.9915625 0.6845835 0.015625 0.029166999999999943
