0 0.0584375 0.7266665 0.050625 0.06833299999999998
0 0.1021875 0.7341664999999999 0.06312500000000001 0.11166700000000007
0 0.110625 0.6208335 0.07250000000000001 0.053332999999999964
0 0.18625 0.729167 0.07124999999999998 0.10499999999999998
0 0.2171875 0.7616665 0.08437500000000003 0.156667
0 0.2215625 0.5845830000000001 0.023125000000000007 0.057499999999999996
0 0.268125 0.6079165 0.07999999999999999 0.09583299999999995
0 0.2825 0.7783329999999999 0.09000000000000002 0.1449999999999999
0 0.32125 0.60375 0.04125000000000001 0.07750000000000001
0 0.36312500000000003 0.6166670000000001 0.04999999999999999 0.10999999999999999
0 0.3884375 0.72375 0.07187500000000002 0.13250000000000006
0 0.4215625 0.567917 0.05812499999999998 0.08250000000000002
0 0.454375 0.6029165000000001 0.09000000000000002 0.12416700000000003
0 0.4896875 0.8500000000000001 0.11312500000000003 0.21166600000000002
0 0.49750000000000005 0.6312500000000001 0.10500000000000004 0.119166
0 0.52875 0.6733335 0.11500000000000005 0.14833300000000005
0 0.5865625000000001 0.890417 0.104375 0.21750000000000003
0 0.5634375 0.605 0.026874999999999982 0.046665999999999985
0 0.6415625 0.6716664999999999 0.12937500000000002 0.20666700000000005
0 0.704375 0.8970834999999999 0.10999999999999999 0.16916699999999996
0 0.7378125 0.6904170000000001 0.11812500000000004 0.1825
