0 0.3271875 0.6764705 0.654375 0.607843
0 0.305 0.38048550000000003 0.15375000000000003 0.12605099999999997
0 0.476875 0.2819795 0.16249999999999998 0.154995
0 0.5690625 0.2563025 0.17562499999999998 0.09990699999999997
0 0.681875 0.23716150000000003 0.1625000000000001 0.08776900000000001
0 0.7721875 0.3076565 0.181875 0.107377
0 0.9043749999999999 0.2217555 0.19000000000000006 0.144725
0 0.8687499999999999 0.7913165 0.09999999999999998 0.04761899999999997
0 0.9299999999999999 0.130719 0.13875000000000004 0.125116
0 0.938125 0.7521005000000001 0.05499999999999994 0.04201700000000008
