0 0.0209375 0.6375 0.041875 0.14
0 0.1015625 0.5766665 0.05687500000000001 0.151667
0 0.1321875 0.72 0.108125 0.26666599999999996
0 0.193125 0.38625 0.10624999999999998 0.125834
0 0.25375 0.735417 0.2175 0.1775
0 0.230625 0.65125 0.15999999999999998 0.20916599999999996
0 0.2640625 0.49875 0.21687499999999998 0.1275
0 0.390625 0.5566665 0.16000000000000003 0.10166700000000006
0 0.410625 0.7458335 0.10000000000000003 0.21166699999999994
0 0.44499999999999995 0.5687500000000001 0.16499999999999998 0.22250000000000003
0 0.4321875 0.353333 0.13687499999999997 0.14
0 0.45999999999999996 0.251667 0.07624999999999998 0.08500000000000002
0 0.468125 0.28874999999999995 0.05625000000000002 0.055833999999999995
0 0.546875 0.6391665 0.20875 0.11833300000000002
0 0.5237499999999999 0.34291649999999996 0.11875000000000002 0.149167
0 0.5515625 0.56 0.055624999999999925 0.15000000000000002
0 0.6646875 0.4358335 0.24812499999999993 0.06666699999999998
0 0.656875 0.6475 0.19124999999999992 0.15000000000000002
0 0.811875 0.826667 0.26875000000000004 0.10499999999999998
0 0.7459374999999999 0.3379165 0.04937500000000006 0.13583299999999998
0 0.8453125 0.665 0.05437500000000006 0.05999999999999994
0 0.9028125 0.37458349999999996 0.055625000000000036 0.07583299999999998
