0 0.5333025 0.9253125 0.772045 0.12812500000000004
0 0.108349 0.3703125 0.216698 0.24062499999999998
0 0.22045 0.476875 0.412758 0.15374999999999994
0 0.2026265 0.6259375 0.202627 0.23562499999999997
0 0.4835835 0.5871875 0.37992499999999996 0.11812500000000004
0 0.489681 0.5025 0.37710999999999995 0.08875
0 0.47842399999999996 0.35250000000000004 0.13320799999999994 0.05124999999999996
0 0.572233 0.1840625 0.23827400000000004 0.17562499999999998
0 0.556754 0.4309375 0.19230800000000003 0.05437500000000001
0 0.5286115 0.308125 0.12101300000000004 0.065
0 0.6257035 0.2834375 0.18761700000000003 0.05312499999999998
0 0.6247655 0.385 0.16885499999999998 0.06125000000000003
0 0.7565665 0.48750000000000004 0.14165099999999997 0.05499999999999999
0 0.7992495 0.3334375 0.13320900000000002 0.06812499999999999
0 0.8334895 0.44562500000000005 0.18667900000000004 0.07
0 0.7973735 0.0275 0.10506500000000007 0.055
0 0.8503755 0.9203125000000001 0.15853700000000004 0.15812499999999996
0 0.806754 0.1509375 0.061914000000000025 0.04062500000000002
0 0.8428705 0.4028125 0.12288900000000003 0.05687500000000001
0 0.9399625 0.1003125 0.11819900000000005 0.08687499999999998
0 0.9310510000000001 0.47968749999999993 0.08536599999999994 0.04562499999999997
