0 0.4390625 0.6074999999999999 0.453125 0.37
0 0.034375 0.3945835 0.02875 0.024166999999999994
0 0.08812500000000001 0.473333 0.011249999999999996 0.010000000000000009
0 0.10875 0.541667 0.024999999999999994 0.040000000000000036
0 0.1121875 0.4479165 0.020625000000000004 0.02083299999999999
0 0.1428125 0.35375 0.015625 0.022499999999999964
0 0.17125 0.2966665 0.03624999999999998 0.046667000000000014
0 0.19156250000000002 0.304583 0.016875 0.01749999999999996
0 0.39468749999999997 0.2025 0.06437500000000002 0.04333400000000001
0 0.44375 0.1545835 0.07500000000000001 0.075833
0 0.43562500000000004 0.263333 0.00874999999999998 0.010000000000000009
0 0.5621875000000001 0.182083 0.024374999999999925 0.027499999999999997
0 0.589375 0.1379165 0.04499999999999993 0.034167
0 0.5978125 0.0816665 0.05687500000000001 0.033333
0 0.7384375000000001 0.16875 0.013124999999999942 0.014165999999999984
0 0.7765625 0.10166649999999999 0.073125 0.051667000000000005
