0 0.02375 0.32875 0.0475 0.17416600000000002
0 0.045625 0.500417 0.09125 0.12749999999999995
0 0.223125 0.4666665 0.27375 0.20833300000000005
0 0.2934375 0.1475 0.300625 0.21333399999999997
0 0.47375 0.46416650000000004 0.27875000000000005 0.351667
0 0.5325 0.1716665 0.30875 0.30333299999999996
0 0.8421875 0.8783335 0.17437499999999995 0.13333299999999992
0 0.845 0.1179165 0.18000000000000005 0.235833
0 0.8687499999999999 0.638333 0.12124999999999997 0.15500000000000003
0 0.905 0.7887500000000001 0.18874999999999997 0.16416599999999992
