0 0.3999025 0.488981 0.37792900000000007 0.37465600000000004
0 0.1274415 0.5502755 0.112305 0.059228999999999976
0 0.265625 0.836777 0.02343799999999996 0.028926000000000007
0 0.5268554999999999 0.6494489999999999 0.020506999999999942 0.037189999999999945
0 0.64209 0.820248 0.03417999999999999 0.08402200000000004
0 0.7573245 0.1942145 0.12011699999999992 0.04958700000000002
0 0.7807615 0.7403584999999999 0.040038999999999936 0.11983500000000002
0 0.875 0.0316805 0.02343800000000007 0.063361
0 0.885254 0.8939395 0.026367999999999947 0.08264500000000008
0 0.8935550000000001 0.422176 0.017577999999999983 0.05096400000000001
0 0.978027 0.154959 0.04199200000000003 0.130854
