0 0.109009 0.8 0.218018 0.15750000000000008
0 0.184234 0.8634375 0.368468 0.21187500000000004
0 0.18603599999999998 0.886875 0.35946 0.18625000000000003
0 0.149099 0.6809375 0.265766 0.13687499999999997
0 0.2283785 0.628125 0.345045 0.09249999999999992
0 0.2554055 0.604375 0.37927900000000003 0.09250000000000003
0 0.17026999999999998 0.7718750000000001 0.18017999999999998 0.12124999999999997
0 0.20990999999999999 0.6759375 0.214414 0.11937500000000001
0 0.205856 0.5328125 0.11801800000000001 0.10437499999999994
0 0.335135 0.8821875 0.34234200000000004 0.20187500000000003
0 0.290991 0.6665625 0.24324400000000002 0.12812499999999993
0 0.315766 0.7528125 0.204504 0.09062499999999996
0 0.36982000000000004 0.5290625 0.258558 0.10437500000000005
0 0.3355855 0.6924999999999999 0.16486499999999998 0.09875
0 0.306757 0.4775 0.09819800000000001 0.06874999999999998
0 0.41081100000000004 0.880625 0.29549600000000004 0.20500000000000007
0 0.3306305 0.4396875 0.10090100000000002 0.05687500000000001
0 0.3292795 0.4096875 0.08918899999999996 0.03437499999999999
0 0.5396395 0.2665625 0.46126100000000003 0.160625
0 0.35991 0.323125 0.05675600000000003 0.03749999999999998
0 0.3684685 0.380625 0.068469 0.036250000000000004
0 0.42747749999999995 0.4090625 0.123423 0.02937500000000004
0 0.47927949999999997 0.39093750000000005 0.22702700000000003 0.044375
0 0.52973 0.87125 0.32792800000000005 0.22750000000000004
0 0.5594595 0.421875 0.376577 0.08875
0 0.4815315 0.429375 0.21171099999999998 0.03249999999999997
0 0.47927949999999997 0.450625 0.192793 0.02749999999999997
0 0.5423425 0.443125 0.28288299999999994 0.03249999999999997
0 0.47432450000000004 0.466875 0.13243300000000002 0.04249999999999998
0 0.541892 0.186875 0.25855799999999995 0.08875000000000002
0 0.585135 0.23375 0.3306299999999999 0.09875
0 0.5418915 0.31437499999999996 0.14504500000000004 0.02250000000000002
0 0.635586 0.864375 0.263964 0.26125
0 0.636937 0.46625 0.20180200000000004 0.03749999999999998
0 0.5972975 0.2371875 0.11351299999999998 0.044375000000000026
0 0.6617120000000001 0.48593749999999997 0.15765799999999996 0.05312499999999998
0 0.6725224999999999 0.5984375 0.14504499999999998 0.08937499999999998
0 0.725225 0.623125 0.16756799999999994 0.09375
0 0.700901 0.8896875 0.10270200000000007 0.193125
0 0.7932435 0.5640624999999999 0.23873900000000003 0.12312500000000004
0 0.749099 0.6540625 0.13603599999999993 0.06687500000000002
0 0.840991 0.725625 0.211712 0.15249999999999997
0 0.818919 0.8559375 0.147748 0.23812500000000003
0 0.8855854999999999 0.855 0.22702699999999998 0.24624999999999997
0 0.87973 0.7153125 0.17026999999999992 0.17562500000000003
0 0.896847 0.8225 0.2045039999999999 0.13624999999999998
0 0.9040539999999999 0.7 0.17027000000000003 0.21000000000000008
