0 0.2617185 0.7125 0.02656300000000003 0.07499999999999996
0 0.2890625 0.1625 0.024998999999999993 0.04999999999999999
0 0.3429685 0.7885420000000001 0.07343699999999997 0.06874999999999998
0 0.3445315 0.85 0.07343699999999997 0.07083400000000006
0 0.36328150000000003 0.239583 0.04843700000000001 0.0625
0 0.3859375 0.7239585 0.05312499999999998 0.0770829999999999
0 0.4210935 0.6416665 0.03281299999999998 0.05833299999999997
0 0.49140649999999997 0.2541665 0.039063000000000014 0.05416699999999999
0 0.526563 0.4135415 0.03125 0.05208299999999999
0 0.596875 0.7385415 0.025000000000000022 0.06458299999999995
0 0.7578125 0.9270835 0.046875 0.07083300000000003
0 0.8093745 0.4354165 0.046875 0.05416700000000002
0 0.9492185 0.8020835 0.04843699999999995 0.07083300000000003
