0 0.07 0.4445835 0.027500000000000004 0.035833000000000004
0 0.4115625 0.5475 0.12937500000000002 0.063334
0 0.4078125 0.489167 0.085625 0.040000000000000036
0 0.41218750000000004 0.6354165 0.050624999999999976 0.07083300000000003
0 0.458125 0.5125 0.13999999999999996 0.04833399999999999
0 0.453125 0.5916665 0.12125000000000002 0.05833299999999997
0 0.4375 0.467917 0.04874999999999996 0.027500000000000024
0 0.5453125 0.5683335 0.04562500000000003 0.09166700000000005
0 0.575625 0.36875 0.05124999999999991 0.02250000000000002
0 0.593125 0.47291700000000003 0.06624999999999992 0.03750000000000003
0 0.6143749999999999 0.3570835 0.036250000000000004 0.030833
0 0.6765625 0.395833 0.06687500000000002 0.04999999999999999
0 0.8909374999999999 0.56125 0.20937499999999998 0.12250000000000005
0 0.8596874999999999 0.447083 0.05937500000000007 0.03749999999999998
0 0.900625 0.3875 0.08624999999999994 0.033333999999999975
0 0.94125 0.53125 0.11624999999999996 0.0625
0 0.9768749999999999 0.4145835 0.04500000000000004 0.024166999999999994
