0 0.048125 0.5404895 0.09625 0.10734499999999997
0 0.049375 0.3794725 0.09875 0.150659
0 0.3196875 0.187853 0.639375 0.375706
0 0.164375 0.4044255 0.095 0.08192100000000002
0 0.2815625 0.712806 0.024375000000000036 0.052730000000000055
0 0.3153125 0.774482 0.030625000000000013 0.04802200000000001
0 0.3578125 0.145009 0.03562499999999996 0.06402999999999999
0 0.3925 0.214689 0.09999999999999998 0.079096
0 0.48843749999999997 0.942561 0.106875 0.08286199999999999
0 0.6540625 0.717985 0.06312499999999999 0.042372000000000076
0 0.68375 0.918079 0.10375000000000001 0.06779599999999997
0 0.6903125 0.04943499999999999 0.024375000000000036 0.038605999999999994
0 0.73375 0.0112995 0.04249999999999998 0.022599
0 0.7346874999999999 0.6327685000000001 0.020625000000000004 0.050846999999999976
0 0.969375 0.8493405 0.04249999999999998 0.04708100000000004
0 0.98 0.698682 0.03875000000000006 0.05837999999999999
0 0.9875 0.1228815 0.02375000000000005 0.031073000000000017
