0 0.0209375 0.115 0.041875 0.04666600000000001
0 0.0390625 0.6558335 0.078125 0.098333
0 0.0434375 0.0779165 0.086875 0.114167
0 0.04625 0.735833 0.0925 0.15500000000000003
0 0.0596875 0.8908335000000001 0.119375 0.1416670000000001
0 0.07999999999999999 0.507083 0.15625 0.1825
0 0.056875 0.0175 0.08125 0.035
0 0.1265625 0.9158335 0.218125 0.166667
0 0.42812500000000003 0.67875 0.7025 0.640834
0 0.160625 0.155417 0.10875 0.1075
0 0.1909375 0.29 0.138125 0.155
0 0.18 0.225 0.10625000000000001 0.11166599999999999
0 0.2671875 0.1820835 0.16687500000000002 0.219167
0 0.3553125 0.3425 0.104375 0.14999999999999997
0 0.36250000000000004 0.19333299999999998 0.08000000000000002 0.09
0 0.411875 0.1225 0.16375 0.09333400000000001
0 0.46249999999999997 0.870833 0.23624999999999996 0.10499999999999998
0 0.525625 0.362917 0.23125 0.1975
0 0.51125 0.19583299999999998 0.15625 0.095
0 0.56125 0.703333 0.18625000000000003 0.09999999999999998
0 0.5371875 0.35208300000000003 0.133125 0.2375
0 0.5778125 0.0816665 0.05687500000000001 0.051667
0 0.634375 0.3308335 0.15375000000000005 0.096667
0 0.5818749999999999 0.052917 0.04625000000000001 0.06749999999999999
0 0.6865625 0.48041649999999997 0.10562499999999997 0.12583299999999997
0 0.7096875 0.41625 0.09812500000000002 0.11249999999999999
0 0.758125 0.6775 0.14625 0.196666
0 0.8021875 0.51875 0.20562500000000006 0.07250000000000006
0 0.8103125 0.5516665 0.21687499999999993 0.15166699999999994
0 0.8790625 0.474167 0.17062500000000003 0.11999999999999994
0 0.9128125 0.42500000000000004 0.17312499999999997 0.10166599999999998
0 0.89625 0.17208299999999999 0.08374999999999999 0.1875
0 0.943125 0.547917 0.11250000000000004 0.08250000000000002
0 0.968125 0.33 0.0625 0.10499999999999998
