0 0.4028125 0.064501 0.09562500000000002 0.042372
0 0.540625 0.21939750000000002 0.06125000000000003 0.050847
0 0.6343749999999999 0.2537665 0.11124999999999996 0.08757099999999998
0 0.6699999999999999 0.351695 0.11750000000000005 0.132768
0 0.7184375000000001 0.2740115 0.08687499999999992 0.06779700000000002
0 0.7109375 0.3083805 0.06437500000000007 0.042372999999999994
0 0.751875 0.163371 0.06374999999999997 0.038606
0 0.7715624999999999 0.2791905 0.083125 0.08568699999999999
0 0.8159375 0.3879475 0.07187500000000002 0.145009
0 0.8346875 0.0706215 0.078125 0.080979
0 0.8981250000000001 0.5061205 0.1050000000000001 0.10640299999999997
0 0.9653125 0.611111 0.06562500000000004 0.08851200000000004
