0 0.250625 0.2987805 0.07374999999999998 0.08161300000000005
0 0.2528125 0.4915575 0.5006250000000001 0.354597
0 0.051562500000000004 0.3771105 0.034375 0.028142999999999974
0 0.07500000000000001 0.444184 0.052500000000000005 0.029079999999999995
0 0.0996875 0.337711 0.020625000000000004 0.03001799999999999
0 0.1584375 0.4080675 0.020625000000000004 0.016884999999999983
0 0.1759375 0.47607900000000003 0.03937499999999999 0.023451999999999973
0 0.1865625 0.22232649999999998 0.02562500000000001 0.046905
0 0.1978125 0.4118195 0.014374999999999999 0.009380999999999973
0 0.22218749999999998 0.4310505 0.021875000000000006 0.032833
0 0.3040625 0.1261725 0.03437499999999999 0.05347099999999999
0 0.32843750000000005 0.164634 0.03437499999999999 0.06847999999999999
0 0.3465625 0.10788 0.02937500000000004 0.04502800000000001
0 0.38187499999999996 0.2467165 0.048750000000000016 0.075047
0 0.441875 0.1341465 0.09000000000000002 0.080675
0 0.460625 0.1777675 0.057499999999999996 0.04971900000000001
0 0.4496875 0.097092 0.030625000000000013 0.03470999999999999
0 0.54 0.477017 0.09875 0.09099400000000002
