0 0.43656249999999996 0.8226715 0.09812499999999996 0.12699900000000008
0 0.085625 0.216839 0.04875 0.03292600000000001
0 0.1771875 0.9111005000000001 0.075625 0.175917
0 0.2803125 0.4266225 0.08937500000000001 0.10630299999999998
0 0.263125 0.033396 0.01375000000000004 0.010348
0 0.2878125 0.019285 0.023125000000000007 0.031044
0 0.34343749999999995 0.095955 0.023125000000000007 0.01505200000000001
0 0.3984375 0.5042329999999999 0.11812500000000004 0.16368799999999994
0 0.3578125 0.1133585 0.021875000000000033 0.023519000000000012
0 0.375625 0.2031985 0.006249999999999978 0.02445900000000001
0 0.4028125 0.033396 0.041874999999999996 0.047978
0 0.4028125 0.1213545 0.026874999999999982 0.018814999999999985
0 0.4328125 0.23000949999999998 0.02562500000000001 0.036689
0 0.4528125 0.1895575 0.01937500000000003 0.02163699999999999
0 0.4621875 0.095014 0.03562499999999996 0.020695999999999992
0 0.4596875 0.288335 0.02062499999999995 0.025399999999999978
0 0.4565625 0.178269 0.011875000000000024 0.021636000000000016
0 0.48031250000000003 0.1970835 0.013124999999999998 0.04797699999999999
0 0.4846875 0.328316 0.016874999999999973 0.016934000000000005
0 0.48968749999999994 0.25634999999999997 0.02437499999999998 0.023517999999999983
0 0.5065625 0.19238 0.021874999999999978 0.027282
0 0.62125 0.960019 0.04125000000000001 0.03104399999999996
0 0.67875 0.394638 0.036250000000000004 0.03856999999999999
0 0.7159375 0.4134525 0.018124999999999947 0.017873000000000028
