0 0.8290625 0.5704165 0.10687499999999994 0.13916700000000004
0 0.0571875 0.9033335 0.114375 0.19166700000000003
0 0.250625 0.8420835 0.11499999999999999 0.165833
0 0.22125 0.7129165 0.035 0.04083300000000001
0 0.2496875 0.5570835 0.05812500000000001 0.04583300000000001
0 0.33999999999999997 0.8495835 0.17124999999999996 0.1808329999999999
0 0.280625 0.45625 0.03249999999999997 0.03416600000000003
0 0.32125 0.6679170000000001 0.015000000000000013 0.03749999999999998
0 0.339375 0.318333 0.028749999999999998 0.065
0 0.365625 0.712083 0.07875000000000004 0.11250000000000004
0 0.36906249999999996 0.5220834999999999 0.033125000000000016 0.02416699999999994
0 0.3890625 0.45375 0.029374999999999984 0.03249999999999997
0 0.4553125 0.3691665 0.020625000000000004 0.046667000000000014
0 0.4603125 0.65625 0.02437499999999998 0.03750000000000009
0 0.49749999999999994 0.5304165000000001 0.02999999999999997 0.030833
0 0.555 0.60875 0.04125000000000001 0.04583399999999993
0 0.5621875000000001 0.38916649999999997 0.055624999999999925 0.048333000000000015
0 0.5490625 0.413333 0.02187500000000009 0.03500000000000003
0 0.55875 0.7195830000000001 0.04125000000000001 0.02749999999999997
0 0.57125 0.5449999999999999 0.03749999999999998 0.036665999999999976
0 0.5865625 0.4820835 0.06062499999999993 0.099167
0 0.575625 0.6950000000000001 0.03375000000000006 0.039999999999999925
0 0.589375 0.8291665 0.040000000000000036 0.05666700000000002
0 0.6415625 0.45208349999999997 0.041874999999999996 0.03916700000000001
0 0.6484375 0.7833335 0.016874999999999973 0.03833299999999995
0 0.6828125 0.7066665 0.06937500000000008 0.098333
0 0.6725000000000001 0.9862500000000001 0.04625000000000001 0.025834000000000024
0 0.6828125 0.5854165 0.051875000000000004 0.04416700000000007
0 0.6921875 0.49 0.05437499999999995 0.03666600000000003
0 0.6865625 0.8025 0.02312499999999995 0.068334
0 0.6971875000000001 0.787083 0.02312499999999995 0.03749999999999998
0 0.711875 0.515 0.03249999999999997 0.038333999999999924
0 0.7115625 0.5370835 0.015625 0.02083299999999999
0 0.7353125 0.5845834999999999 0.02937500000000004 0.029167000000000054
0 0.7934375 0.7816665 0.04562500000000003 0.05833300000000008
0 0.9081250000000001 0.4745835 0.04500000000000004 0.035833000000000004
0 0.9437500000000001 0.4983335 0.04625000000000001 0.05666700000000002
