0 0.15 0.1289855 0.2375 0.124637
0 0.2109375 0.321256 0.22312500000000002 0.140096
0 0.241875 0.2222225 0.20750000000000002 0.17198100000000002
0 0.2959375 0.41739099999999996 0.173125 0.10627999999999999
0 0.33906250000000004 0.1758455 0.05937500000000001 0.02705300000000002
0 0.358125 0.2637685 0.06624999999999998 0.05797100000000002
0 0.434375 0.2927535 0.20375 0.15458899999999998
0 0.383125 0.219324 0.05249999999999999 0.06376799999999999
0 0.4203125 0.1671495 0.08812500000000001 0.08115900000000001
0 0.5203125 0.40966199999999997 0.24437499999999995 0.17004800000000003
0 0.4465625 0.24685999999999997 0.06937500000000002 0.04347799999999999
