0 0.024375 0.5137499999999999 0.041249999999999995 0.025834000000000024
0 0.026875 0.3683335 0.043750000000000004 0.04166700000000001
0 0.035 0.3375 0.0375 0.019999999999999962
0 0.0571875 0.42874999999999996 0.045625 0.04083399999999998
0 0.0803125 0.7283335 0.080625 0.046667000000000014
0 0.0721875 0.635417 0.05437500000000001 0.02750000000000008
0 0.10218750000000001 0.5662499999999999 0.065625 0.06916599999999995
0 0.1159375 0.4795835 0.044375 0.025832999999999995
0 0.12875 0.670833 0.04375000000000001 0.040000000000000036
0 0.1378125 0.634583 0.05687500000000001 0.03249999999999997
0 0.135 0.5095835 0.03875000000000001 0.030833
0 0.1275 0.407083 0.02124999999999999 0.03250000000000003
0 0.1384375 0.45625 0.024375000000000008 0.02416600000000002
0 0.1559375 0.40875 0.020625000000000004 0.029166000000000025
0 0.1696875 0.7749999999999999 0.024375000000000008 0.03833399999999998
0 0.18125000000000002 0.444167 0.04000000000000001 0.019999999999999962
0 0.183125 0.4154165 0.03375 0.025832999999999995
0 0.191875 0.365 0.03375 0.03500000000000003
0 0.221875 0.53375 0.07249999999999998 0.03416600000000003
0 0.219375 0.5716669999999999 0.033749999999999974 0.03500000000000003
0 0.2371875 0.499583 0.028124999999999983 0.027500000000000024
0 0.24687499999999998 0.4045835 0.044999999999999984 0.030833
0 0.265 0.5475 0.030000000000000027 0.03499999999999992
0 0.27 0.60375 0.03750000000000003 0.03249999999999997
0 0.2775 0.36875 0.036250000000000004 0.027500000000000024
0 0.3078125 0.4975 0.01937500000000003 0.01666599999999996
0 0.31999999999999995 0.41875 0.028749999999999998 0.02416600000000002
0 0.32281249999999995 0.8079164999999999 0.018125000000000002 0.02416699999999994
0 0.3365625 0.5129170000000001 0.018125000000000002 0.02749999999999997
0 0.3359375 0.48291649999999997 0.011874999999999969 0.01583300000000004
0 0.35750000000000004 0.9879169999999999 0.03875000000000001 0.022500000000000075
0 0.3509375 0.7070835 0.018125000000000002 0.025832999999999995
0 0.3503125 0.49250000000000005 0.00687500000000002 0.013334000000000013
0 0.3546875 0.5420834999999999 0.015625 0.02083299999999999
0 0.3571875 0.4129165 0.020625000000000004 0.024166999999999994
0 0.358125 0.498333 0.011250000000000038 0.014999999999999958
0 0.36125 0.580417 0.015000000000000013 0.01749999999999996
0 0.3703125 0.504583 0.015625 0.017500000000000016
0 0.3734375 0.53125 0.019374999999999976 0.015833999999999904
0 0.3746875 0.414167 0.014375000000000027 0.015000000000000013
0 0.380625 0.4920835 0.015000000000000013 0.02416700000000005
0 0.379375 0.5433334999999999 0.007500000000000007 0.011666999999999983
0 0.3834375 0.5870835 0.015625 0.01416700000000004
0 0.38656250000000003 0.7016665 0.01687500000000003 0.018333000000000044
0 0.38656250000000003 0.5508335 0.014374999999999971 0.01333300000000004
0 0.3884375 0.617083 0.015625 0.022500000000000075
0 0.41031249999999997 0.9650000000000001 0.05687499999999995 0.05999999999999994
0 0.3884375 0.57875 0.010624999999999996 0.02083400000000002
0 0.39749999999999996 0.5795835 0.012500000000000011 0.019167000000000045
0 0.4 0.52625 0.012500000000000011 0.019166000000000016
0 0.4040625 0.49583299999999997 0.018125000000000002 0.019999999999999962
0 0.40718750000000004 0.625 0.01687500000000003 0.01666600000000007
0 0.41593749999999996 0.57625 0.01687500000000003 0.019166000000000016
0 0.41875 0.6079165 0.016249999999999987 0.02416700000000005
0 0.42281250000000004 0.73375 0.021875000000000033 0.02750000000000008
0 0.4246875 0.6920835000000001 0.013124999999999998 0.02416699999999994
0 0.4340625 0.6195835000000001 0.01687500000000003 0.02083299999999999
0 0.4409375 0.582083 0.019374999999999976 0.01750000000000007
0 0.4421875 0.829167 0.014375000000000027 0.040000000000000036
0 0.4509375 0.4191665 0.026874999999999982 0.033333
0 0.474375 0.5820835 0.030000000000000027 0.04083300000000001
0 0.4684375 0.632917 0.015625 0.022500000000000075
0 0.4828125 0.5320834999999999 0.018125000000000002 0.030833
0 0.4815625 0.5020830000000001 0.013124999999999998 0.03250000000000003
0 0.48843749999999997 0.787083 0.01687500000000003 0.02749999999999997
0 0.4940625 0.4304165 0.020625000000000004 0.014166999999999985
0 0.5090625 0.45458350000000003 0.01937500000000003 0.034167
0 0.53 0.544167 0.03500000000000003 0.020000000000000018
0 0.5453125000000001 0.7920834999999999 0.03187499999999999 0.044166999999999956
0 0.5478125 0.4379165 0.01937500000000003 0.025832999999999995
0 0.5859375 0.67125 0.028124999999999956 0.02750000000000008
0 0.6009375 0.5587500000000001 0.05062499999999992 0.025834000000000024
0 0.6003125 0.3666665 0.020625000000000004 0.016666999999999987
0 0.6165625 0.4141665 0.026874999999999982 0.033333
0 0.6325 0.49750000000000005 0.04125000000000001 0.041666000000000036
0 0.688125 0.5254165 0.03125 0.030833
0 0.69125 0.47375 0.03249999999999997 0.02083400000000002
0 0.7171875000000001 0.6079165 0.08187500000000003 0.044166999999999956
0 0.6925 0.6212500000000001 0.030000000000000027 0.02749999999999997
0 0.71 0.4495835 0.028749999999999942 0.024166999999999994
0 0.796875 0.38125 0.03875000000000006 0.025833999999999968
0 0.80125 0.66625 0.04749999999999999 0.030834000000000028
0 0.8090625 0.58125 0.05312499999999998 0.03916599999999992
0 0.82875 0.648333 0.03374999999999995 0.04999999999999993
0 0.864375 0.612917 0.050000000000000044 0.0625
0 0.9165625 0.4941665 0.013124999999999942 0.031667
0 0.9303125000000001 0.8370835 0.021874999999999978 0.03416700000000006
0 0.9437500000000001 0.546667 0.026249999999999996 0.030000000000000027
0 0.9871875 0.8816664999999999 0.024375000000000036 0.04166700000000001
