0 0.0833335 0.50875 0.166667 0.13874999999999998
0 0.1725 0.361875 0.316666 0.23750000000000002
0 0.11624999999999999 0.42156249999999995 0.09083400000000001 0.09062500000000001
0 0.19083350000000002 0.5046875 0.158333 0.33187500000000003
0 0.44125 0.448125 0.475834 0.4575
0 0.50375 0.33281249999999996 0.23750000000000004 0.346875
0 0.6675 0.30874999999999997 0.19999999999999996 0.19
0 0.7825 0.8975 0.07999999999999996 0.20125000000000004
0 0.8879170000000001 0.6009375 0.22250000000000003 0.30187499999999995
0 0.891667 0.875 0.21500000000000008 0.24875000000000003
