0 0.15375 0.7 0.04249999999999998 0.058334
0 0.1790625 0.7545835000000001 0.05937499999999998 0.06416699999999997
0 0.170625 0.367917 0.03749999999999998 0.04749999999999999
0 0.17875000000000002 0.5725 0.05124999999999999 0.04166599999999998
0 0.178125 0.46125 0.044999999999999984 0.03249999999999997
0 0.1828125 0.0895835 0.028124999999999983 0.035833000000000004
0 0.19187500000000002 0.2354165 0.04124999999999998 0.010832999999999982
0 0.195 0.81125 0.04000000000000001 0.06416599999999995
0 0.2259375 0.7191665 0.03687500000000002 0.06166700000000003
0 0.2215625 0.07208300000000001 0.018125000000000002 0.027500000000000004
0 0.22 0.6204164999999999 0.0050000000000000044 0.07583299999999993
0 0.2509375 0.765 0.05687499999999998 0.043333999999999984
0 0.23625000000000002 0.38375000000000004 0.024999999999999994 0.030833999999999973
0 0.2640625 0.7933330000000001 0.04687499999999997 0.06500000000000006
0 0.2603125 0.4666665 0.028124999999999983 0.05333300000000002
0 0.2684375 0.5774999999999999 0.02937500000000004 0.056665999999999994
0 0.299375 0.4754165 0.03749999999999998 0.090833
0 0.313125 0.62375 0.05125000000000002 0.030834000000000028
0 0.3190625 0.41125 0.060624999999999984 0.02416600000000002
0 0.31656249999999997 0.3808335 0.05312500000000003 0.046667000000000014
0 0.3371875 0.7708335 0.02437499999999998 0.06166700000000003
0 0.3371875 0.9016664999999999 0.02437499999999998 0.06166700000000003
0 0.3371875 0.5675 0.021875000000000033 0.061666
0 0.354375 0.7070835 0.036250000000000004 0.06583300000000003
0 0.356875 0.837917 0.03874999999999995 0.07250000000000001
0 0.36343749999999997 0.4033335 0.044375 0.05666700000000002
0 0.3596875 0.944167 0.030625000000000013 0.050000000000000044
0 0.353125 0.6970835 0.012500000000000011 0.06916699999999998
0 0.3596875 0.3508335 0.015625 0.013332999999999984
0 0.3834375 0.613333 0.029374999999999984 0.040000000000000036
0 0.3884375 0.7529165 0.016874999999999973 0.094167
0 0.39125 0.434583 0.02250000000000002 0.022499999999999964
0 0.393125 0.38958349999999997 0.026249999999999996 0.03583299999999995
0 0.4009375 0.967917 0.03312499999999996 0.0625
0 0.4203125 0.50125 0.049375 0.02916599999999997
0 0.41781250000000003 0.73375 0.033125000000000016 0.06416599999999995
0 0.43374999999999997 0.22499999999999998 0.03999999999999998 0.035
0 0.4346875 0.2629165 0.02562500000000001 0.030833
0 0.49593750000000003 0.7645835000000001 0.05812500000000004 0.044166999999999956
0 0.5434375 0.845 0.05812499999999998 0.09333400000000003
0 0.5809375 0.4220835 0.01937499999999992 0.01416700000000004
0 0.64375 0.6699999999999999 0.07750000000000001 0.056665999999999994
0 0.659375 0.7220835 0.07999999999999996 0.029166999999999943
0 0.66125 0.3245835 0.03499999999999992 0.035833000000000004
0 0.7503124999999999 0.8208335 0.08187500000000003 0.03833299999999995
0 0.7478125 0.9833335000000001 0.07062499999999994 0.031667
0 0.74125 0.5854165 0.030000000000000027 0.02416700000000005
0 0.7834375 0.5458335 0.020625000000000004 0.0066669999999999785
0 0.8415625 0.5858335 0.05437500000000006 0.05833299999999997
0 0.8609375 0.31 0.06687500000000002 0.05166599999999999
0 0.8459375 0.4929165 0.024375000000000036 0.019166999999999934
0 0.9 0.48583350000000003 0.04249999999999998 0.011667000000000038
0 0.9428125 0.6816665 0.07062500000000005 0.04833300000000007
0 0.9596875 0.4275 0.04562500000000003 0.015000000000000013
0 0.9615625000000001 0.461667 0.041874999999999996 0.040000000000000036
0 0.9728125000000001 0.535 0.05312499999999998 0.05166599999999999
0 0.984375 0.400417 0.030000000000000027 0.017500000000000016
