0 0.424375 0.64375 0.26375000000000004 0.35416600000000004
0 0.0446875 0.3245835 0.059375 0.06416700000000003
0 0.07125000000000001 0.3908335 0.045 0.028333000000000053
0 0.1921875 0.2841665 0.05437499999999998 0.05833299999999997
0 0.230625 0.40208299999999997 0.0050000000000000044 0.012500000000000011
0 0.41875 0.2258335 0.16875000000000007 0.158333
0 0.4175 0.36958349999999995 0.027500000000000024 0.029167
0 0.56 0.26625 0.0412499999999999 0.03249999999999997
0 0.5621875000000001 0.2295835 0.04312499999999997 0.025832999999999995
0 0.5984375 0.53375 0.024374999999999925 0.020833999999999908
0 0.6165625 0.37041650000000004 0.01187500000000008 0.024166999999999994
0 0.6259375 0.34291649999999996 0.02312499999999995 0.024166999999999994
0 0.6346875000000001 0.23416700000000001 0.024374999999999925 0.01999999999999999
0 0.7034374999999999 0.619583 0.14437500000000003 0.12749999999999995
0 0.670625 0.7620835 0.022499999999999964 0.03916699999999995
0 0.6828125 0.447917 0.018125000000000058 0.02749999999999997
0 0.7518750000000001 0.37875000000000003 0.006249999999999978 0.007500000000000007
0 0.7584375 0.30541700000000005 0.004375000000000018 0.012500000000000011
0 0.8084374999999999 0.1341665 0.09562499999999996 0.148333
0 0.7946875 0.7145835 0.055625000000000036 0.04083300000000001
0 0.8153125 0.7475 0.04562500000000003 0.05500000000000005
0 0.98125 0.7949999999999999 0.03375000000000006 0.10166599999999992
