0 0.889447 0.7136750000000001 0.20602999999999994 0.20987600000000006
0 0.07914600000000001 0.2882245 0.10804000000000001 0.162393
0 0.08856800000000001 0.4506175 0.089196 0.12820499999999996
0 0.0734925 0.393162 0.036433 0.03988599999999998
0 0.20603 0.5303895 0.168342 0.145299
0 0.1670855 0.2649575 0.07788899999999999 0.112061
0 0.155779 0.38604 0.04522599999999999 0.07502399999999998
0 0.226759 0.27967749999999997 0.12437200000000001 0.12820499999999999
0 0.26005 0.6904085 0.135678 0.161443
0 0.25879399999999997 0.39981 0.08793999999999999 0.10636199999999996
0 0.26696 0.2151 0.07160799999999998 0.06742600000000001
0 0.3266335 0.33855650000000004 0.148241 0.12440699999999999
0 0.313442 0.48623 0.10929599999999995 0.15384600000000004
0 0.3768845 0.581197 0.13065300000000002 0.13675199999999998
0 0.3951005 0.283476 0.094221 0.12630600000000003
0 0.4384425 0.520893 0.12060300000000002 0.17758799999999997
0 0.4384425 0.4107315 0.07537700000000003 0.12820499999999996
0 0.49057799999999996 0.368471 0.089196 0.11585999999999996
0 0.532663 0.5764484999999999 0.12562800000000002 0.20892699999999997
0 0.53706 0.40740699999999996 0.043970000000000065 0.07977200000000001
0 0.609925 0.42260200000000003 0.116834 0.15384599999999998
0 0.61809 0.497626 0.04522599999999999 0.05128200000000005
0 0.6407035 0.37227 0.07286499999999996 0.10256399999999999
0 0.6765075 0.4776825 0.056533000000000055 0.09496700000000002
0 0.7280150000000001 0.6030390000000001 0.11934600000000006 0.09686600000000001
0 0.7443465 0.5299145000000001 0.06909500000000002 0.07787299999999997
0 0.802136 0.917379 0.09924600000000006 0.11585999999999996
0 0.870603 0.55793 0.08040199999999997 0.09021800000000002
0 0.9353015 0.5925925000000001 0.094221 0.11016100000000006
0 0.9478645 0.535613 0.06407099999999999 0.04558400000000007
