0 0.012207 0.0768095 0.024414 0.032497000000000005
0 0.0131835 0.1181685 0.026367 0.038404999999999995
0 0.0166015 0.1078285 0.033203 0.04726699999999999
0 0.01709 0.60192 0.03418 0.09601199999999999
0 0.0234375 0.036189 0.029297000000000004 0.048743999999999996
0 0.029296999999999997 0.0819795 0.031249999999999997 0.048745000000000004
0 0.0546875 0.5 0.08203099999999999 0.217134
0 0.0424805 0.062777 0.034179 0.06647
0 0.062012 0.937223 0.03418000000000001 0.12260000000000004
0 0.476074 0.5221565 0.760742 0.7518469999999999
0 0.1738285 0.6093055 0.15429700000000002 0.13737100000000002
0 0.220215 0.6994095 0.17675799999999997 0.13737100000000002
0 0.1865235 0.225997 0.048828999999999984 0.11816799999999997
0 0.1938475 0.1883305 0.063477 0.13737100000000002
0 0.25293 0.18242250000000002 0.08007799999999998 0.143279
0 0.24609350000000002 0.23264400000000002 0.04687500000000003 0.03692799999999999
0 0.334473 0.712703 0.163086 0.17873000000000006
0 0.3603515 0.815362 0.205079 0.06203800000000004
0 0.42919949999999996 0.859675 0.303711 0.08567199999999997
0 0.4423825 0.9844905 0.265625 0.028065000000000007
0 0.357422 0.113737 0.083984 0.144756
0 0.395996 0.2119645 0.079102 0.10192100000000001
0 0.47802750000000005 0.8116695 0.12402300000000005 0.3382569999999999
0 0.44824200000000003 0.16322 0.041016 0.1226
0 0.4467775 0.192762 0.030272999999999994 0.13146199999999997
0 0.474121 0.137371 0.03417999999999999 0.11226000000000001
0 0.508301 0.1314625 0.079102 0.153619
0 0.6000975 0.240768 0.17871099999999995 0.08567200000000003
0 0.600098 0.312408 0.15918 0.18168399999999998
0 0.5947264999999999 0.276219 0.09179700000000002 0.059084
0 0.666504 0.9032495 0.21972599999999998 0.19054700000000002
0 0.645996 0.9268835 0.172852 0.14327900000000005
0 0.6098635 0.453471 0.0810550000000001 0.24519999999999997
0 0.7504885 0.7946825 0.27636700000000003 0.230429
0 0.777832 0.8840475000000001 0.26855399999999996 0.13737100000000002
0 0.756348 0.3722305 0.21191399999999994 0.11521500000000001
0 0.710449 0.0206795 0.08691399999999994 0.041359
0 0.7534179999999999 0.403988 0.16308599999999995 0.07533200000000001
0 0.7680665 0.026588 0.03613299999999997 0.053176
0 0.838867 0.0169865 0.10742200000000002 0.033973
0 0.8789065 0.4807975 0.18164100000000005 0.08714899999999998
0 0.894531 0.598966 0.20898399999999995 0.08715000000000006
0 0.827637 0.0997045 0.06933599999999995 0.143279
0 0.85791 0.7991135 0.12793 0.35745899999999997
0 0.875 0.5036925 0.158204 0.06794699999999998
0 0.8774415 0.649188 0.10839900000000002 0.07237800000000005
0 0.885742 0.0339735 0.12109400000000003 0.047266999999999997
0 0.918945 0.0753325 0.09375 0.076809
0 0.942871 0.041359 0.08691399999999994 0.082718
0 0.9697264999999999 0.014771 0.03906299999999996 0.029542
0 0.9838865 0.024372 0.030272999999999994 0.048744
0 0.9877925000000001 0.08419499999999999 0.022460999999999953 0.082718
