0 0.535625 0.5365855 0.28125 0.30769300000000005
0 0.025 0.445122 0.05 0.11163200000000001
0 0.0484375 0.065666 0.066875 0.071294
0 0.09625 0.599437 0.05 0.15384599999999993
0 0.2271875 0.8606945 0.160625 0.25046900000000005
0 0.348125 0.123358 0.15125 0.12851800000000002
0 0.3546875 0.053471000000000005 0.08937499999999998 0.080676
0 0.575 0.20825549999999998 0.09750000000000003 0.159475
0 0.594375 0.23592849999999999 0.13624999999999998 0.09287100000000001
0 0.650625 0.1350845 0.06374999999999997 0.067543
0 0.7250000000000001 0.9474675 0.10750000000000004 0.099437
0 0.716875 0.7354594999999999 0.05249999999999999 0.06941900000000001
0 0.7484375 0.248124 0.08062499999999995 0.04784199999999997
0 0.7665625 0.303002 0.08562499999999995 0.09193200000000001
0 0.7946875 0.17307699999999998 0.08812500000000001 0.059100000000000014
0 0.7703125 0.9695125 0.026874999999999982 0.055347000000000035
0 0.8428125 0.513602 0.08187500000000003 0.13602200000000003
0 0.8378125000000001 0.2462475 0.04312499999999997 0.139775
0 0.9465625 0.2992495 0.08187500000000003 0.10694099999999998
