0 0.6259375 0.599583 0.15312500000000007 0.43250000000000005
0 0.24031249999999998 0.6220835 0.135625 0.18083300000000002
0 0.28625 0.22291699999999998 0.1625 0.4425
0 0.3325 0.2945835 0.1175 0.38916700000000004
0 0.3703125 0.753333 0.13437500000000002 0.28
0 0.4375 0.4425 0.25875000000000004 0.6166659999999999
0 0.396875 0.4095835 0.08625 0.49583299999999997
0 0.435625 0.8300000000000001 0.10499999999999998 0.338334
0 0.4709375 0.04625 0.10312499999999997 0.0925
0 0.4859375 0.676667 0.08187499999999998 0.17500000000000004
0 0.6553125 0.06375 0.06312499999999999 0.1275
0 0.900625 0.333333 0.1975 0.5249999999999999
