0 0.03125 0.3483335 0.0625 0.10333300000000001
0 0.033125 0.13999999999999999 0.06625 0.071666
0 0.03375 0.052083500000000005 0.0675 0.095833
0 0.03375 0.722917 0.0675 0.07750000000000001
0 0.0421875 0.2295835 0.084375 0.11083299999999999
0 0.065625 0.394583 0.07625 0.1275
0 0.079375 0.495417 0.09 0.07749999999999996
0 0.0696875 0.2525 0.058125 0.05000000000000002
0 0.0746875 0.6229165000000001 0.053125000000000006 0.094167
0 0.18906250000000002 0.6595835 0.255625 0.6791670000000001
0 0.1546875 0.373333 0.179375 0.14999999999999997
0 0.1103125 0.1425 0.06937499999999999 0.06666599999999999
0 0.1240625 0.7424999999999999 0.09437500000000001 0.04999999999999993
0 0.1109375 0.22875 0.06312499999999999 0.0675
0 0.11125 0.915833 0.04250000000000001 0.10499999999999998
0 0.16593750000000002 0.1625 0.061874999999999986 0.065
0 0.18656250000000002 0.2370835 0.09562499999999999 0.125833
0 0.175 0.53 0.026249999999999996 0.065
0 0.593125 0.34625 0.8125 0.6925
0 0.23374999999999999 0.9750000000000001 0.06624999999999998 0.04833399999999999
0 0.25187499999999996 0.357917 0.07124999999999998 0.07750000000000001
0 0.23875 0.28375 0.03999999999999998 0.10583399999999998
0 0.3140625 0.8941669999999999 0.09437500000000004 0.10999999999999999
0 0.29625 0.31208349999999996 0.04625000000000001 0.04416700000000001
0 0.351875 0.5954165 0.053749999999999964 0.04583300000000001
0 0.388125 0.7083335 0.10875000000000001 0.10666699999999996
0 0.5796875 0.785 0.359375 0.428334
0 0.5449999999999999 0.6270830000000001 0.09124999999999994 0.0824999999999999
0 0.5778125000000001 0.64 0.06437499999999996 0.10499999999999998
0 0.5784374999999999 0.45416650000000003 0.06562499999999993 0.08833300000000005
0 0.6059375 0.4104165 0.09187499999999993 0.07916699999999999
0 0.7171875000000001 0.5991664999999999 0.26187499999999997 0.218333
0 0.6187499999999999 0.6625000000000001 0.04500000000000004 0.056665999999999994
0 0.6675 0.9270835 0.08499999999999996 0.14416700000000005
0 0.905 0.9504170000000001 0.18625000000000003 0.09750000000000003
0 0.9290625 0.8541665 0.140625 0.166667
0 0.9437500000000001 0.925833 0.11124999999999996 0.14500000000000002
