0 0.0446875 0.5729165 0.089375 0.05916700000000008
0 0.051875 0.70625 0.10375 0.03749999999999998
0 0.044687500000000005 0.25375 0.020624999999999998 0.01916599999999999
0 0.080625 0.29208350000000005 0.04624999999999999 0.03916700000000001
0 0.0784375 0.0758335 0.023124999999999993 0.023332999999999993
0 0.108125 0.2120835 0.03749999999999999 0.034167
0 0.11812500000000001 0.302917 0.03375 0.03749999999999998
0 0.12375 0.287917 0.03749999999999999 0.027500000000000024
0 0.1334375 0.237917 0.023124999999999993 0.017499999999999988
0 0.1503125 0.630833 0.056874999999999995 0.06000000000000005
0 0.149375 0.1320835 0.010000000000000009 0.029167
0 0.19687500000000002 0.8266665 0.0875 0.05833299999999997
0 0.1821875 0.9783335 0.05312499999999998 0.04166700000000001
0 0.1740625 0.22375 0.02562500000000001 0.022499999999999992
0 0.18343749999999998 0.2 0.021875000000000006 0.03
0 0.19 0.1533335 0.011249999999999982 0.031667
0 0.2159375 0.14375 0.011874999999999997 0.029165999999999997
0 0.24906250000000002 0.183333 0.06187500000000001 0.05499999999999999
0 0.2628125 0.69625 0.046875 0.03416600000000003
0 0.26125 0.28625 0.04249999999999998 0.025834000000000024
0 0.2528125 0.1404165 0.01812500000000003 0.02083299999999999
0 0.2553125 0.3733335 0.01812500000000003 0.031667
0 0.2578125 0.09708349999999999 0.020625000000000004 0.019167000000000003
0 0.2615625 0.8179164999999999 0.02562499999999998 0.07583299999999993
0 0.26968749999999997 0.655 0.026875000000000038 0.04833399999999999
0 0.2753125 0.1470835 0.03187499999999999 0.024166999999999994
0 0.2703125 0.06625 0.016874999999999973 0.012499999999999997
0 0.2759375 0.35625 0.028124999999999956 0.02416600000000002
0 0.2865625 0.5845834999999999 0.04562500000000003 0.030833
0 0.2740625 0.3904165 0.011875000000000024 0.02083299999999999
0 0.3025 0.485 0.06874999999999998 0.061666
0 0.296875 0.18625 0.03374999999999995 0.02250000000000002
0 0.3 0.7766664999999999 0.036250000000000004 0.013332999999999928
0 0.2896875 0.1233335 0.014375000000000027 0.01166700000000001
0 0.303125 0.132917 0.014999999999999958 0.017499999999999988
0 0.3125 0.8362499999999999 0.03249999999999997 0.03583400000000003
0 0.32718749999999996 0.70875 0.05437500000000001 0.06416599999999995
0 0.31343750000000004 0.1945835 0.008124999999999993 0.01916699999999999
0 0.3153125 0.1420835 0.011874999999999969 0.025832999999999995
0 0.3171875 0.1645835 0.015625 0.014166999999999985
0 0.325625 0.38041650000000005 0.030000000000000027 0.024166999999999994
0 0.3284375 0.43416699999999997 0.026874999999999982 0.04999999999999999
0 0.32437499999999997 0.1645835 0.013749999999999984 0.024166999999999994
0 0.3325 0.8091664999999999 0.017500000000000016 0.05166700000000002
0 0.3309375 0.19125 0.011874999999999969 0.015834000000000015
0 0.345625 0.7250000000000001 0.036250000000000004 0.09666600000000003
0 0.33968750000000003 0.304583 0.021875000000000033 0.07250000000000001
0 0.3365625 0.1320835 0.013124999999999998 0.025832999999999995
0 0.345 0.5308335 0.027500000000000024 0.018333000000000044
0 0.3453125 0.4970835 0.01687500000000003 0.02416700000000005
0 0.3515625 0.60625 0.021874999999999978 0.025834000000000024
0 0.3509375 0.4420835 0.018125000000000002 0.02083299999999999
0 0.3546875 0.40875 0.02562500000000001 0.025834000000000024
0 0.360625 0.457083 0.02250000000000002 0.02250000000000002
0 0.35968750000000005 0.15791650000000002 0.018125000000000002 0.024167000000000022
0 0.36250000000000004 0.20124999999999998 0.023749999999999993 0.029165999999999997
0 0.358125 0.22375 0.011250000000000038 0.039166000000000006
0 0.37093750000000003 0.2329165 0.01687500000000003 0.02083299999999999
0 0.37593750000000004 0.501667 0.01687500000000003 0.019999999999999962
0 0.38625 0.5629165 0.034999999999999976 0.025832999999999995
0 0.3846875 0.2470835 0.020625000000000004 0.020833000000000018
0 0.38593750000000004 0.1720835 0.023125000000000007 0.029167
0 0.395 0.4079165 0.036250000000000004 0.030833
0 0.3909375 0.5462499999999999 0.02562500000000001 0.02416600000000002
0 0.3871875 0.5266664999999999 0.010624999999999996 0.033332999999999946
0 0.39749999999999996 0.3529165 0.028749999999999998 0.030833
0 0.3946875 0.2829165 0.020625000000000004 0.03916700000000001
0 0.39656250000000004 0.2341665 0.019374999999999976 0.00833299999999998
0 0.4096875 0.1370835 0.03187499999999999 0.044167
0 0.4128125 0.2829165 0.025624999999999953 0.025832999999999995
0 0.4175 0.429167 0.03250000000000003 0.015000000000000013
0 0.41874999999999996 0.57125 0.02250000000000002 0.025834000000000024
0 0.42 0.4620835 0.025000000000000022 0.025832999999999995
0 0.433125 0.6258334999999999 0.03750000000000003 0.05166700000000002
0 0.4240625 0.345 0.016874999999999973 0.014999999999999958
0 0.43156249999999996 0.2379165 0.019374999999999976 0.02083299999999999
0 0.440625 0.46875 0.030000000000000027 0.04249999999999998
0 0.43937499999999996 0.3370835 0.013749999999999984 0.02083299999999999
0 0.4440625 0.2741665 0.02062499999999995 0.046667000000000014
0 0.4459375 0.3958335 0.011875000000000024 0.04166700000000001
0 0.4540625 0.5766665 0.020625000000000004 0.018333000000000044
0 0.48062499999999997 0.5283335 0.04249999999999998 0.03333300000000006
0 0.4703125 0.6495835 0.019374999999999976 0.035833000000000004
0 0.4696875 0.257917 0.015625 0.027499999999999997
0 0.494375 0.5954165 0.05125000000000002 0.02416700000000005
0 0.49124999999999996 0.6141665000000001 0.03249999999999997 0.031667
0 0.48 0.27208350000000003 0.007500000000000007 0.01916699999999999
0 0.4865625 0.2195835 0.018125000000000002 0.020833000000000018
0 0.4921875 0.25625 0.019374999999999976 0.03250000000000003
0 0.495 0.33625 0.011249999999999982 0.025834000000000024
0 0.49624999999999997 0.2795835 0.011249999999999982 0.014166999999999985
0 0.5065625 0.467917 0.024375000000000036 0.027500000000000024
0 0.52 0.632083 0.03875000000000006 0.012500000000000067
0 0.5071875 0.28375 0.008124999999999938 0.012499999999999956
0 0.5134375 0.6420835 0.020625000000000004 0.02416700000000005
0 0.5175000000000001 0.30874999999999997 0.012500000000000067 0.02250000000000002
0 0.5375000000000001 0.47875 0.03500000000000003 0.06749999999999995
0 0.5653125 0.6375 0.08812500000000001 0.05333399999999999
0 0.53375 0.36541650000000003 0.011250000000000093 0.029167
0 0.5428125 0.2570835 0.024375000000000036 0.014166999999999985
0 0.5446875 0.28125 0.02562500000000001 0.02083400000000002
0 0.5428124999999999 0.304583 0.011874999999999969 0.022499999999999964
0 0.5743750000000001 0.5091665 0.06500000000000006 0.086667
0 0.55375 0.3679165 0.012500000000000067 0.024166999999999994
0 0.5609375000000001 0.415 0.021874999999999978 0.046665999999999985
0 0.555625 0.3191665 0.008750000000000036 0.023332999999999993
0 0.5609375000000001 0.2941665 0.009375000000000022 0.018333000000000044
0 0.5653125 0.22791699999999998 0.015625 0.027499999999999997
0 0.5684375 0.2779165 0.016874999999999973 0.030833
0 0.576875 0.30208349999999995 0.026249999999999996 0.024166999999999994
0 0.5931249999999999 0.3320835 0.025000000000000022 0.025832999999999995
0 0.59375 0.265833 0.02124999999999999 0.05500000000000002
0 0.5965625 0.3879165 0.015625 0.02416700000000005
0 0.6074999999999999 0.41541700000000004 0.03749999999999998 0.027500000000000024
0 0.618125 0.47375 0.04625000000000001 0.07916600000000001
0 0.6059375 0.252917 0.01937500000000003 0.022499999999999992
0 0.6275 0.33041699999999996 0.03874999999999995 0.02250000000000002
0 0.6178125 0.27875 0.014375000000000027 0.012499999999999956
0 0.6421875 0.40249999999999997 0.04812499999999997 0.03333400000000003
0 0.640625 0.2408335 0.03750000000000009 0.033333
0 0.6396875 0.28375 0.021874999999999978 0.019166000000000016
0 0.6481250000000001 0.35375 0.036250000000000004 0.02749999999999997
0 0.65125 0.5974999999999999 0.013749999999999929 0.03500000000000003
0 0.6584375 0.260417 0.02562500000000001 0.027499999999999997
0 0.6699999999999999 0.499167 0.04874999999999996 0.044999999999999984
0 0.655625 0.385417 0.010000000000000009 0.012500000000000011
0 0.6737500000000001 0.5079165 0.03375000000000006 0.024166999999999994
0 0.6775 0.5387500000000001 0.036250000000000004 0.030833999999999917
0 0.6771875 0.24374999999999997 0.011874999999999969 0.01916599999999999
0 0.6871875000000001 0.435 0.021874999999999978 0.033333999999999975
0 0.69125 0.4366665 0.022499999999999964 0.021666999999999992
0 0.7009375 0.5295835 0.03562500000000002 0.035833000000000004
0 0.69125 0.29041649999999997 0.011249999999999982 0.03916700000000001
0 0.6984375 0.2308335 0.018125000000000058 0.013332999999999984
0 0.7034374999999999 0.33541699999999997 0.018125000000000058 0.02250000000000002
0 0.7053125 0.44625000000000004 0.014375000000000027 0.027500000000000024
0 0.70875 0.2679165 0.010000000000000009 0.025832999999999995
0 0.7140625 0.2920835 0.018125000000000058 0.025832999999999995
0 0.7171875 0.26125 0.024375000000000036 0.029165999999999997
0 0.7246875 0.5683335 0.016874999999999973 0.05166700000000002
0 0.73125 0.23875 0.029999999999999916 0.025833999999999968
0 0.743125 0.8458334999999999 0.028749999999999942 0.06166700000000003
0 0.7434375 0.3041665 0.018124999999999947 0.008333000000000035
0 0.7453125 0.26708350000000003 0.021874999999999978 0.024166999999999994
0 0.7637499999999999 0.41041700000000003 0.039999999999999925 0.03250000000000003
0 0.7759375 0.359167 0.04937500000000006 0.05499999999999999
0 0.786875 0.4608335 0.07125000000000004 0.046667000000000014
0 0.7615624999999999 0.2629165 0.018125000000000058 0.019167000000000045
0 0.7740625 0.27375 0.01937499999999992 0.030834000000000028
0 0.7859375 0.6020835 0.020625000000000004 0.02416700000000005
0 0.78625 0.49375 0.012499999999999956 0.025833999999999968
0 0.7890625 0.177083 0.018124999999999947 0.022499999999999992
0 0.7921875 0.25125 0.014374999999999916 0.02250000000000002
0 0.8928125 0.3466665 0.213125 0.196667
0 0.8028124999999999 0.5504165000000001 0.020625000000000004 0.04083300000000001
0 0.80625 0.2395835 0.022499999999999964 0.014166999999999985
0 0.8200000000000001 0.6045835 0.036250000000000004 0.025832999999999995
0 0.8315625 0.44875 0.018124999999999947 0.02916599999999997
0 0.8321875000000001 0.50375 0.011874999999999969 0.02250000000000002
0 0.8378125000000001 0.4770835 0.018125000000000058 0.024166999999999994
0 0.853125 0.5445835000000001 0.03875000000000006 0.030833
0 0.8912500000000001 0.2475 0.006249999999999978 0.00833399999999998
0 0.8996875 0.51875 0.018124999999999947 0.02083400000000002
0 0.9021875 0.25625 0.015625 0.01916599999999999
0 0.9165625 0.24583299999999997 0.02312499999999995 0.014999999999999986
0 0.9246875 0.22625 0.016874999999999973 0.017499999999999988
0 0.9334374999999999 0.5770835 0.02312499999999995 0.03916699999999995
0 0.94875 0.21416649999999998 0.03125 0.016667000000000015
0 0.9565625 0.6229165000000001 0.018124999999999947 0.030833
0 0.969375 0.2254165 0.03875000000000006 0.01916699999999999
0 0.9784375000000001 0.2416665 0.018125000000000058 0.013333000000000012
