0 0.2740625 0.499531 0.548125 0.999062
0 0.4221875 0.490619 0.844375 0.521576
0 0.4734375 0.944184 0.08187500000000003 0.10787999999999998
0 0.5815625 0.2682925 0.169375 0.138837
0 0.548125 0.553002 0.09250000000000003 0.06097599999999992
0 0.5540625 0.454034 0.07562500000000005 0.11256999999999995
0 0.5743750000000001 0.1674485 0.11124999999999996 0.06285099999999999
0 0.573125 0.658537 0.06499999999999995 0.065666
0 0.5915625 0.5806755 0.07687500000000003 0.08255100000000004
0 0.5890625 0.825047 0.06937500000000008 0.10225200000000001
0 0.6296875 0.20872400000000002 0.08812500000000001 0.042214
0 0.6359375 0.532833 0.09062500000000007 0.05253200000000002
0 0.6396875 0.479831 0.09312500000000001 0.042213999999999974
0 0.645 0.672139 0.0675 0.11538400000000004
0 0.6396875 0.63227 0.02937500000000004 0.08067599999999997
0 0.6440625 0.9282365 0.018124999999999947 0.04971900000000007
0 0.6834375 0.3241085 0.08812500000000001 0.05347099999999999
0 0.69875 0.1289865 0.10125000000000006 0.121013
0 0.70375 0.21341500000000002 0.10624999999999996 0.10600400000000001
0 0.6915625000000001 0.823171 0.07187500000000002 0.10600399999999999
0 0.6925 0.564728 0.05249999999999999 0.08067599999999997
0 0.7121875 0.6984055 0.04562500000000003 0.10225099999999998
0 0.7621875 0.987805 0.028124999999999956 0.022514000000000034
0 0.825 0.174953 0.15125 0.102252
0 0.8062499999999999 0.3001875 0.03749999999999998 0.07504699999999997
0 0.8109375 0.945122 0.028124999999999956 0.04596599999999995
0 0.8384375 0.4165105 0.078125 0.05440900000000004
0 0.82875 0.6594745 0.03875000000000006 0.08255099999999993
0 0.8546875 0.826454 0.07687499999999992 0.08067599999999997
0 0.8415625 0.479831 0.038124999999999964 0.057224
0 0.8734375000000001 0.305816 0.07437499999999997 0.06003799999999998
0 0.8471875 0.880863 0.01937500000000003 0.048779999999999935
0 0.903125 0.394465 0.09500000000000008 0.06285200000000002
0 0.8768750000000001 0.987805 0.03749999999999998 0.022514000000000034
0 0.8978125 0.6031895 0.03562500000000002 0.08442699999999992
0 0.9196875 0.7030959999999999 0.04562500000000003 0.06847999999999999
0 0.9493750000000001 0.182927 0.09999999999999998 0.093808
0 0.950625 0.26923050000000004 0.09750000000000003 0.07504700000000003
0 0.9375 0.9657595 0.06125000000000003 0.029080999999999912
0 0.9293750000000001 0.8564725 0.018749999999999933 0.07692299999999996
0 0.9628125000000001 0.5750465 0.073125 0.07504699999999997
0 0.9678125 0.829268 0.03687499999999999 0.08255199999999996
0 0.9762500000000001 0.454972 0.04625000000000001 0.06941799999999998
0 0.9775 0.326923 0.04375000000000007 0.040337999999999985
0 0.981875 0.979831 0.03500000000000003 0.038461999999999996
