0 0.1290625 0.3666665 0.258125 0.40333299999999994
0 0.2509375 0.8095835 0.501875 0.37916700000000003
0 0.385 0.730417 0.6525000000000001 0.5375000000000001
0 0.2678125 0.256667 0.39937500000000004 0.32
0 0.5434375 0.5645830000000001 0.599375 0.39249999999999996
0 0.436875 0.17625000000000002 0.32625 0.2875
0 0.675625 0.43041700000000005 0.5025 0.29250000000000004
0 0.57375 0.1275 0.2825 0.255
0 0.7753125000000001 0.33375 0.448125 0.2825
0 0.6815625000000001 0.09375 0.20687500000000003 0.1875
0 0.8553125 0.23500000000000001 0.28812499999999996 0.195
0 0.8103125 0.0591665 0.135625 0.118333
0 0.9103125000000001 0.1520835 0.17812499999999998 0.13916699999999999
0 0.9650000000000001 0.0783335 0.06874999999999998 0.10166700000000001
