0 0.8474999999999999 0.6883330000000001 0.21499999999999997 0.16000000000000003
0 0.0225 0.301667 0.045 0.044999999999999984
0 0.0353125 0.21125 0.070625 0.08416599999999996
0 0.10375000000000001 0.065417 0.045 0.0225
0 0.19375 0.32125000000000004 0.18375000000000002 0.060834
0 0.14 0.4295835 0.037500000000000006 0.08083299999999999
0 0.15625 0.4170835 0.012500000000000011 0.07583300000000004
0 0.193125 0.26 0.08125000000000002 0.044999999999999984
0 0.234375 0.2341665 0.15375000000000003 0.03833299999999998
0 0.2128125 0.5191665000000001 0.09687499999999999 0.11333300000000002
0 0.186875 0.1595835 0.04124999999999998 0.024166999999999994
0 0.24875 0.6083335000000001 0.1275 0.10333300000000001
0 0.20625 0.04625 0.036250000000000004 0.0225
0 0.2009375 0.4241665 0.016875 0.08333299999999999
0 0.3 0.1375 0.06625000000000003 0.05
0 0.356875 0.1083335 0.11250000000000004 0.046667
0 0.3734375 0.6004165 0.11312499999999998 0.025832999999999995
0 0.4309375 0.507083 0.14312499999999995 0.03749999999999998
0 0.5040625 0.11625 0.106875 0.047500000000000014
0 0.5271874999999999 0.026667 0.135625 0.019999999999999997
0 0.6034375000000001 0.1458335 0.06937500000000008 0.05333299999999999
0 0.6221875 0.04625 0.06687500000000002 0.0225
0 0.6403125 0.0695835 0.05687500000000001 0.030833000000000006
0 0.6399999999999999 0.22958299999999998 0.04749999999999999 0.08249999999999999
0 0.809375 0.892083 0.22624999999999995 0.1875
0 0.8640625 0.282917 0.06187500000000001 0.0625
0 0.9146875 0.404583 0.09062499999999996 0.1225
0 0.9828125000000001 0.525 0.03312499999999996 0.07000000000000006
