0 0.14250000000000002 0.7755905000000001 0.20875000000000002 0.10761100000000001
0 0.11375 0.7143485 0.14125000000000001 0.12860900000000008
0 0.1009375 0.9426945 0.08687500000000001 0.11286099999999999
0 0.20875 0.9234469999999999 0.1925 0.13735799999999998
0 0.245 0.738845 0.09125000000000003 0.10936199999999996
0 0.265625 0.6544185 0.06499999999999997 0.08748899999999993
0 0.42 0.85958 0.2975 0.27909000000000006
0 0.37 0.5603675 0.05625000000000002 0.08311500000000005
0 0.4034375 0.778215 0.10562499999999997 0.12335999999999991
0 0.4721875 0.6509185 0.08062499999999995 0.06999100000000003
0 0.5334375 0.42300950000000004 0.070625 0.058616999999999975
