0 0.11656249999999999 0.246711 0.023124999999999993 0.012217999999999979
0 0.131875 0.1593045 0.012500000000000011 0.021616999999999997
0 0.1734375 0.526316 0.029374999999999984 0.02255600000000002
0 0.19343749999999998 0.3670115 0.028124999999999983 0.029135000000000022
0 0.365 0.12358999999999999 0.37125 0.215226
0 0.2265625 0.5850565 0.03812500000000002 0.04041300000000003
0 0.2340625 0.399906 0.02562500000000001 0.03665400000000002
0 0.2971875 0.242951 0.030625000000000013 0.027256000000000002
0 0.2978125 0.336466 0.03187499999999999 0.028196
0 0.3071875 0.471335 0.030625000000000013 0.036653999999999964
0 0.3525 0.35996249999999996 0.03125 0.039473000000000036
0 0.3771875 0.457237 0.024375000000000036 0.03853399999999996
0 0.411875 0.28712400000000005 0.04249999999999998 0.03853400000000001
0 0.4740625 0.1400375 0.028124999999999956 0.020677
0 0.6659375000000001 0.1301695 0.020625000000000004 0.017856999999999998
0 0.7328125000000001 0.09868450000000001 0.020625000000000004 0.018796999999999994
0 0.7565625 0.1217105 0.016874999999999973 0.015977000000000005
