0 0.046875 0.0870835 0.09375 0.174167
0 0.1225 0.2266665 0.245 0.208333
0 0.1225 0.572917 0.245 0.1775
0 0.143125 0.3275 0.28625 0.25833399999999995
0 0.1734375 0.5283329999999999 0.346875 0.16000000000000003
0 0.1834375 0.6858335 0.35812499999999997 0.15833300000000006
0 0.22781249999999997 0.4970835 0.369375 0.28416700000000006
0 0.08249999999999999 0.0675 0.07625 0.093334
0 0.09812499999999999 0.152917 0.09125 0.0675
0 0.2325 0.07208350000000001 0.3525 0.115833
0 0.254375 0.0570835 0.31124999999999997 0.114167
0 0.269375 0.36624999999999996 0.3075 0.1225
0 0.3078125 0.8812500000000001 0.371875 0.235834
0 0.216875 0.2683335 0.16875 0.11166699999999999
0 0.29062499999999997 0.142917 0.20249999999999999 0.0775
0 0.35375 0.725 0.2825 0.10499999999999998
0 0.389375 0.7666665 0.31000000000000005 0.161667
0 0.4540625 0.55 0.29437499999999994 0.265
0 0.42625 0.46125000000000005 0.19249999999999995 0.190834
0 0.429375 0.9725 0.15249999999999997 0.05333399999999999
0 0.5449999999999999 0.921667 0.23375 0.15500000000000003
0 0.5475 0.5608335 0.22375000000000006 0.16666700000000007
0 0.600625 0.6445835 0.30625 0.12416700000000003
0 0.6096875 0.28458300000000003 0.29812500000000003 0.1275
0 0.5334375 0.77875 0.13812500000000005 0.13750000000000007
0 0.67375 0.2408335 0.35374999999999995 0.253333
0 0.714375 0.8966665 0.41999999999999993 0.20166700000000004
0 0.718125 0.41874999999999996 0.345 0.175834
0 0.736875 0.1225 0.18875000000000008 0.103334
0 0.8421875000000001 0.0483335 0.31437499999999996 0.096667
0 0.7915625 0.603333 0.208125 0.16500000000000004
0 0.780625 0.10291650000000001 0.16500000000000004 0.129167
0 0.798125 0.7841670000000001 0.15625 0.12
0 0.8790625000000001 0.6225 0.24062499999999998 0.261666
0 0.8828125 0.484167 0.23312500000000003 0.09999999999999992
0 0.8925000000000001 0.902917 0.21375 0.1925
0 0.9081250000000001 0.8070835000000001 0.1825 0.12583299999999997
0 0.9159375000000001 0.145 0.166875 0.138334
