0 0.0171875 0.031667 0.034375 0.05
0 0.0346875 0.0816665 0.069375 0.053333
0 0.07125000000000001 0.14250000000000002 0.08875000000000001 0.1
0 0.12875 0.20166699999999999 0.11125000000000002 0.09999999999999998
0 0.13343750000000001 0.0645835 0.096875 0.129167
0 0.150625 0.1633335 0.11875 0.09666699999999999
0 0.181875 0.32166649999999997 0.11875 0.10666700000000001
0 0.16749999999999998 0.3375 0.07999999999999999 0.11666599999999999
0 0.2134375 0.3354165 0.09187500000000001 0.13083299999999998
0 0.22562500000000002 0.2645835 0.10875000000000001 0.125833
0 0.5875 0.6183335 0.81375 0.7616670000000001
0 0.2546875 0.27791699999999997 0.104375 0.0875
0 0.2840625 0.18916650000000002 0.09812500000000002 0.09666699999999998
0 0.360625 0.2029165 0.1275 0.08583299999999999
0 0.411875 0.1379165 0.11875000000000002 0.07583299999999998
0 0.4303125 0.2816665 0.130625 0.06333299999999997
0 0.5059374999999999 0.1995835 0.12437500000000001 0.089167
0 0.461875 0.0104165 0.03125 0.020833
0 0.548125 0.059583 0.03500000000000003 0.032499999999999994
0 0.6881250000000001 0.8616665 0.09999999999999998 0.046667000000000014
0 0.68875 0.122083 0.016249999999999987 0.0175
