0 0.5521875 0.28125 0.35187500000000005 0.24750000000000003
0 0.0075 0.0158335 0.015 0.031667
0 0.4996875 0.722917 0.999375 0.5525
0 0.024999999999999998 0.100417 0.03625 0.02750000000000001
0 0.115625 0.2 0.07250000000000001 0.05166600000000002
0 0.1071875 0.143333 0.048125 0.04500000000000001
0 0.16625 0.12375 0.03875000000000001 0.02916600000000001
0 0.1853125 0.23875 0.02562500000000001 0.02916599999999997
0 0.215 0.00875 0.03375 0.0175
0 0.20875 0.11666699999999999 0.012499999999999983 0.015
0 0.23625 0.17875000000000002 0.034999999999999976 0.04250000000000001
0 0.24093749999999997 0.15791650000000002 0.030624999999999986 0.019167000000000017
0 0.2815625 0.177083 0.04812499999999997 0.0325
0 0.291875 0.125 0.06625000000000003 0.056665999999999994
0 0.3565625 0.164167 0.04562500000000003 0.035
0 0.3771875 0.245 0.06312499999999999 0.04166599999999998
0 0.406875 0.08 0.06374999999999997 0.048333999999999995
0 0.3871875 0.0191665 0.020625000000000004 0.038333
0 0.43125 0.15208300000000002 0.034999999999999976 0.027499999999999997
0 0.4321875 0.252083 0.03312499999999996 0.017499999999999988
0 0.44062500000000004 0.1779165 0.04999999999999999 0.030833
0 0.463125 0.2070835 0.048750000000000016 0.030833
0 0.501875 0.0675 0.12125000000000002 0.096666
0 0.5640624999999999 0.10625000000000001 0.06187500000000001 0.06750000000000002
0 0.599375 0.0279165 0.04499999999999993 0.055833
0 0.6221875 0.1979165 0.05437500000000006 0.029167
0 0.635 0.21375 0.07750000000000001 0.069166
0 0.6599999999999999 0.16125 0.04500000000000004 0.029165999999999997
0 0.6890625 0.26125 0.023125000000000062 0.019166000000000016
0 0.7103125 0.27708299999999997 0.05812499999999998 0.02250000000000002
0 0.7324999999999999 0.1158335 0.06625000000000003 0.04166700000000001
0 0.7465625 0.14750000000000002 0.09187499999999993 0.04666600000000001
0 0.7621875 0.10375000000000001 0.06312499999999999 0.03749999999999999
0 0.7765625 0.065 0.06062500000000004 0.053334
0 0.7775000000000001 0.20625 0.04500000000000004 0.064166
0 0.79625 0.2691665 0.07000000000000006 0.061667
0 0.8253125 0.1683335 0.05062499999999992 0.05333300000000002
0 0.8984375 0.09 0.06937499999999996 0.058334
0 0.8978125 0.332083 0.04312500000000008 0.03250000000000003
0 0.9125 0.22 0.03125 0.05333399999999999
0 0.9268749999999999 0.2370835 0.036250000000000004 0.03916699999999998
0 0.94375 0.2783335 0.03875000000000006 0.05333300000000002
0 0.9703125 0.0779165 0.05812499999999998 0.040833
0 0.9675 0.235417 0.04500000000000004 0.03249999999999997
0 0.9765625 0.40291699999999997 0.04562500000000003 0.07749999999999996
0 0.986875 0.34750000000000003 0.025000000000000022 0.03666600000000003
