0 0.8274144999999999 0.280851 0.08948900000000004 0.09787199999999999
0 0.073864 0.6031915 0.0625 0.10851100000000002
0 0.09232950000000001 0.3180855 0.025568999999999995 0.044681000000000026
0 0.1171875 0.4542555 0.01278499999999999 0.02765899999999999
0 0.143466 0.5297875 0.017046000000000006 0.029787000000000008
0 0.161932 0.335106 0.045453999999999994 0.03616999999999998
0 0.2180395 0.279787 0.06676099999999999 0.04893599999999998
0 0.194602 0.511702 0.011363999999999985 0.04042600000000002
0 0.2485795 0.7914895 0.03409100000000001 0.09361699999999995
0 0.2862215 0.3287235 0.06960300000000003 0.040425000000000044
0 0.299006 0.8404255 0.055398 0.059575000000000045
0 0.3203125 0.275532 0.03551099999999996 0.057446
0 0.338778 0.4404255 0.04971600000000004 0.03829699999999997
0 0.367898 0.2819145 0.036931999999999965 0.04468099999999997
0 0.380682 0.381915 0.03125 0.04893599999999998
0 0.4488635 0.4659575 0.12215900000000002 0.17872300000000002
0 0.452415 0.6265959999999999 0.024148000000000003 0.04042599999999996
0 0.508523 0.8648935 0.031249999999999944 0.03617099999999995
0 0.5184660000000001 0.694681 0.03977200000000003 0.027660000000000018
0 0.5170455 0.55 0.028409000000000018 0.02340399999999998
0 0.5362215 0.8106385 0.02698899999999993 0.04255299999999995
0 0.537642 0.469149 0.018465999999999982 0.027660000000000018
0 0.546875 0.7319150000000001 0.02272800000000008 0.03404200000000002
0 0.567472 0.456383 0.04403400000000002 0.02340399999999998
0 0.6278410000000001 0.2787235 0.07102200000000003 0.05957499999999999
0 0.794744 0.368085 0.3252839999999999 0.22553199999999995
0 0.6683239999999999 0.210638 0.06960200000000005 0.038298
0 0.7301135000000001 0.585106 0.022727000000000053 0.012766000000000055
0 0.8401989999999999 0.731915 0.024147999999999947 0.03829799999999994
0 0.9723014999999999 0.081915 0.052557000000000076 0.07872399999999999
0 0.962358 0.6404255 0.029829999999999912 0.029787000000000008
0 0.982955 0.7170215 0.03125 0.05531900000000001
