0 0.2745835 0.7484375000000001 0.220833 0.16812499999999997
0 0.0458335 0.60875 0.091667 0.06125000000000003
0 0.0979165 0.765 0.195833 0.125
0 0.1566665 0.8812500000000001 0.161667 0.07999999999999996
0 0.1654165 0.6403125000000001 0.110833 0.073125
0 0.166667 0.56 0.105 0.04625000000000001
0 0.3020835 0.5196875 0.11083299999999999 0.05437500000000001
0 0.4341665 0.2890625 0.2616669999999999 0.14687499999999998
0 0.385 0.7828125 0.15500000000000003 0.08562500000000006
0 0.70875 0.926875 0.355834 0.14500000000000002
0 0.6825 0.77 0.22999999999999998 0.09750000000000003
0 0.6620835 0.671875 0.12583299999999997 0.08499999999999996
0 0.8125 0.7112499999999999 0.14333400000000007 0.05500000000000005
0 0.8541665 0.925625 0.13666699999999998 0.050000000000000044
0 0.9233335 0.415625 0.151667 0.044999999999999984
0 0.9333335 0.3659375 0.093333 0.04812500000000003
0 0.965 0.7828125 0.061666 0.05437500000000006
