0 0.0528125 0.0776105 0.105625 0.14581300000000003
0 0.1375 0.06397 0.0875 0.08466599999999999
0 0.2084375 0.527281 0.11937500000000001 0.12323599999999996
0 0.2565625 0.202258 0.13062500000000002 0.148636
0 0.3078125 0.47695200000000004 0.13312500000000002 0.17685800000000002
0 0.2890625 0.1749765 0.078125 0.09783700000000001
0 0.4 0.6147695 0.13625000000000004 0.11006499999999997
0 0.44937499999999997 0.3485415 0.09125 0.11382899999999996
0 0.5221875 0.8000940000000001 0.13187500000000002 0.12511799999999995
0 0.520625 0.3762935 0.10250000000000004 0.08842899999999998
0 0.5359375 0.596425 0.11562499999999998 0.161806
0 0.605 0.891345 0.06874999999999998 0.06114800000000009
0 0.676875 0.8555969999999999 0.08499999999999996 0.1872060000000001
0 0.855 0.9125115 0.13874999999999993 0.173095
