0 0.453125 0.4231775 0.08984400000000003 0.140625
0 0.0131835 0.1015625 0.026367 0.03906299999999999
0 0.0415035 0.389323 0.022461000000000002 0.03125
0 0.0732425 0.36002599999999996 0.04296900000000001 0.03515600000000002
0 0.088867 0.277344 0.041016 0.03125
0 0.090332 0.372396 0.038085999999999995 0.02604200000000001
0 0.128418 0.388672 0.028320000000000012 0.02994800000000003
0 0.145508 0.3326825 0.054688 0.040364999999999984
0 0.17041 0.841797 0.061523999999999995 0.053385999999999934
0 0.19140649999999998 0.265625 0.06054699999999999 0.03645799999999999
0 0.24462899999999999 0.7721355000000001 0.06542999999999999 0.03906299999999996
0 0.241699 0.972005 0.045897999999999994 0.053385999999999934
0 0.2421875 0.0846355 0.015625 0.039063
0 0.2788085 0.746745 0.057616999999999974 0.035155999999999965
0 0.280273 0.8235675 0.04492200000000002 0.042969000000000035
0 0.281738 0.318359 0.047852000000000006 0.058594000000000035
0 0.2973635 0.686198 0.04003900000000005 0.03125
0 0.305664 0.2473955 0.037109999999999976 0.04166699999999998
0 0.36279300000000003 0.6191405 0.034180000000000044 0.055989000000000066
0 0.377441 0.26497400000000004 0.03808600000000001 0.03515600000000002
0 0.37109349999999997 0.041015499999999996 0.023436999999999986 0.045573
0 0.404785 0.1295575 0.04394600000000004 0.04036500000000001
0 0.427246 0.6777340000000001 0.03808600000000001 0.032552000000000025
0 0.42578099999999997 0.2753905 0.017578000000000038 0.04296899999999998
0 0.443848 0.8789065 0.03417999999999999 0.04947899999999994
0 0.46582049999999997 0.7005205 0.05273500000000003 0.04427099999999995
0 0.4750975 0.2740885 0.04394500000000001 0.035156999999999994
0 0.50293 0.6074219999999999 0.07617200000000007 0.082032
0 0.5278320000000001 0.832682 0.03808599999999995 0.035155999999999965
0 0.567383 0.7200525 0.09960999999999998 0.04427099999999995
0 0.5366215 0.14257799999999998 0.02636700000000003 0.027344000000000007
0 0.621094 0.782552 0.08984400000000003 0.05208400000000002
0 0.5893554999999999 0.139974 0.016600999999999977 0.029948000000000002
0 0.6191405 0.5123694999999999 0.07226500000000002 0.045572999999999975
0 0.6557615 0.4602865 0.06738299999999997 0.07161499999999998
0 0.675293 0.2076825 0.07519600000000004 0.045573
0 0.685547 0.5735675 0.07031199999999993 0.055989000000000066
0 0.682129 0.0279945 0.03222599999999998 0.040365
0 0.6904295 0.08268249999999999 0.029297000000000017 0.04296899999999999
0 0.7153320000000001 0.682292 0.06738199999999994 0.0625
0 0.7109375 0.7486980000000001 0.050780999999999965 0.07031200000000004
0 0.7114255 0.6256515 0.04980499999999999 0.045572999999999975
0 0.7221679999999999 0.7630205 0.05566400000000005 0.04947900000000005
0 0.7216800000000001 0.9615885 0.04882799999999998 0.040364999999999984
0 0.7578125 0.0696615 0.021484999999999976 0.048177
0 0.7832034999999999 0.8450525 0.06054700000000002 0.08072900000000005
0 0.78418 0.7233075 0.0625 0.07161499999999998
0 0.7988284999999999 0.921224 0.06054700000000002 0.029947999999999975
0 0.820801 0.764974 0.09472600000000009 0.053386000000000045
0 0.824219 0.984375 0.021483999999999948 0.02864599999999995
0 0.8486324999999999 0.5084635 0.06054700000000002 0.050781000000000076
0 0.886719 0.233073 0.021483999999999948 0.065104
0 0.92041 0.2167965 0.04199199999999992 0.04296899999999998
0 0.9702145 0.5188805 0.05761700000000003 0.04557300000000003
0 0.9814455 0.048177000000000005 0.021484999999999976 0.036458000000000004
