0 0.4075 0.7103125 0.08500000000000002 0.08562500000000006
0 0.1904165 0.09625 0.24583299999999997 0.1925
0 0.5204165 0.8634375000000001 0.824167 0.271875
0 0.5333335 0.31375 0.5716669999999999 0.18749999999999997
0 0.2870835 0.190625 0.02083299999999999 0.02375000000000002
0 0.32583300000000004 0.204375 0.02999999999999997 0.017500000000000016
0 0.3404165 0.1925 0.05916699999999997 0.020000000000000018
0 0.33125 0.18562499999999998 0.02749999999999997 0.01999999999999999
0 0.339167 0.1090625 0.025000000000000022 0.04437500000000001
0 0.34750000000000003 0.075625 0.03166600000000003 0.018750000000000003
0 0.3691665 0.150625 0.06166700000000003 0.05000000000000002
0 0.36666699999999997 0.0696875 0.02999999999999997 0.020625000000000004
0 0.3783335 0.029375 0.04333300000000001 0.01875
0 0.3883335 0.06875 0.04166700000000001 0.028750000000000005
0 0.439583 0.180625 0.09750000000000003 0.023749999999999993
0 0.4270835 0.1515625 0.06416699999999997 0.016875
0 0.4329165 0.20124999999999998 0.015832999999999986 0.013750000000000012
0 0.435 0.18375 0.020000000000000018 0.023749999999999993
0 0.444167 0.066875 0.02999999999999997 0.036250000000000004
0 0.4670835 0.5921875 0.034167 0.034375000000000044
0 0.47833349999999997 0.1353125 0.04333300000000001 0.094375
0 0.47625 0.0815625 0.015834000000000015 0.016875
0 0.505417 0.6921875 0.05249999999999999 0.02937500000000004
0 0.504583 0.0440625 0.017500000000000016 0.030624999999999996
0 0.520417 0.164375 0.03249999999999997 0.028749999999999998
0 0.55 0.18125 0.03166600000000008 0.01874999999999999
0 0.5875 0.2078125 0.030000000000000027 0.016875
0 0.5954165 0.7084375 0.04583300000000001 0.03437499999999993
0 0.819167 0.58875 0.36 0.32125000000000004
0 0.6912499999999999 0.7059375 0.03583400000000003 0.03562500000000002
0 0.712083 0.07875 0.022499999999999964 0.01874999999999999
0 0.7254164999999999 0.723125 0.04083300000000001 0.018750000000000044
0 0.7404165 0.5562499999999999 0.03916700000000006 0.03749999999999998
0 0.7733335 0.606875 0.036667000000000005 0.04250000000000009
0 0.84375 0.7109375 0.05916600000000005 0.0631250000000001
0 0.9329164999999999 0.95375 0.09083300000000005 0.03249999999999997
0 0.9683335 0.8075 0.06166700000000003 0.03374999999999995
0 0.972917 0.98875 0.05249999999999999 0.02124999999999999
0 0.9795834999999999 0.8415625 0.03916700000000006 0.04812499999999997
0 0.982917 0.7562500000000001 0.03249999999999997 0.01749999999999996
