0 0.295625 0.3821875 0.59125 0.23562499999999997
0 0.18375000000000002 0.36312500000000003 0.27125 0.57375
0 0.1665625 0.745 0.216875 0.1725000000000001
0 0.2178125 0.6212500000000001 0.23062500000000002 0.3075
0 0.23062500000000002 0.38531249999999995 0.12625 0.33812499999999995
0 0.31625000000000003 0.8484375 0.28375 0.16437500000000005
0 0.336875 0.646875 0.19125 0.465
0 0.42874999999999996 0.1734375 0.3725 0.235625
0 0.4109375 0.660625 0.23687500000000006 0.5125
0 0.57 0.4 0.5075000000000001 0.18624999999999997
0 0.5321875 0.19 0.374375 0.1725
0 0.635625 0.8653124999999999 0.49249999999999994 0.22187499999999993
0 0.69875 0.5725 0.48500000000000004 0.16875
0 0.6125 0.7621875 0.24375000000000002 0.22062500000000007
0 0.7440625 0.45375 0.453125 0.14375
0 0.75 0.765625 0.42999999999999994 0.24124999999999996
0 0.7415624999999999 0.3 0.365625 0.2225
0 0.7637499999999999 0.6665625 0.4 0.25812500000000005
0 0.80375 0.236875 0.24749999999999994 0.26
