0 0.03125 0.20821649999999997 0.0625 0.13818899999999998
0 0.1171875 0.029412 0.12437500000000001 0.058824
0 0.19593750000000001 0.14145649999999999 0.174375 0.172735
0 0.4040625 0.4953315 0.48187500000000005 0.663865
0 0.2303125 0.029412 0.11562500000000003 0.058824
0 0.3425 0.1316525 0.15499999999999997 0.233427
0 0.343125 0.032213 0.11499999999999999 0.064426
0 0.4640625 0.0275445 0.12687499999999996 0.055089
0 0.5640624999999999 0.032213 0.06312499999999999 0.064426
0 0.60625 0.118581 0.14750000000000008 0.237162
0 0.703125 0.0312795 0.1200000000000001 0.055089
0 0.755625 0.1447245 0.13874999999999993 0.15686299999999997
0 0.885 0.1157795 0.15375000000000005 0.231559
