0 0.11031250000000001 0.032364 0.085625 0.062852
0 0.10343749999999999 0.7077865000000001 0.033125 0.032833
0 0.1340625 0.24202649999999998 0.020625000000000004 0.028143
0 0.155625 0.3015945 0.009999999999999981 0.032833
0 0.198125 0.053471 0.08499999999999999 0.060037999999999994
0 0.17562499999999998 0.4535645 0.03 0.030957000000000012
0 0.1896875 0.25562850000000004 0.031875000000000014 0.036585000000000034
0 0.19718750000000002 0.4282365 0.024375000000000008 0.04033700000000001
0 0.2084375 0.4713885 0.023125000000000007 0.03470899999999999
0 0.2275 0.416979 0.028749999999999998 0.042213999999999974
0 0.23781249999999998 0.517355 0.030624999999999986 0.042213999999999974
0 0.24875 0.1355535 0.034999999999999976 0.042213
0 0.2946875 0.9061915 0.09312499999999999 0.071295
0 0.2703125 0.348499 0.026874999999999982 0.038461999999999996
0 0.28500000000000003 0.060975999999999995 0.05375000000000002 0.06379
0 0.2690625 0.45262650000000004 0.019374999999999976 0.05347099999999999
0 0.29093749999999996 0.8503755 0.029374999999999984 0.029081000000000023
0 0.334375 0.430113 0.10874999999999996 0.06472800000000001
0 0.2875 0.3208255 0.0050000000000000044 0.024390999999999996
0 0.31875 0.042214 0.05375000000000002 0.071294
0 0.361875 0.19559100000000001 0.10499999999999998 0.10600400000000001
0 0.3484375 0.3297375 0.014375000000000027 0.030957000000000012
0 0.4 0.13227049999999999 0.10874999999999996 0.097561
0 0.3715625 0.7490615 0.03687499999999999 0.03470899999999999
0 0.37875000000000003 0.077392 0.048750000000000016 0.042214
0 0.378125 0.3316135 0.03249999999999997 0.030957000000000012
0 0.3840625 0.27345200000000003 0.025624999999999953 0.02720399999999995
0 0.4390625 0.045028 0.07937500000000003 0.06941800000000001
0 0.4325 0.248593 0.03125 0.022514000000000034
0 0.45125000000000004 0.27251400000000003 0.06 0.03470999999999996
0 0.5215625 0.758912 0.13937500000000003 0.06941799999999998
0 0.46781249999999996 0.1815195 0.026875000000000038 0.029081000000000023
0 0.5146875 0.1913695 0.06687499999999996 0.08255099999999999
0 0.51 0.4957785 0.034999999999999976 0.03846100000000002
0 0.5246875 0.8109755000000001 0.06187500000000001 0.040336999999999956
0 0.5349999999999999 0.24296399999999999 0.07999999999999996 0.08630399999999999
0 0.5640625 0.0178235 0.08062499999999995 0.035647
0 0.6759375000000001 0.4057225 0.08437499999999998 0.09662300000000001
0 0.6984375 0.590994 0.11687499999999995 0.06754199999999999
0 0.6984375 0.34380849999999996 0.114375 0.11538500000000002
0 0.7259375 0.4929645 0.028124999999999956 0.02720499999999998
0 0.7271875000000001 0.5595684999999999 0.020625000000000004 0.029081000000000023
0 0.7471875 0.4985925 0.016874999999999973 0.034709000000000045
0 0.766875 0.6655725 0.043749999999999956 0.05159500000000006
0 0.8578125 0.528143 0.19437499999999996 0.131332
0 0.7815624999999999 0.47373350000000003 0.026875000000000093 0.03377100000000005
0 0.8206249999999999 0.456379 0.012500000000000067 0.03095600000000004
0 0.89 0.446998 0.01750000000000007 0.027204000000000006
0 0.943125 0.82833 0.08374999999999999 0.06941799999999998
0 0.9746874999999999 0.3424015 0.04937500000000006 0.07504700000000003
0 0.9809375 0.4985925 0.010624999999999996 0.030956999999999957
