0 0.2884375 0.7317075 0.353125 0.337711
0 0.19625 0.40056250000000004 0.19875000000000004 0.22889300000000007
0 0.1978125 0.5173544999999999 0.17312499999999997 0.13227099999999997
0 0.26 0.288931 0.095 0.08630400000000002
0 0.389375 0.53424 0.11000000000000004 0.11163200000000001
0 0.5021875 0.3541275 0.06937499999999996 0.21294500000000002
0 0.586875 0.44418349999999995 0.09999999999999998 0.12101299999999998
0 0.7115625 0.566604 0.13187499999999996 0.131332
0 0.7165625 0.8100375 0.114375 0.098499
0 0.724375 0.8503755 0.10624999999999996 0.136023
0 0.810625 0.45591 0.10499999999999998 0.25515999999999994
0 0.8206249999999999 0.3550655 0.11124999999999996 0.10037499999999999
0 0.8274999999999999 0.7645405000000001 0.10999999999999999 0.18386500000000006
0 0.8178125 0.0487805 0.0681250000000001 0.097561
0 0.8834375000000001 0.383677 0.073125 0.065666
0 0.9703125 0.4057225 0.05812499999999998 0.10225099999999998
