0 0.013125 0.2825 0.02625 0.05499999999999999
0 0.07500000000000001 0.0725 0.115 0.145
0 0.071875 0.5625 0.04375 0.03833400000000009
0 0.10750000000000001 0.9483330000000001 0.05500000000000001 0.09999999999999998
0 0.38375 0.4016665 0.5499999999999999 0.36666699999999997
0 0.139375 0.8866665 0.02124999999999999 0.06333299999999997
0 0.17625000000000002 0.5800000000000001 0.04250000000000001 0.046665999999999985
0 0.181875 0.6375 0.046249999999999986 0.05166599999999999
0 0.183125 0.22083350000000002 0.03375 0.058332999999999996
0 0.31625000000000003 0.125 0.044999999999999984 0.02666600000000001
0 0.339375 0.98 0.028749999999999998 0.036665999999999976
0 0.35187500000000005 0.6 0.028749999999999998 0.040000000000000036
0 0.381875 0.739167 0.08374999999999999 0.05499999999999994
0 0.421875 0.6583335 0.08625000000000005 0.06666700000000003
0 0.415625 0.915 0.07124999999999998 0.08999999999999997
0 0.42937499999999995 0.978333 0.09125 0.040000000000000036
0 0.460625 0.5908335 0.04874999999999996 0.03833299999999995
0 0.5449999999999999 0.881667 0.14249999999999996 0.13
0 0.546875 0.12000000000000001 0.0462499999999999 0.22
0 0.6056250000000001 0.628333 0.02375000000000005 0.05999999999999994
0 0.620625 0.684167 0.04625000000000001 0.06500000000000006
0 0.6675 0.8941669999999999 0.07499999999999996 0.07500000000000007
