0 0.5083335 0.31562500000000004 0.33333300000000005 0.08000000000000002
0 0.1125 0.043125000000000004 0.155 0.051250000000000004
0 0.2754165 0.5653125 0.47583300000000006 0.09062499999999996
0 0.10916699999999999 0.1175 0.13 0.05625000000000001
0 0.1833335 0.47968750000000004 0.278333 0.06687500000000007
0 0.20916700000000002 0.29093749999999996 0.325 0.044375
0 0.149167 0.213125 0.2 0.046249999999999986
0 0.21875 0.3796875 0.33916599999999997 0.109375
0 0.16083350000000002 0.7659374999999999 0.21833300000000003 0.14312500000000006
0 0.17083299999999998 0.640625 0.185 0.0462499999999999
0 0.2779165 0.16031250000000002 0.165833 0.043125
0 0.27249999999999996 0.1 0.136666 0.03749999999999999
0 0.2825 0.0409375 0.14333400000000002 0.035625
0 0.40666650000000004 0.878125 0.268333 0.06999999999999995
0 0.391667 0.8025 0.22500000000000003 0.07000000000000006
0 0.360833 0.720625 0.15000000000000002 0.04249999999999998
0 0.3804165 0.22875 0.17916699999999997 0.03875000000000001
0 0.41458300000000003 0.6446875000000001 0.19750000000000006 0.06437499999999996
0 0.495417 0.4125 0.23750000000000004 0.065
0 0.49458349999999995 0.48843749999999997 0.220833 0.05312500000000003
0 0.484167 0.173125 0.15999999999999998 0.04125000000000001
0 0.57625 0.6978125 0.17083399999999999 0.0681250000000001
0 0.584167 0.764375 0.1499999999999999 0.03749999999999998
0 0.6254165 0.5846875 0.214167 0.109375
0 0.73125 0.8206249999999999 0.399166 0.07124999999999992
0 0.7595835 0.19625 0.35083300000000006 0.04999999999999999
0 0.7070835 0.1246875 0.145833 0.03937500000000001
0 0.6958329999999999 0.0478125 0.10999999999999999 0.025624999999999995
0 0.785833 0.42374999999999996 0.28 0.07
0 0.7004165 0.070625 0.10083299999999995 0.0175
0 0.7925 0.26625 0.28500000000000003 0.06374999999999997
0 0.7925 0.5121875 0.26666600000000007 0.06312499999999993
0 0.8049999999999999 0.34562499999999996 0.24166600000000005 0.06124999999999997
0 0.8008335 0.7609375 0.19166700000000003 0.030625000000000013
0 0.8016665000000001 0.699375 0.1933330000000001 0.05125000000000002
0 0.8391664999999999 0.591875 0.17333300000000007 0.06125000000000003
0 0.85875 0.059375 0.134166 0.056249999999999994
0 0.8733335 0.12125 0.11833300000000002 0.04625
