0 0.8556250000000001 0.6297855 0.13875000000000004 0.23249300000000006
0 0.1284375 0.30859 0.08062500000000002 0.211952
0 0.2859375 0.3846875 0.234375 0.14192300000000002
0 0.208125 0.9089635 0.057499999999999996 0.18020500000000006
0 0.315625 0.1988795 0.13 0.13818899999999998
0 0.3959375 0.5242765 0.176875 0.13725499999999996
0 0.4225 0.7721755 0.16874999999999996 0.23529500000000003
0 0.41812499999999997 0.8417365 0.08375000000000005 0.0924370000000001
0 0.49687499999999996 0.4169 0.16375 0.12231599999999998
0 0.520625 0.3338 0.16999999999999998 0.11297800000000002
0 0.5346875 0.8151265000000001 0.18062499999999998 0.149393
0 0.514375 0.509804 0.10874999999999996 0.056022000000000016
0 0.5615625 0.536415 0.188125 0.19701199999999996
0 0.6225 0.769841 0.11750000000000005 0.19701199999999996
0 0.6340625 0.678338 0.130625 0.20821599999999996
0 0.9371875000000001 0.9379085 0.12437500000000001 0.12231500000000006
