0 0.21999999999999997 0.653377 0.0925 0.04784199999999994
0 0.2603125 0.3569415 0.08937499999999998 0.051595
0 0.2821875 0.491557 0.041874999999999996 0.09005599999999997
0 0.290625 0.434334 0.02250000000000002 0.07316999999999996
0 0.33218749999999997 0.4742025 0.09312499999999996 0.032833
0 0.3390625 0.43621 0.07437499999999997 0.028142
0 0.3403125 0.4404315 0.07687499999999997 0.034709000000000045
0 0.3134375 0.524859 0.020625000000000004 0.06097600000000003
0 0.34625 0.47607900000000003 0.08625000000000005 0.04409000000000002
0 0.3428125 0.4104125 0.073125 0.030957000000000012
0 0.3515625 0.5450280000000001 0.02937500000000004 0.093808
0 0.3834375 0.432927 0.06312499999999999 0.038461999999999996
0 0.3725 0.5290805000000001 0.036250000000000004 0.07692299999999996
0 0.3871875 0.512664 0.03187499999999999 0.040337999999999985
0 0.3959375 0.47467149999999997 0.02312499999999995 0.07317099999999999
0 0.421875 0.42964349999999996 0.028750000000000053 0.07692300000000002
0 0.4253125 0.4943715 0.030625000000000013 0.06566700000000003
0 0.474375 0.7987805 0.09875000000000006 0.04033700000000007
0 0.48 0.7804875 0.10499999999999998 0.030019000000000018
0 0.5371875 0.22889349999999997 0.21312500000000006 0.09756099999999998
0 0.5071875 0.865385 0.10812500000000003 0.042213999999999974
0 0.559375 0.25 0.20874999999999994 0.10225200000000001
0 0.5015624999999999 0.336773 0.07437499999999997 0.06003799999999998
0 0.49624999999999997 0.7091935 0.04999999999999999 0.09568500000000002
0 0.5859375 0.25985 0.18937500000000002 0.09380800000000003
0 0.5225 0.7120075 0.05124999999999996 0.08255100000000004
0 0.6103125 0.485929 0.19437499999999996 0.17635999999999996
0 0.5387500000000001 0.7551595 0.04999999999999993 0.07692300000000007
0 0.5634375 0.8189495 0.07937499999999997 0.07692300000000007
0 0.5787500000000001 0.7908065 0.10999999999999999 0.07504699999999997
0 0.574375 0.8672610000000001 0.0625 0.12664200000000003
0 0.5634375 0.696998 0.028125000000000067 0.1013139999999999
0 0.5759375 0.7138834999999999 0.02187500000000009 0.071295
0 0.6046875 0.7518765000000001 0.07687499999999992 0.053470999999999935
0 0.6671875 0.359756 0.193125 0.10225200000000001
0 0.606875 0.696998 0.04375000000000007 0.09005599999999991
0 0.6153124999999999 0.8658535 0.03187499999999999 0.136961
0 0.6340625 0.5816135 0.021874999999999978 0.05065699999999995
0 0.6440625 0.709662 0.02562500000000001 0.10787999999999998
0 0.7050000000000001 0.425891 0.06625000000000003 0.02626600000000001
0 0.8153125 0.3058165 0.18437499999999996 0.09568500000000002
0 0.7518750000000001 0.401032 0.039999999999999925 0.027204000000000006
0 0.8496874999999999 0.2645405 0.030625000000000013 0.04878099999999999
0 0.883125 0.2692305 0.04125000000000001 0.05816099999999999
