0 0.768125 0.563321 0.16125 0.17354599999999992
0 0.398125 0.381801 0.2025 0.13508399999999998
0 0.385625 0.584897 0.15875 0.179174
0 0.385 0.7617259999999999 0.15249999999999997 0.10131400000000002
0 0.396875 0.084428 0.13874999999999998 0.168856
0 0.445 0.770169 0.10875000000000001 0.14634199999999997
0 0.5965625 0.3137895 0.02562500000000001 0.055347000000000035
0 0.6009375 0.641651 0.023125000000000062 0.09943800000000003
0 0.6328125 0.0581615 0.02562500000000001 0.116323
0 0.6443749999999999 0.663227 0.04874999999999996 0.15572199999999992
