0 0.511875 0.254939 0.09249999999999997 0.15804400000000002
0 0.5640625 0.297272 0.17562499999999998 0.35936
0 0.650625 0.18156150000000001 0.15125 0.359361
0 0.6740625 0.7135465000000001 0.14437499999999992 0.11571100000000001
0 0.713125 0.7295389999999999 0.16625 0.34713000000000005
0 0.7949999999999999 0.37817500000000004 0.24375000000000002 0.23142000000000001
0 0.7253125 0.5903105 0.041874999999999996 0.21166499999999994
0 0.8015625 0.8151459999999999 0.09187500000000004 0.12135400000000007
0 0.855625 0.043744 0.15625 0.087488
0 0.8953125 0.0428035 0.208125 0.085607
0 0.8290625 0.9209785 0.046875 0.09031100000000003
0 0.8753124999999999 0.18156150000000001 0.09312500000000001 0.242709
0 0.934375 0.6081845 0.13 0.2699909999999999
0 0.963125 0.21825050000000001 0.07250000000000001 0.316087
