0 0.49593750000000003 0.736935 0.14937500000000004 0.15589000000000008
0 0.0996875 0.18910549999999998 0.06687499999999999 0.105403
0 0.6243749999999999 0.25775 0.015000000000000013 0.062001999999999974
0 0.684375 0.265279 0.03874999999999995 0.054029999999999995
0 0.69625 0.0420725 0.053749999999999964 0.043400999999999995
0 0.7068749999999999 0.31753750000000003 0.0675 0.03985900000000003
0 0.7115625 0.0093005 0.023125000000000062 0.018601
0 0.8209375000000001 0.330824 0.073125 0.039858000000000005
0 0.8015625 0.2599645 0.026874999999999982 0.08768899999999999
0 0.85625 0.398583 0.04625000000000001 0.08857399999999999
0 0.925 0.3857395 0.05249999999999999 0.10008899999999998
