0 0.645 0.5595829999999999 0.5825 0.3625
0 0.2603125 0.398333 0.016874999999999973 0.020000000000000018
0 0.29718750000000005 0.4 0.02812500000000001 0.016666000000000014
0 0.3353125 0.3795835 0.026874999999999982 0.02083299999999999
0 0.348125 0.47750000000000004 0.00874999999999998 0.016666000000000014
0 0.3890625 0.4254165 0.015625 0.025832999999999995
0 0.4134375 0.71375 0.044375 0.03416599999999992
0 0.4128125 0.43625 0.014374999999999971 0.017500000000000016
0 0.4225 0.41541700000000004 0.02124999999999999 0.017500000000000016
0 0.5678125 0.39875 0.020625000000000004 0.01749999999999996
0 0.5834375 0.35125 0.013124999999999942 0.022499999999999964
0 0.6259375 0.3825 0.018125000000000058 0.015000000000000013
0 0.7528125 0.30125 0.018124999999999947 0.015834000000000015
0 0.7809375000000001 0.11875 0.018125000000000058 0.019166000000000002
0 0.8209375 0.12291650000000001 0.023125000000000062 0.024167000000000008
0 0.8740625 0.44666649999999997 0.016874999999999973 0.016667000000000043
0 0.90375 0.33499999999999996 0.03125 0.016666000000000014
0 0.8996875 0.26 0.020625000000000004 0.018334000000000017
0 0.9496875 0.445833 0.020625000000000004 0.015000000000000013
0 0.9809375 0.1925 0.021874999999999978 0.018334000000000017
0 0.9809375 0.4216665 0.014375000000000027 0.018333000000000044
