0 0.9134375 0.186035 0.109375 0.125382
0 0.1546875 0.211009 0.089375 0.067278
0 0.2009375 0.310907 0.08937500000000001 0.07135599999999998
0 0.19968750000000002 0.1335375 0.028124999999999983 0.020387000000000002
0 0.265 0.206422 0.05875 0.037716
0 0.2784375 0.328746 0.06062500000000001 0.05198799999999998
0 0.275625 0.12181449999999999 0.04999999999999999 0.035677
0 0.30062500000000003 0.24311899999999997 0.05124999999999996 0.04790999999999998
0 0.3015625 0.165647 0.041874999999999996 0.04790999999999998
0 0.30281250000000004 0.206422 0.02437499999999998 0.025484000000000007
0 0.325 0.122834 0.04625000000000001 0.04587200000000001
0 0.348125 0.286952 0.06124999999999997 0.06829800000000003
0 0.41812499999999997 0.1880735 0.034999999999999976 0.029561000000000004
0 0.4759375 0.3414885 0.06812499999999999 0.08154900000000004
0 0.474375 0.0637105 0.03749999999999998 0.03567699999999999
0 0.510625 0.23394500000000001 0.10624999999999996 0.11315
0 0.49125 0.5662590000000001 0.04500000000000004 0.05402600000000002
0 0.5396875 0.6462794999999999 0.07062499999999994 0.08562700000000001
0 0.6053125 0.281855 0.014375000000000027 0.041794
0 0.64625 0.427115 0.0625 0.048929999999999974
0 0.6571875 0.3486235 0.06937499999999996 0.06320100000000001
0 0.7109375 0.313456 0.03562500000000002 0.041794
0 0.7165625 0.372579 0.03687499999999999 0.03567799999999999
0 0.75375 0.327727 0.040000000000000036 0.041794
0 0.7725 0.409276 0.04375000000000007 0.04179400000000005
0 0.78375 0.4480125 0.061249999999999916 0.04383300000000001
0 0.8634375 0.1493375 0.06687500000000002 0.027522999999999992
0 0.858125 0.414373 0.036250000000000004 0.03567799999999999
0 0.8909374999999999 0.3246685 0.03187499999999999 0.03975500000000004
0 0.946875 0.24311950000000002 0.10499999999999998 0.07237500000000002
0 0.9550000000000001 0.0830785 0.08875 0.04994899999999999
