0 0.022694 0.815987 0.029282000000000002 0.031116000000000033
0 0.020132 0.7671675 0.019766 0.019312999999999914
0 0.0801615 0.5675965000000001 0.032943 0.03004299999999993
0 0.125915 0.4973175 0.021961999999999995 0.04184500000000002
0 0.145681 0.6153435 0.017570000000000002 0.01394899999999999
0 0.22877 0.6255364999999999 0.024158000000000013 0.06437700000000002
0 0.29465600000000003 0.3953865 0.03587199999999996 0.04828300000000002
0 0.36054149999999996 0.9527895 0.03147899999999998 0.021459000000000006
0 0.377379 0.6577255 0.018301999999999985 0.07510700000000003
0 0.3887265 0.775751 0.030747000000000024 0.047209999999999974
0 0.45900399999999997 0.6169530000000001 0.04538800000000004 0.05793999999999999
0 0.45424600000000004 0.5692060000000001 0.02855000000000002 0.033262000000000014
0 0.567716 0.7564375 0.04611999999999994 0.07296100000000005
0 0.5819915 0.4983905 0.010248999999999953 0.043991
0 0.6273789999999999 0.7349785 0.024889999999999968 0.09012900000000001
0 0.6628845 0.7907725 0.03879900000000003 0.051503000000000076
0 0.6866765 0.5284335 0.03953099999999998 0.01609499999999997
0 0.704612 0.4715665 0.01683800000000002 0.020387000000000044
0 0.728404 0.911481 0.046852000000000005 0.08476400000000006
0 0.7558565 0.616953 0.01683699999999999 0.047209999999999974
0 0.781479 0.531652 0.04172799999999999 0.033262000000000014
0 0.7895315 0.41201750000000004 0.05051299999999992 0.03218899999999997
0 0.7767204999999999 0.7510725 0.008784999999999932 0.02789699999999995
0 0.7986825 0.6802575 0.014641000000000015 0.060085000000000055
0 0.829429 0.523605 0.03513999999999995 0.04506399999999999
0 0.8224745 0.065987 0.0183009999999999 0.022532000000000003
0 0.8792095 0.86588 0.03367500000000001 0.05150199999999994
