0 0.158125 0.49558 0.31625 0.376228
0 0.051875 0.20825149999999998 0.10375 0.16699499999999998
0 0.36375 0.344794 0.10249999999999998 0.247544
0 0.47250000000000003 0.7057955 0.315 0.360511
0 0.48531250000000004 0.460216 0.16187500000000005 0.456778
0 0.6340625 0.36001950000000005 0.12812500000000004 0.20530500000000002
0 0.705625 0.5785855 0.26874999999999993 0.235757
0 0.8390625 0.794204 0.32062500000000005 0.376228
0 0.8343750000000001 0.382613 0.29874999999999996 0.527504
0 0.8096875 0.027996 0.12312499999999993 0.055992
0 0.8975 0.314342 0.20375 0.24165000000000003
0 0.926875 0.0319255 0.14500000000000002 0.063851
