0 0.351875 0.10818449999999999 0.25625 0.191909
0 0.0128125 0.6505175000000001 0.025625 0.05550299999999997
0 0.18875 0.7723424999999999 0.17250000000000004 0.29539100000000007
0 0.2778125 0.76905 0.06437499999999999 0.06114799999999998
0 0.365 0.835842 0.11249999999999999 0.25682000000000005
0 0.418125 0.323142 0.19125000000000003 0.194732
0 0.5115624999999999 0.536689 0.021874999999999978 0.09501400000000004
0 0.7040625 0.9266225 0.334375 0.14487300000000003
0 0.696875 0.7328315 0.05125000000000002 0.07337700000000003
0 0.7012499999999999 0.7925685 0.05500000000000005 0.042332999999999954
0 0.69875 0.069144 0.03500000000000003 0.034808
0 0.7275 0.7779865 0.04625000000000001 0.07525899999999996
0 0.7203125 0.10207 0.024375000000000036 0.05362199999999999
0 0.771875 0.6011285 0.10125000000000006 0.08842899999999998
0 0.7709375 0.7864535 0.03562499999999991 0.06961499999999998
0 0.7759375 0.1999055 0.025624999999999898 0.04233299999999998
0 0.8084375 0.7808090000000001 0.028124999999999956 0.05832599999999999
0 0.8640625 0.425682 0.08562499999999995 0.13076200000000004
