0 0.014375 0.6083335 0.02875 0.046667000000000014
0 0.02 0.6808335000000001 0.04 0.05166700000000002
0 0.038125 0.2591665 0.07625 0.15166700000000002
0 0.1 0.510833 0.2 0.07499999999999996
0 0.090625 0.753333 0.16624999999999998 0.08999999999999997
0 0.206875 0.9558329999999999 0.33375000000000005 0.08500000000000008
0 0.11125 0.473333 0.10500000000000001 0.10000000000000003
0 0.110625 0.1866665 0.051250000000000004 0.266667
0 0.153125 0.6866665000000001 0.11624999999999999 0.053332999999999964
0 0.16812500000000002 0.5675 0.06375 0.0783339999999999
0 0.27125 0.7133335000000001 0.13 0.07333299999999998
0 0.2425 0.75 0.05500000000000002 0.056666000000000105
0 0.3275 0.9025000000000001 0.15500000000000003 0.058334
0 0.295625 0.6866665000000001 0.07624999999999998 0.053332999999999964
0 0.32375 0.4391665 0.10999999999999999 0.23166700000000007
0 0.3175 0.7941670000000001 0.05249999999999999 0.07500000000000007
0 0.34125 0.0883335 0.0675 0.176667
0 0.385 0.2566665 0.1325 0.173333
0 0.375 0.7083335 0.09250000000000003 0.0466669999999999
0 0.405625 0.45499999999999996 0.13874999999999998 0.04999999999999999
0 0.38687499999999997 0.7841670000000001 0.09125 0.1050000000000001
0 0.38625 0.6433329999999999 0.08250000000000002 0.039999999999999925
0 0.4125 0.42166650000000006 0.07749999999999996 0.226667
0 0.506875 0.7033335000000001 0.18125000000000002 0.166667
0 0.51625 0.52 0.16250000000000003 0.19333399999999995
0 0.534375 0.24083300000000002 0.16875 0.07499999999999998
0 0.534375 0.3241665 0.16374999999999995 0.06833300000000003
0 0.5406249999999999 0.880833 0.14125 0.04500000000000004
0 0.53125 0.5725 0.10000000000000003 0.09166600000000003
0 0.540625 0.6525 0.11874999999999997 0.08499999999999996
0 0.63375 0.7691669999999999 0.11750000000000005 0.05500000000000005
0 0.649375 0.6141665000000001 0.11375000000000002 0.11166700000000007
0 0.67125 0.6783334999999999 0.14500000000000002 0.093333
0 0.6599999999999999 0.7466665 0.0675 0.05666700000000002
0 0.743125 0.1433335 0.23125000000000007 0.286667
0 0.703125 0.496667 0.12375000000000003 0.14
0 0.688125 0.6983334999999999 0.06374999999999997 0.033332999999999946
0 0.7206250000000001 0.854167 0.09625000000000006 0.04499999999999993
0 0.763125 0.72 0.12374999999999992 0.09666600000000003
0 0.780625 0.3541665 0.13375000000000004 0.11166699999999996
0 0.7649999999999999 0.2966665 0.09999999999999998 0.07666700000000004
0 0.774375 0.951667 0.11124999999999996 0.06999999999999995
0 0.813125 0.5675 0.13624999999999998 0.11166600000000004
0 0.84625 0.475 0.16249999999999998 0.19999999999999996
0 0.86625 0.42083349999999997 0.16500000000000004 0.06166699999999997
0 0.8612500000000001 0.81 0.13750000000000007 0.14333399999999996
0 0.86125 0.3575 0.135 0.125
0 0.9181250000000001 0.224167 0.16125 0.14500000000000002
0 0.9099999999999999 0.47250000000000003 0.14 0.09500000000000003
0 0.926875 0.7033335000000001 0.14375000000000004 0.08333299999999999
0 0.9375 0.529167 0.12250000000000005 0.065
0 0.935 0.9724999999999999 0.07999999999999996 0.03833399999999998
0 0.95 0.6133335 0.09750000000000003 0.11333300000000002
0 0.964375 0.9483334999999999 0.06874999999999998 0.0466669999999999
0 0.974375 0.31666649999999996 0.04875000000000007 0.05666699999999997
0 0.978125 0.8841665000000001 0.04125000000000001 0.05166700000000002
