0 0.5384375 0.6605975 0.18062500000000004 0.148459
0 0.06125 0.5840339999999999 0.1175 0.120448
0 0.1021875 0.3011205 0.194375 0.18207299999999998
0 0.23875000000000002 0.5345475 0.25 0.19327700000000003
0 0.289375 0.120448 0.2125 0.240896
0 0.34 0.395892 0.19375 0.16433199999999998
0 0.32906250000000004 0.8608775 0.08937500000000004 0.14192300000000002
0 0.3275 0.6101775 0.05125000000000002 0.16153099999999998
0 0.4840625 0.43323999999999996 0.29937500000000006 0.17366999999999994
0 0.8362499999999999 0.7959849999999999 0.26375000000000004 0.20634999999999992
