0 0.7687999999999999 0.3565625 0.34720000000000006 0.10312500000000002
0 0.248 0.609375 0.4768 0.10749999999999993
0 0.2412 0.88625 0.4552 0.12124999999999997
0 0.1536 0.159375 0.2624 0.25
0 0.2476 0.7625 0.4376 0.13
0 0.2344 0.4584375 0.3984 0.156875
0 0.4164 0.28500000000000003 0.40240000000000004 0.13874999999999998
0 0.7156 0.145625 0.48560000000000003 0.22250000000000003
0 0.7208 0.9084375 0.4656 0.14187499999999997
0 0.7264 0.6375 0.464 0.16749999999999998
0 0.7188 0.771875 0.41359999999999997 0.07000000000000006
0 0.732 0.49 0.40959999999999996 0.08000000000000002
