0 0.009375 0.555085 0.01875 0.03860600000000003
0 0.028125 0.5014125 0.05625 0.04990499999999998
0 0.035625000000000004 0.465631 0.061250000000000006 0.032955999999999985
0 0.061875 0.4915255 0.06 0.04708100000000004
0 0.08499999999999999 0.479755 0.05 0.03860600000000003
0 0.3359375 0.5654425000000001 0.495625 0.19491500000000006
0 0.33218749999999997 0.6195855 0.106875 0.07721299999999998
0 0.4571875 0.49905849999999996 0.29937500000000006 0.08851300000000001
0 0.5725 0.5951035 0.42249999999999993 0.15630900000000003
0 0.56875 0.6963275 0.25875 0.10075299999999998
0 0.855625 0.655367 0.13624999999999998 0.05837999999999999
0 0.8671875 0.669962 0.11812500000000004 0.059321999999999986
0 0.910625 0.6770245 0.14625 0.06214699999999995
0 0.925 0.6883239999999999 0.14875000000000005 0.07721199999999995
