0 0.369531 0.345833 0.19531200000000004 0.13749999999999996
0 0.37890599999999997 0.5510415 0.19531199999999999 0.11458299999999999
0 0.3515625 0.43125 0.131251 0.08333399999999996
0 0.408594 0.21145799999999998 0.20156200000000002 0.11875
0 0.419531 0.44375 0.19843800000000006 0.12083400000000005
0 0.419531 0.801042 0.13906200000000002 0.13124999999999998
0 0.4945315 0.21875 0.19531300000000007 0.11666600000000002
0 0.48046900000000003 0.459375 0.154688 0.09375
0 0.5484375 0.5416665 0.19687499999999997 0.11666699999999997
0 0.580469 0.778125 0.24218800000000007 0.13124999999999998
0 0.5992190000000001 0.9072914999999999 0.21406200000000003 0.12291700000000005
0 0.638281 0.113542 0.22656199999999993 0.10625000000000001
0 0.683594 0.1947915 0.21406199999999997 0.135417
0 0.6890624999999999 0.44583300000000003 0.20937499999999998 0.08749999999999997
0 0.7054685 0.7510415 0.16718700000000009 0.09791700000000003
0 0.7492190000000001 0.34791649999999996 0.25156199999999995 0.154167
0 0.738281 0.6635420000000001 0.19218800000000003 0.11875000000000002
0 0.796875 0.459375 0.178126 0.17708399999999996
0 0.830469 0.8239585 0.21093800000000007 0.12708299999999995
0 0.809375 0.9447920000000001 0.13124999999999998 0.10625000000000007
0 0.901563 0.32708349999999997 0.1937500000000001 0.154167
0 0.90625 0.6625000000000001 0.1843760000000001 0.20416599999999996
0 0.9367190000000001 0.5197915 0.12343800000000005 0.127083
0 0.946875 0.880208 0.10312600000000005 0.09375
