0 0.0546875 0.024739499999999998 0.05729100000000001 0.015624999999999997
0 0.10850699999999999 0.0514325 0.043401999999999996 0.040365
0 0.163194 0.16276 0.0625 0.03125
0 0.19965300000000002 0.11523449999999999 0.065972 0.024738999999999997
0 0.201389 0.1673175 0.03125 0.019530999999999993
0 0.5720485 0.654297 0.5850690000000001 0.6888019999999999
0 0.309896 0.628906 0.03645799999999999 0.02604200000000001
0 0.32986150000000003 0.2591145 0.048611000000000015 0.018228999999999995
0 0.342882 0.2109375 0.053820000000000034 0.015625
0 0.3984375 0.0078125 0.05729099999999998 0.015625
0 0.4288195 0.159505 0.06944500000000003 0.03515599999999999
0 0.42795150000000004 0.2148435 0.050346999999999975 0.02083299999999999
0 0.500868 0.28580700000000003 0.03298599999999996 0.02994800000000003
0 0.5199655000000001 0.2115885 0.07118100000000005 0.014323000000000002
0 0.5729165 0.287109 0.04513899999999993 0.032552000000000025
0 0.654514 0.2395835 0.07291599999999998 0.02083299999999999
0 0.6744795 0.0110675 0.078125 0.022135
