0 0.0625 0.269271 0.056249999999999994 0.030208000000000013
0 0.07421849999999999 0.8255205 0.02187499999999999 0.028124999999999956
0 0.10546849999999999 0.905729 0.029687000000000005 0.04895800000000006
0 0.2066405 0.675 0.041407 0.02083400000000002
0 0.2808595 0.6546875000000001 0.04921900000000001 0.03229099999999996
0 0.28867149999999997 0.840625 0.036719 0.05416600000000005
0 0.322266 0.5583335 0.06484400000000001 0.027082999999999968
0 0.31210950000000004 0.5114585 0.025781 0.04791700000000004
0 0.354297 0.908854 0.05859399999999998 0.038541999999999965
0 0.35546900000000003 0.4989585 0.06093799999999999 0.04166700000000001
0 0.473047 0.6760415 0.08984400000000003 0.05833299999999997
0 0.5449219999999999 0.603125 0.028905999999999987 0.04166599999999998
0 0.6320315000000001 0.6796875 0.07031299999999996 0.028124999999999956
0 0.6355470000000001 0.973958 0.05546799999999996 0.050000000000000044
0 0.724219 0.4546875 0.05625000000000002 0.06770899999999996
0 0.774219 0.95 0.07499999999999996 0.018749999999999933
0 0.7535155 0.32499999999999996 0.028907000000000016 0.04375000000000001
0 0.7789065 0.8369795 0.06406300000000009 0.021874999999999978
0 0.7820315 0.890104 0.035937 0.038542000000000076
0 0.804297 0.5296875000000001 0.021094000000000057 0.019791000000000003
0 0.8257810000000001 0.468229 0.03749999999999998 0.017708
0 0.8664065000000001 0.4817705 0.05468700000000004 0.02812500000000001
0 0.8773435 0.45781249999999996 0.046875 0.02812500000000001
0 0.9058595 0.668229 0.025780999999999943 0.03645799999999999
0 0.923828 0.9697915 0.041406000000000054 0.05833299999999997
0 0.9882815 0.63125 0.021874999999999978 0.04166599999999998
