0 0.0804165 0.19343749999999998 0.064167 0.03437500000000002
0 0.1995835 0.2909375 0.13416699999999998 0.06687500000000002
0 0.40666650000000004 0.8003125 0.143333 0.07687500000000003
0 0.549167 0.3859375 0.10499999999999993 0.04062500000000002
0 0.65375 0.4540625 0.21083400000000008 0.078125
0 0.7416665 0.5975 0.15333299999999994 0.05125000000000002
0 0.7766664999999999 0.490625 0.21666700000000005 0.05249999999999999
0 0.9041669999999999 0.1853125 0.19000000000000006 0.076875
0 0.9666669999999999 0.49875 0.06500000000000006 0.09874999999999995
0 0.9745835 0.42093749999999996 0.04916700000000007 0.03937499999999999
