0 0.5497685 0.4562755 0.11959900000000001 0.10596700000000003
0 0.0246915 0.21553499999999998 0.049383 0.07510199999999997
0 0.0578705 0.45679000000000003 0.115741 0.12757200000000002
0 0.1709105 0.765432 0.113425 0.10288000000000008
0 0.2253085 0.3605965 0.09259299999999998 0.09773700000000002
0 0.2511575 0.2078185 0.11959899999999998 0.09053499999999998
0 0.368827 0.7031890000000001 0.141976 0.08950599999999997
0 0.3568675 0.18261349999999998 0.07175900000000002 0.105967
0 0.506173 0.752572 0.101852 0.11831199999999997
0 0.555941 0.0781895 0.12114199999999997 0.088477
0 0.575617 0.30864199999999997 0.11265399999999992 0.08024599999999998
0 0.615355 0.141975 0.11188200000000004 0.08641999999999998
0 0.8190585 0.6929015000000001 0.36033899999999996 0.22325099999999998
0 0.7422839999999999 0.22170800000000002 0.11574000000000007 0.09362200000000001
0 0.886188 0.0787035 0.093364 0.075103
0 0.9097225 0.2664605 0.07561700000000005 0.090535
