0 0.05875 0.221281 0.1175 0.158192
0 0.0703125 0.0433145 0.140625 0.086629
0 0.0703125 0.0856875 0.140625 0.08286300000000002
0 0.0859375 0.133239 0.16812500000000002 0.08568799999999999
0 0.1109375 0.41807900000000003 0.161875 0.17325800000000002
0 0.1178125 0.65113 0.168125 0.11205200000000004
0 0.0775 0.2542375 0.06375 0.058381000000000016
0 0.1334375 0.49858749999999996 0.168125 0.13465100000000002
0 0.146875 0.258004 0.15625 0.12429400000000002
0 0.1584375 0.1944445 0.128125 0.089453
0 0.181875 0.141243 0.1575 0.07533000000000001
0 0.183125 0.024953 0.15250000000000002 0.049906
0 0.176875 0.5254235 0.135 0.07721300000000003
0 0.1609375 0.062146999999999994 0.091875 0.065914
0 0.195625 0.6741995000000001 0.14125 0.09604500000000005
0 0.196875 0.658192 0.14375 0.1600760000000001
0 0.1896875 0.5833335 0.111875 0.04613900000000004
0 0.18125000000000002 0.368173 0.0925 0.12806
0 0.19375 0.37099800000000005 0.10125 0.129944
0 0.21531250000000002 0.774953 0.12187499999999998 0.135594
0 0.233125 0.9114875 0.15250000000000002 0.16195899999999996
0 0.221875 0.710923 0.10374999999999998 0.10357799999999995
0 0.249375 0.1148775 0.15125000000000002 0.08097900000000001
0 0.2628125 0.922787 0.173125 0.15254199999999996
0 0.2409375 0.0164785 0.106875 0.032957
0 0.2734375 0.3540485 0.171875 0.07156299999999999
0 0.25406249999999997 0.7777775 0.12687500000000002 0.14500899999999994
0 0.228125 0.39548000000000005 0.07 0.079096
0 0.2621875 0.088983 0.13562500000000002 0.132768
0 0.48624999999999996 0.6059319999999999 0.56125 0.643126
0 0.2775 0.792844 0.13625 0.16384200000000004
0 0.284375 0.183145 0.145 0.11205199999999998
0 0.3184375 0.012712 0.14062499999999997 0.025424
0 0.3190625 0.3455745 0.12437499999999996 0.15254299999999998
0 0.33375 0.911017 0.10999999999999999 0.11770199999999997
0 0.3446875 0.0998115 0.09312500000000001 0.06214700000000001
0 0.351875 0.26742 0.09499999999999997 0.06403
0 0.3734375 0.229755 0.12562500000000004 0.13936
0 0.375625 0.0386065 0.11375000000000002 0.077213
0 0.3665625 0.974576 0.09312500000000001 0.04896400000000001
0 0.3884375 0.1280605 0.13187499999999996 0.07156299999999999
0 0.38375000000000004 0.330979 0.09749999999999998 0.10452
0 0.3959375 0.9025425 0.09562499999999996 0.11205299999999996
0 0.4221875 0.9166665 0.145625 0.164783
0 0.41500000000000004 0.324859 0.09625 0.103578
0 0.4190625 0.0833335 0.078125 0.048022999999999996
0 0.4646875 0.2561205 0.135625 0.08851300000000001
0 0.451875 0.9623349999999999 0.10500000000000004 0.07344600000000001
0 0.458125 0.2113935 0.1175 0.091337
0 0.46749999999999997 0.0357815 0.10124999999999995 0.071563
0 0.4703125 0.150659 0.10687500000000005 0.058380000000000015
0 0.4928125 0.294727 0.12562500000000004 0.092278
0 0.4546875 0.11629 0.029374999999999984 0.03672399999999999
0 0.5221875 0.0659135 0.125625 0.065913
0 0.49125 0.09981200000000001 0.05625000000000002 0.05461400000000001
0 0.4959375 0.9764595 0.06312499999999999 0.04519700000000004
0 0.5393749999999999 0.8997175 0.11124999999999996 0.089453
0 0.5471874999999999 0.18455749999999999 0.083125 0.06403099999999998
0 0.5165625 0.2170435 0.01937500000000003 0.032957000000000014
0 0.56125 0.1304145 0.10875000000000001 0.05555499999999999
0 0.536875 0.2236345 0.03499999999999992 0.04237300000000002
0 0.5740624999999999 0.10781500000000001 0.08562499999999995 0.03484000000000001
0 0.5703125 0.2518835 0.07062499999999994 0.042372999999999966
0 0.6028125 0.269774 0.11562499999999998 0.06120600000000001
0 0.58375 0.967043 0.07125000000000004 0.06403000000000003
0 0.5709375 0.0743875 0.023125000000000062 0.032015
0 0.6003125 0.16996250000000002 0.07437499999999997 0.04237300000000002
0 0.6215625 0.230226 0.07062499999999994 0.02919000000000002
0 0.6440625 0.9143125 0.11562499999999998 0.07532899999999998
0 0.634375 0.195857 0.08374999999999999 0.08851199999999998
0 0.6440625 0.955273 0.08937499999999998 0.08757000000000004
0 0.661875 0.2584745 0.043749999999999956 0.03860700000000003
0 0.6925 0.240113 0.053749999999999964 0.054613999999999996
