0 0.18375000000000002 0.7008335000000001 0.06875 0.093333
0 0.2740625 0.6083335000000001 0.21812499999999999 0.11666699999999997
0 0.2753125 0.485 0.186875 0.20833400000000002
0 0.2475 0.6891665 0.08999999999999997 0.12333300000000003
0 0.301875 0.6966669999999999 0.10375000000000001 0.16000000000000003
0 0.3384375 0.493333 0.130625 0.19500000000000006
0 0.35531250000000003 0.72375 0.06562499999999999 0.14749999999999996
0 0.4103125 0.7358335 0.051875000000000004 0.10333300000000001
0 0.4575 0.720417 0.03750000000000003 0.07250000000000001
0 0.495625 0.438333 0.07750000000000007 0.10500000000000004
0 0.5040625 0.7316665 0.05312500000000003 0.11166699999999996
0 0.6984375 0.5270835 0.359375 0.24083299999999996
0 0.6278125 0.7616665 0.17437499999999995 0.10333300000000001
0 0.6415625 0.6158335 0.15812499999999996 0.213333
0 0.733125 0.59375 0.27875000000000005 0.1308339999999999
0 0.8103125 0.7575 0.21062500000000006 0.198334
