0 0.0953125 0.771354 0.048436999999999994 0.08645799999999992
0 0.245703 0.47864549999999995 0.04140599999999997 0.046874999999999944
0 0.2441405 0.952083 0.025781 0.09375
0 0.248828 0.558333 0.016406000000000004 0.043749999999999956
0 0.315234 0.48229200000000005 0.02734399999999998 0.04375000000000001
0 0.3464845 0.9625 0.032030999999999976 0.07291599999999998
0 0.370703 0.9416665 0.021094 0.11458299999999999
0 0.3972655 0.7286459999999999 0.03203100000000003 0.06770799999999999
0 0.444922 0.688021 0.028905999999999987 0.07604199999999994
0 0.465625 0.47708300000000003 0.020311999999999997 0.04375000000000001
0 0.49375 0.5708335 0.024999999999999967 0.06041699999999994
0 0.535156 0.834375 0.025000000000000022 0.09583399999999997
0 0.5687500000000001 0.6260414999999999 0.02343799999999996 0.07083300000000003
0 0.5972660000000001 0.9510415 0.05234400000000006 0.09583300000000006
0 0.6785155 0.771875 0.042968999999999924 0.08541599999999994
0 0.7027345 0.6885414999999999 0.025780999999999943 0.07083300000000003
0 0.7546875 0.6302085 0.035937 0.07291700000000001
0 0.7718750000000001 0.8223959999999999 0.03906200000000004 0.08854200000000001
0 0.835547 0.7859375 0.049217999999999984 0.09895900000000002
0 0.8546875 0.6385419999999999 0.07031299999999996 0.04999999999999993
0 0.8828125 0.7203125 0.02968700000000002 0.05729099999999998
0 0.9324220000000001 0.7510414999999999 0.07890600000000003 0.08541699999999997
