0 0.6559375000000001 0.33375 0.10312500000000002 0.07750000000000001
0 0.0615625 0.11624999999999999 0.123125 0.1275
0 0.1096875 0.042083 0.093125 0.0825
0 0.12281249999999999 0.462083 0.046874999999999986 0.03750000000000003
0 0.21500000000000002 0.21749999999999997 0.07875000000000001 0.145
0 0.21781250000000002 0.6016665000000001 0.084375 0.10333300000000001
0 0.290625 0.379583 0.04624999999999996 0.13749999999999996
0 0.419375 0.3329165 0.11499999999999999 0.06583300000000003
0 0.384375 0.16875 0.03999999999999998 0.08083399999999999
0 0.426875 0.2608335 0.03749999999999998 0.04833299999999999
0 0.4728125 0.61 0.06187500000000001 0.061666
0 0.5740625 0.4016665 0.024375000000000036 0.05166700000000002
0 0.638125 0.5120835 0.06999999999999995 0.07916700000000004
0 0.6684375 0.0708335 0.09937499999999999 0.141667
0 0.63875 0.0183335 0.03249999999999997 0.036667
0 0.6950000000000001 0.1866665 0.036250000000000004 0.061667
0 0.7990625 0.02625 0.09437499999999999 0.0525
0 0.8034375 0.46125 0.028124999999999956 0.04249999999999998
