0 0.1075 0.620417 0.027499999999999997 0.022499999999999964
0 0.1353125 0.5579164999999999 0.020625000000000004 0.010832999999999982
0 0.1946875 0.489583 0.015625 0.03249999999999997
0 0.46187500000000004 0.5775 0.02250000000000002 0.033333999999999975
0 0.6409374999999999 0.56875 0.028125000000000067 0.03249999999999997
0 0.7168749999999999 0.58375 0.036250000000000004 0.03750000000000009
0 0.7378125 0.5387500000000001 0.020625000000000004 0.02416600000000002
0 0.7665625 0.67625 0.024375000000000036 0.02083400000000002
0 0.7984375 0.5920835 0.013125000000000053 0.01416700000000004
0 0.8540625 0.6308335 0.02312499999999995 0.011666999999999983
0 0.868125 0.61625 0.02124999999999999 0.014166000000000012
0 0.8953125 0.5800000000000001 0.046875 0.05500000000000005
0 0.9246875 0.610417 0.018124999999999947 0.022499999999999964
0 0.9409375 0.6120835 0.016874999999999973 0.015832999999999986
0 0.985 0.6016665 0.013749999999999929 0.018332999999999933
