0 0.0140625 0.428125 0.028125 0.10208400000000001
0 0.19609349999999998 0.2109375 0.104687 0.09062499999999998
0 0.16992200000000002 0.5671875 0.04921800000000001 0.105209
0 0.2765625 0.647917 0.11718700000000001 0.125
0 0.272266 0.13645849999999998 0.03984399999999999 0.10416699999999998
0 0.4160155 0.697396 0.119531 0.11354200000000003
0 0.403125 0.6046875 0.082812 0.10729099999999991
0 0.44218749999999996 0.0682295 0.06562499999999999 0.046875
0 0.514453 0.4604165 0.10234400000000005 0.14583299999999993
0 0.5871095 0.0515625 0.050781000000000076 0.048959
0 0.6601565 0.6546875 0.14218699999999995 0.13854100000000003
0 0.8472655 0.5635415 0.1070310000000001 0.13333299999999998
0 0.902344 0.6463544999999999 0.09999999999999998 0.12187500000000007
