0 0.2634375 0.7004170000000001 0.108125 0.09750000000000003
0 0.0159375 0.5670835000000001 0.031875 0.07083300000000003
0 0.161875 0.2254165 0.32375 0.17583299999999996
0 0.053125000000000006 0.577917 0.030000000000000006 0.07750000000000001
0 0.0671875 0.6408335000000001 0.021875 0.04833300000000007
0 0.12437500000000001 0.5929169999999999 0.05 0.07750000000000001
0 0.343125 0.7208335 0.048750000000000016 0.10833300000000001
0 0.385625 0.7495835 0.07750000000000001 0.12916699999999992
0 0.4090625 0.6716664999999999 0.09312500000000001 0.14833299999999994
0 0.4453125 0.6654165 0.13437499999999997 0.18083300000000002
0 0.4925 0.25625 0.2025 0.22416600000000003
0 0.6465624999999999 0.79625 0.28437499999999993 0.23249999999999993
0 0.80375 0.35124999999999995 0.39125 0.1175
0 0.7965625000000001 0.7112499999999999 0.19687500000000002 0.06583400000000006
0 0.8203125 0.63375 0.181875 0.07250000000000001
0 0.80375 0.8308335 0.10250000000000004 0.16333299999999995
0 0.82375 0.5700000000000001 0.10624999999999996 0.09333399999999992
0 0.880625 0.8904164999999999 0.08499999999999996 0.12083300000000008
0 0.9237500000000001 0.84375 0.10750000000000004 0.08250000000000002
