0 0.5046875 0.35416649999999994 0.46718699999999996 0.29583299999999996
0 0.021875 0.19895849999999998 0.04375 0.058332999999999996
0 0.0339845 0.380208 0.053907 0.04999999999999999
0 0.059375 0.532292 0.073438 0.05625000000000002
0 0.16210950000000002 0.9302085 0.13828100000000002 0.08333299999999999
0 0.1281245 0.7291665 0.046875 0.039583000000000035
0 0.16757850000000002 0.8604165 0.049218999999999985 0.027082999999999968
0 0.272266 0.890104 0.07109399999999999 0.04479199999999994
0 0.260547 0.7442705000000001 0.03515600000000002 0.03437499999999993
0 0.44453149999999997 0.74375 0.054686999999999986 0.04166599999999998
0 0.4703125 0.5395835 0.09218700000000002 0.05208299999999999
0 0.5148435 0.7875000000000001 0.046875 0.035416
0 0.5457035 0.9203125 0.06328099999999992 0.03645900000000002
0 0.6277345 0.2765625 0.14453099999999997 0.171875
0 0.7250000000000001 0.489583 0.08593799999999996 0.04999999999999999
0 0.7273434999999999 0.6739585 0.05468700000000004 0.06041699999999994
0 0.7808595 0.10677049999999999 0.06796900000000006 0.034375
0 0.8882815 0.1645835 0.09531300000000009 0.07291700000000001
0 0.9554685 0.4078125 0.078125 0.046875
