0 0.516875 0.631667 0.9325 0.31499999999999995
0 0.42000000000000004 0.4929165 0.47000000000000003 0.18916700000000003
0 0.48250000000000004 0.5008335 0.5725 0.24333300000000008
0 0.576875 0.3070835 0.5125 0.17583300000000002
0 0.49625 0.41666650000000005 0.34875 0.153333
0 0.813125 0.16708299999999998 0.22124999999999995 0.1775
0 0.8665625 0.2845835 0.265625 0.089167
0 0.875625 0.425833 0.24750000000000005 0.21000000000000002
0 0.87875 0.6000000000000001 0.24124999999999996 0.17166599999999999
0 0.9446875 0.8591664999999999 0.109375 0.19166699999999992
