0 0.019531 0.5825195000000001 0.039062 0.018554999999999988
0 0.0240885 0.5283199999999999 0.048177 0.013672000000000017
0 0.499349 0.4282225 0.998698 0.856445
0 0.050781 0.3969725 0.06510400000000001 0.018554999999999988
0 0.048828 0.597656 0.05599 0.013672000000000017
0 0.0546875 0.476074 0.044271000000000005 0.01074200000000003
0 0.0742185 0.9267574999999999 0.04687500000000001 0.06054700000000002
0 0.10546900000000001 0.797363 0.05729200000000001 0.03417999999999999
0 0.1386715 0.4526365 0.05078100000000001 0.02636700000000003
0 0.205729 0.7587895 0.09114600000000003 0.029296999999999906
0 0.1835935 0.47216800000000003 0.044271000000000005 0.02245999999999998
0 0.188151 0.5825195 0.05338600000000002 0.02832100000000004
0 0.220703 0.6689449999999999 0.06119800000000003 0.013672000000000017
0 0.23046899999999998 0.9628905 0.06249999999999997 0.011719000000000035
0 0.24023450000000002 0.540527 0.05078099999999999 0.01074200000000003
0 0.2747395 0.33251949999999997 0.106771 0.04003899999999999
0 0.24283849999999998 0.7045895 0.03776099999999999 0.018554999999999988
0 0.2636715 0.500488 0.05078099999999999 0.006835999999999953
0 0.265625 0.597168 0.05468799999999999 0.02050799999999997
0 0.295573 0.5371090000000001 0.041666000000000036 0.003906000000000076
0 0.3040365 0.6933590000000001 0.048177000000000025 0.017577999999999983
0 0.3183595 0.585449 0.05078100000000002 0.006836000000000064
0 0.3190105 0.634277 0.041666999999999954 0.006836000000000064
0 0.33138 0.6528320000000001 0.06640599999999997 0.026368000000000058
0 0.326823 0.6083985 0.044269999999999976 0.01757900000000001
0 0.3385415 0.7089840000000001 0.03906299999999996 0.017577999999999983
0 0.361979 0.7211915 0.05729200000000001 0.02832100000000004
0 0.358073 0.770996 0.041666000000000036 0.01855399999999996
0 0.3704425 0.606934 0.053385000000000016 0.02050799999999997
0 0.36002599999999996 0.8037110000000001 0.02734399999999998 0.019531999999999994
0 0.37109349999999997 0.7612304999999999 0.039063000000000014 0.024414999999999965
0 0.375 0.6674805 0.03906200000000004 0.0029289999999999594
0 0.4023435 0.5893555 0.04166700000000001 0.004882999999999971
0 0.4082035 0.7919925 0.048177000000000025 0.015625
0 0.407552 0.6289065 0.039061999999999986 0.011719000000000035
0 0.424479 0.6499025 0.03906200000000004 0.008789000000000047
0 0.43815099999999996 0.828125 0.05338599999999999 0.019532000000000105
0 0.4472655 0.687012 0.058593000000000006 0.02050800000000008
0 0.4479165 0.7104495 0.04166700000000001 0.008789000000000047
0 0.4518225 0.7524415 0.049478999999999995 0.0029289999999999594
0 0.458984 0.7353514999999999 0.029947999999999975 0.021485000000000087
0 0.46875 0.7675784999999999 0.03645799999999999 0.011718999999999924
0 0.468099 0.9306639999999999 0.024739999999999984 0.027343999999999924
0 0.513672 0.7832035 0.05338599999999999 0.015625
0 0.511719 0.810059 0.03385399999999994 0.01074200000000003
0 0.5364585 0.8798825 0.04166700000000001 0.019530999999999965
0 0.5403645 0.7846679999999999 0.03645900000000002 0.022460000000000035
0 0.55013 0.900879 0.055989999999999984 0.01855399999999996
0 0.559245 0.847168 0.055989999999999984 0.01269600000000004
0 0.5807295 0.7587889999999999 0.07552099999999995 0.017577999999999983
0 0.5865885 0.9711909999999999 0.06901100000000004 0.03808599999999995
0 0.6621094999999999 0.950195 0.07682299999999997 0.035155999999999965
0 0.674479 0.8378905000000001 0.10156200000000004 0.029297000000000017
0 0.6582030000000001 0.8271485 0.050781999999999994 0.015625
0 0.7923175 0.976074 0.045573000000000086 0.04199200000000003
0 0.908854 0.866699 0.05729200000000001 0.01074200000000003
0 0.916667 0.917969 0.06510400000000005 0.02343799999999996
0 0.921875 0.8710935 0.05989599999999995 0.029297000000000017
0 0.936849 0.8955075 0.08984399999999992 0.02539099999999994
