0 0.0435505 0.42700000000000005 0.087101 0.062
0 0.0455455 0.7350000000000001 0.08976100000000001 0.11199999999999999
0 0.064827 0.1605 0.120346 0.09299999999999999
0 0.068152 0.33499999999999996 0.06848399999999999 0.07600000000000001
0 0.1715425 0.238 0.123671 0.10999999999999999
0 0.26828450000000004 0.10500000000000001 0.09640900000000002 0.06400000000000002
0 0.293883 0.197 0.136968 0.057999999999999996
0 0.4571145 0.0745 0.08311099999999999 0.063
0 0.5049865 0.1235 0.12300500000000003 0.03499999999999999
0 0.4810505 0.396 0.05385699999999993 0.045999999999999985
0 0.5628325 0.057 0.05917499999999998 0.114
0 0.6067155 0.5055000000000001 0.12167499999999998 0.09700000000000003
0 0.7785905 0.4995 0.441489 0.999
