0 0.06125 0.525328 0.1225 0.17448399999999997
0 0.118125 0.680582 0.145 0.19418400000000002
0 0.1775 0.848499 0.09875 0.17542199999999997
0 0.1821875 0.0689495 0.075625 0.137899
0 0.22718750000000001 0.0572235 0.09562500000000002 0.114447
0 0.23562499999999997 0.979831 0.06125 0.038461999999999996
0 0.311875 0.1163225 0.16499999999999998 0.14258900000000002
0 0.39249999999999996 0.22232649999999998 0.14250000000000002 0.150093
0 0.44625000000000004 0.3836775 0.15500000000000003 0.16885499999999998
0 0.4596875 0.07364 0.13812500000000005 0.14728
0 0.5153125 0.587711 0.16062499999999996 0.233584
0 0.5475 0.058630499999999995 0.11875000000000008 0.111633
0 0.5584375 0.804878 0.12312499999999998 0.28517799999999993
0 0.6371875 0.139775 0.12687500000000007 0.219512
0 0.6925 0.127111 0.1625000000000001 0.13227
0 0.788125 0.249531 0.10375000000000001 0.23827399999999999
0 0.8365625 0.4338645 0.08187499999999992 0.20731699999999997
0 0.8828125 0.829268 0.12312499999999993 0.3058160000000001
0 0.8775 0.5886495 0.10249999999999992 0.25234499999999993
0 0.8884375 0.9568479999999999 0.078125 0.08442800000000006
