0 0.045625 0.8334895 0.09125 0.098499
0 0.105 0.9699815 0.17375 0.05816100000000002
0 0.1671875 0.903846 0.08562499999999999 0.08911800000000003
0 0.2246875 0.9357409999999999 0.075625 0.08724199999999993
0 0.2478125 0.5787990000000001 0.11187500000000003 0.23827399999999999
0 0.25375000000000003 0.141182 0.03375 0.113508
0 0.30437499999999995 0.283771 0.09625 0.21294599999999997
0 0.3284375 0.8986864999999999 0.12687499999999996 0.200751
0 0.39125 0.076923 0.06 0.153846
0 0.53125 0.5257975 0.31375 0.351783
