0 0.5859375 0.5796520000000001 0.666015 0.514056
0 0.14599649999999997 0.8239625 0.0048829999999999985 0.020081000000000016
0 0.178711 0.8768404999999999 0.01757800000000001 0.029451000000000005
0 0.20703149999999998 0.7362785000000001 0.007812999999999987 0.024096999999999924
0 0.2436525 0.875502 0.04394500000000001 0.016064000000000078
0 0.3051755 0.870817 0.030272999999999994 0.012047999999999948
0 0.450684 0.8574295000000001 0.03808600000000001 0.025434999999999985
0 0.527832 0.9765729999999999 0.04199200000000003 0.028112000000000026
0 0.5874025 0.941767 0.032227000000000006 0.04149999999999998
0 0.581543 0.9270415 0.01855399999999996 0.04953099999999999
0 0.6474610000000001 0.9912985000000001 0.05273399999999995 0.014724999999999988
0 0.692871 0.9819275000000001 0.04980399999999996 0.033467000000000025
0 0.739258 0.6131195 0.035155999999999965 0.029451000000000005
0 0.7695315 0.9625165 0.025391000000000052 0.03748299999999993
0 0.7846679999999999 0.8206154999999999 0.03808599999999995 0.04551500000000008
0 0.8066409999999999 0.961178 0.058593999999999924 0.040159999999999973
0 0.8164065 0.264391 0.029297000000000017 0.028112000000000026
0 0.8251955 0.769746 0.046875 0.034806000000000004
0 0.875 0.9056225 0.05468800000000007 0.05488699999999991
0 0.9770505 0.7931725000000001 0.04394500000000001 0.0602410000000001
0 0.9790034999999999 0.4598395 0.04003900000000005 0.04953099999999999
0 0.9819335 0.29718849999999997 0.03417899999999996 0.04551500000000003
