0 0.3616325 0.17562499999999998 0.289869 0.18249999999999997
0 0.264071 0.548125 0.17354599999999998 0.07374999999999998
0 0.39493449999999997 0.34468750000000004 0.23076899999999995 0.15187500000000004
0 0.423077 0.47562499999999996 0.22514 0.14375
0 0.397749 0.6771875 0.15384599999999998 0.0681250000000001
0 0.4268295 0.8228125 0.16135099999999997 0.078125
0 0.48358350000000005 0.5996874999999999 0.07410900000000004 0.03937500000000005
0 0.5642590000000001 0.6146875 0.08724199999999993 0.030625000000000013
0 0.5820825000000001 0.571875 0.09287100000000004 0.04125000000000001
0 0.6383675 0.3490625 0.20544099999999998 0.150625
0 0.6322705 0.8465625 0.166979 0.07187499999999991
0 0.6041274999999999 0.6571875 0.09005699999999994 0.024375000000000036
0 0.6819885 0.14250000000000002 0.2007509999999999 0.11624999999999999
0 0.608818 0.45375 0.048780000000000046 0.03749999999999998
0 0.6768295 0.575 0.03658499999999998 0.04125000000000001
0 0.7485930000000001 0.7112499999999999 0.168856 0.12124999999999997
0 0.684803 0.4640625 0.03564800000000001 0.016874999999999973
0 0.758912 0.25 0.15384600000000004 0.08875
0 0.7101315 0.423125 0.035646999999999984 0.027500000000000024
0 0.7279549999999999 0.458125 0.03564800000000001 0.018750000000000044
0 0.74015 0.48812500000000003 0.048780000000000046 0.017500000000000016
0 0.752345 0.398125 0.06379000000000001 0.03249999999999997
0 0.7973735 0.4625 0.05065700000000006 0.027500000000000024
0 0.8090995 0.5078125 0.05909900000000001 0.021875000000000033
0 0.8344275 0.38375000000000004 0.07973699999999995 0.027500000000000024
0 0.8283305 0.4325 0.035646999999999984 0.018750000000000044
0 0.869137 0.4753125 0.030956000000000095 0.029374999999999984
