0 0.6671875 0.6729149999999999 0.43937499999999996 0.64105
0 0.0753125 0.6808810000000001 0.08437499999999999 0.10965400000000003
0 0.16749999999999998 0.42221200000000003 0.1925 0.400188
0 0.103125 0.500937 0.06 0.096532
0 0.210625 0.2183695 0.11124999999999999 0.08434900000000001
0 0.285625 0.5089035 0.03875000000000001 0.06935299999999994
0 0.330625 0.5595125000000001 0.09999999999999998 0.39362700000000006
0 0.3815625 0.54358 0.06187499999999996 0.0806
0 0.5046875 0.21368299999999998 0.08687499999999998 0.07497599999999999
0 0.51375 0.06373000000000001 0.10500000000000004 0.082474
0 0.5571875 0.0313965 0.125625 0.062793
0 0.6109374999999999 0.054358000000000004 0.09437499999999999 0.048734
0 0.6321875 0.0918465 0.12187499999999996 0.09559499999999999
0 0.64875 0.0074975 0.07250000000000001 0.014995
0 0.721875 0.1377695 0.0625 0.07685099999999999
0 0.8065625000000001 0.305998 0.024374999999999925 0.05154599999999998
0 0.86875 0.218838 0.053749999999999964 0.05717
