0 0.2664065 0.4765625 0.13906300000000002 0.12604100000000001
0 0.00625 0.45677049999999997 0.0125 0.04062499999999997
0 0.007031 0.416667 0.014062 0.04375000000000001
0 0.0339845 0.3932295 0.055469000000000004 0.05937500000000001
0 0.0691405 0.8036460000000001 0.011718999999999993 0.05729200000000001
0 0.0984375 0.363021 0.05937499999999998 0.06354199999999999
0 0.0867185 0.490104 0.034375 0.026042000000000065
0 0.10078100000000001 0.5765625000000001 0.06250000000000001 0.06354099999999996
0 0.1304685 0.293229 0.103125 0.05729200000000001
0 0.0914065 0.7859375 0.021875000000000006 0.05937500000000007
0 0.13554650000000001 0.528125 0.063281 0.07083400000000001
0 0.128125 0.7083335 0.03906200000000001 0.060417000000000054
0 0.1316405 0.6760415 0.039843 0.02083299999999999
0 0.1503905 0.615625 0.064843 0.05208400000000002
0 0.148047 0.643229 0.052344000000000016 0.023958000000000035
0 0.16015600000000002 0.5875 0.04843800000000001 0.03125
0 0.192969 0.7744795 0.06874999999999998 0.046875
0 0.1695315 0.8213539999999999 0.014062999999999992 0.03645799999999999
0 0.18359350000000002 0.91875 0.02968699999999999 0.03958399999999995
0 0.1910155 0.7109375 0.04453099999999999 0.048958999999999975
0 0.1976565 0.527083 0.046875 0.05625000000000002
0 0.201172 0.6104165 0.052344 0.04791699999999999
0 0.2195315 0.7989585 0.03437500000000002 0.06458300000000006
0 0.2214845 0.6781250000000001 0.035156999999999994 0.025000000000000022
0 0.2160155 0.7546875 0.01953100000000002 0.03437499999999993
0 0.234375 0.847396 0.014062000000000019 0.04270799999999997
0 0.23906249999999998 0.5208335 0.023436999999999986 0.060417000000000054
0 0.2464845 0.7479165000000001 0.019530999999999965 0.04166700000000001
0 0.3226565 0.7328125000000001 0.078125 0.051041
0 0.410156 0.3203125 0.24375000000000002 0.25729100000000005
0 0.6941405 0.5921875000000001 0.610157 0.811459
0 0.4472655 0.9234375 0.057031 0.06770900000000002
0 0.6328125 0.7994795 0.07656299999999994 0.06562500000000004
