0 0.114453 0.5322915 0.05859399999999999 0.08958300000000002
0 0.4113285 0.471875 0.05078100000000002 0.04166599999999998
0 0.4507815 0.183333 0.05312499999999998 0.0625
0 0.621875 0.48906250000000007 0.073438 0.04895900000000003
0 0.6351565 0.1010415 0.03906300000000007 0.064583
0 0.689844 0.151042 0.07031199999999993 0.04374999999999998
0 0.8308595000000001 0.12864599999999998 0.03046899999999997 0.061457999999999985
0 0.8585940000000001 0.33489599999999997 0.05468799999999996 0.036458000000000046
0 0.8855470000000001 0.0203125 0.06953200000000004 0.040625
0 0.9875 0.30208349999999995 0.02343799999999996 0.033333
