0 0.3484375 0.4036845 0.265625 0.37157900000000005
0 0.020625 0.4989475 0.04125 0.12210500000000007
0 0.1271875 0.7773685 0.094375 0.05789500000000003
0 0.225 0.9442105000000001 0.11125000000000002 0.07789499999999994
0 0.30781250000000004 0.718947 0.06937500000000002 0.06315800000000005
0 0.295625 0.1557895 0.03750000000000003 0.075789
0 0.3425 0.1157895 0.10749999999999998 0.07789500000000002
0 0.398125 0.76 0.04749999999999999 0.11368400000000001
0 0.441875 0.0721055 0.10625000000000001 0.13578900000000002
0 0.5090625 0.41263150000000004 0.09437500000000004 0.071579
0 0.521875 0.16421049999999998 0.06374999999999997 0.09263099999999999
0 0.515 0.5431575 0.04749999999999993 0.06526299999999996
0 0.5974999999999999 0.544211 0.08750000000000002 0.08000000000000007
0 0.6499999999999999 0.6573685 0.09750000000000003 0.12947299999999995
0 0.65875 0.49473700000000004 0.05124999999999991 0.10105200000000003
0 0.75125 0.4547365 0.06125000000000003 0.13473700000000005
0 0.808125 0.7242105 0.09875 0.10315699999999994
0 0.809375 0.0373685 0.039999999999999925 0.074737
0 0.8431249999999999 0.5505260000000001 0.09999999999999998 0.07999999999999996
0 0.839375 0.9463155000000001 0.05874999999999997 0.08210499999999998
0 0.856875 0.2831575 0.09124999999999994 0.105263
0 0.8390625 0.049474000000000004 0.03687499999999999 0.086316
0 0.864375 0.743158 0.05249999999999999 0.16210599999999997
0 0.909375 0.233684 0.07250000000000001 0.16631600000000002
0 0.9412499999999999 0.3663155 0.09124999999999994 0.09473700000000002
