0 0.1378125 0.4770835 0.138125 0.39416699999999993
0 0.13187500000000002 0.959167 0.07875000000000001 0.08000000000000007
0 0.375625 0.604583 0.07750000000000001 0.13749999999999996
0 0.4821875 0.5925 0.10437500000000005 0.21333399999999997
0 0.5140625 0.37 0.09687499999999999 0.27166599999999996
0 0.5690625 0.6 0.06187500000000001 0.13666599999999995
0 0.5934375000000001 0.85375 0.05812500000000009 0.07583399999999996
0 0.66625 0.5845834999999999 0.03875000000000006 0.09083300000000005
0 0.7093750000000001 0.5145835 0.07874999999999999 0.07583299999999998
0 0.7146874999999999 0.5974999999999999 0.05062500000000003 0.04500000000000004
0 0.7540625 0.7645835000000001 0.09062499999999996 0.15916699999999995
0 0.858125 0.47333349999999996 0.11250000000000004 0.158333
0 0.8609374999999999 0.1979165 0.09312500000000001 0.069167
0 0.8574999999999999 0.271667 0.07500000000000007 0.05500000000000002
0 0.9612499999999999 0.2754165 0.07625000000000004 0.069167
0 0.961875 0.6570834999999999 0.07500000000000007 0.13583299999999998
