0 0.023452 0.17781249999999998 0.046904 0.048125
0 0.023452 0.6484375 0.046904 0.1143749999999999
0 0.0248595 0.44687499999999997 0.049719 0.11124999999999996
0 0.04409 0.15125 0.08818 0.04999999999999999
0 0.056754 0.3159375 0.113508 0.10562500000000002
0 0.0619135 0.370625 0.123827 0.08875
0 0.0722325 0.263125 0.144465 0.12250000000000003
0 0.1041275 0.6328125 0.208255 0.14187499999999997
0 0.143527 0.4784375 0.258912 0.16437500000000005
0 0.163696 0.591875 0.25985 0.2
0 0.144465 0.2425 0.106942 0.11624999999999996
0 0.1571295 0.1640625 0.128517 0.06812499999999999
0 0.43621 0.574375 0.6491560000000001 0.48874999999999996
0 0.218574 0.2425 0.11257000000000003 0.12124999999999997
0 0.28939950000000003 0.5928125 0.233583 0.12687499999999996
0 0.606473 0.5078125 0.717636 0.46812499999999996
0 0.827392 0.1121875 0.34334 0.15187499999999998
