0 0.143125 0.098506 0.28625 0.195144
0 0.1828125 0.4962655 0.365625 0.13725499999999996
0 0.0671875 0.3874885 0.13062500000000002 0.08029900000000001
0 0.2921875 0.199813 0.34187500000000004 0.153128
0 0.3853125 0.6540615000000001 0.43562500000000004 0.493931
0 0.355625 0.40803 0.2875 0.298786
0 0.3484375 0.019608 0.078125 0.039216
0 0.5028125 0.1129785 0.169375 0.224089
0 0.5678124999999999 0.576097 0.29562499999999997 0.399626
0 0.6753125 0.748366 0.463125 0.26610599999999995
0 0.6734374999999999 0.45798300000000003 0.27937500000000004 0.266106
0 0.768125 0.535014 0.22000000000000008 0.30999
0 0.694375 0.0676935 0.05999999999999994 0.135387
0 0.9281250000000001 0.0943045 0.14249999999999996 0.188609
