0 0.0140625 0.525833 0.028125 0.03499999999999992
0 0.1125 0.52125 0.05250000000000002 0.039166000000000034
0 0.3025 0.51875 0.06374999999999997 0.032500000000000084
0 0.4509375 0.48 0.05812499999999998 0.03333400000000003
0 0.4353125 0.3741665 0.021874999999999978 0.031667
0 0.4503125 0.5283329999999999 0.028124999999999956 0.029999999999999916
0 0.45999999999999996 0.6229165 0.03250000000000003 0.029166999999999943
0 0.5115625 0.48875 0.07937500000000003 0.039166000000000034
0 0.5353125 0.5558335 0.028124999999999956 0.03333300000000006
0 0.5587500000000001 0.5895835 0.04874999999999996 0.04083300000000001
0 0.9059375000000001 0.4708335 0.09312500000000001 0.04166700000000001
