0 0.6168750000000001 0.434619 0.26125000000000004 0.17121399999999998
0 0.03375 0.396049 0.0675 0.09783599999999998
0 0.05625 0.231891 0.1125 0.132644
0 0.086875 0.8311379999999999 0.17375 0.10818399999999995
0 0.12281249999999999 0.7958609999999999 0.215625 0.06961399999999995
0 0.10250000000000001 0.470837 0.11 0.11759200000000003
0 0.1390625 0.6006585 0.17812499999999998 0.117591
0 0.2953125 0.893697 0.273125 0.16745
0 0.3071875 0.324083 0.171875 0.12323600000000001
0 0.3278125 0.02587 0.11562499999999998 0.05174
0 0.38875 0.8598304999999999 0.19374999999999998 0.27845700000000007
0 0.556875 0.8090310000000001 0.15625 0.09031
0 0.5925 0.3198495 0.15000000000000002 0.099717
0 0.7715624999999999 0.5992474999999999 0.17812499999999998 0.08090300000000006
0 0.864375 0.0376295 0.2024999999999999 0.075259
0 0.88 0.8772344999999999 0.14625 0.09313300000000002
0 0.9165625 0.439793 0.16562500000000002 0.27751600000000004
