0 0.138125 0.6102025 0.10999999999999999 0.19704100000000002
0 0.28375 0.718458 0.24375000000000002 0.08800600000000003
0 0.33687500000000004 0.7827105 0.2425 0.07943900000000004
0 0.2621875 0.5626945 0.074375 0.15498499999999993
0 0.34281249999999996 0.428349 0.116875 0.482866
0 0.45625000000000004 0.7410435 0.14750000000000002 0.07398700000000002
0 0.4275 0.4014795 0.08000000000000002 0.33722699999999994
0 0.493125 0.3594235 0.07874999999999999 0.239097
0 0.600625 0.7647975 0.20000000000000007 0.10436100000000004
0 0.7903125 0.7683025 0.27312499999999995 0.08489100000000005
0 0.724375 0.37889399999999995 0.06875000000000009 0.29517199999999993
0 0.7890625 0.413162 0.08812500000000001 0.42601199999999995
0 0.8628125 0.3870715 0.08437499999999998 0.36604299999999995
0 0.9296875 0.365265 0.055625000000000036 0.35669800000000007
