0 0.583125 0.3925 0.26625000000000004 0.13
0 0.31156249999999996 0.4458335 0.28562499999999996 0.11833300000000002
0 0.3421875 0.3854165 0.299375 0.08416699999999999
0 0.3434375 0.473333 0.296875 0.09499999999999997
0 0.39312500000000006 0.5104165 0.36500000000000005 0.11083300000000001
0 0.415625 0.6179165 0.31000000000000005 0.12916700000000003
0 0.4184375 0.5766665 0.28187499999999993 0.11833300000000002
0 0.48875 0.7333335 0.38875 0.12166699999999997
0 0.45906250000000004 0.6312500000000001 0.319375 0.07916599999999996
0 0.4828125 0.6816665 0.335625 0.10833300000000001
0 0.4003125 0.3983335 0.16562500000000002 0.05166700000000002
0 0.5425 0.779583 0.39000000000000007 0.12250000000000005
