0 0.4196875 0.237336 0.254375 0.155722
0 0.089375 0.4301125 0.06125 0.019699000000000022
0 0.09 0.4723265 0.05499999999999999 0.03846100000000002
0 0.159375 0.3513135 0.12125 0.060975
0 0.186875 0.8550655 0.10750000000000001 0.053470999999999935
0 0.22 0.19230750000000002 0.14375 0.08255100000000001
0 0.22218749999999998 0.5384614999999999 0.09312499999999999 0.06378899999999998
0 0.23375 0.469043 0.09624999999999997 0.08255199999999996
0 0.21437499999999998 0.782833 0.047500000000000014 0.04408999999999996
0 0.2265625 0.7321765 0.06937499999999999 0.04971900000000007
0 0.266875 0.3771105 0.11125000000000002 0.07504699999999997
0 0.3621875 0.44934300000000005 0.12062499999999998 0.084428
0 0.4 0.634615 0.15499999999999997 0.10600399999999999
0 0.41125 0.10787999999999999 0.14375000000000004 0.108818
0 0.4303125 0.3433395 0.140625 0.127579
0 0.515625 0.9174485 0.14999999999999997 0.14821700000000004
0 0.5415625 0.393527 0.176875 0.104128
0 0.619375 0.0487805 0.1625000000000001 0.097561
0 0.594375 0.6463415 0.09749999999999992 0.07879900000000006
0 0.6756249999999999 0.5272045000000001 0.255 0.13320900000000002
0 0.7653125000000001 0.1974675 0.334375 0.18105100000000002
0 0.753125 0.3761725 0.27625 0.165103
