0 0.025625 0.0125 0.0075 0.015
0 0.1190625 0.163333 0.024375000000000008 0.01999999999999999
0 0.1340625 0.3141665 0.018125000000000002 0.036667000000000005
0 0.1703125 0.22041650000000002 0.013124999999999998 0.020833000000000018
0 0.180625 0.1658335 0.007500000000000007 0.018332999999999988
0 0.2115625 0.1625 0.010625000000000023 0.008334000000000008
0 0.230625 0.19208350000000002 0.03875000000000001 0.020833000000000018
0 0.236875 0.05875 0.00874999999999998 0.025833999999999996
0 0.264375 0.1695835 0.03125000000000003 0.024166999999999994
0 0.30000000000000004 0.404583 0.044999999999999984 0.027500000000000024
0 0.5590625 0.09791649999999999 0.05437500000000006 0.020833000000000004
0 0.5815625 0.066667 0.024375000000000036 0.009999999999999995
0 0.794375 0.4458335 0.0050000000000000044 0.01333300000000004
0 0.90125 0.44958299999999995 0.043749999999999956 0.02250000000000002
