0 0.29625 0.7869915000000001 0.5525 0.31869899999999995
0 0.06 0.8593495 0.12 0.09268300000000007
0 0.133125 0.5300815000000001 0.12125000000000001 0.039024999999999976
0 0.22749999999999998 0.2756095 0.16 0.06666700000000003
0 0.2625 0.6455285 0.15500000000000003 0.09430900000000009
0 0.25375000000000003 0.37561 0.05250000000000002 0.035772000000000026
0 0.32437499999999997 0.17642249999999998 0.19124999999999998 0.115447
0 0.3125 0.5560975 0.14500000000000002 0.052032999999999996
0 0.32 0.31707300000000005 0.10499999999999998 0.06178800000000001
0 0.37375 0.4951215 0.14499999999999996 0.09268300000000002
0 0.401875 0.404878 0.028749999999999998 0.055284
0 0.414375 0.5837399999999999 0.03125 0.05853600000000003
0 0.77 0.268293 0.4575 0.22113799999999997
