0 0.4628125 0.8755815 0.459375 0.152713
0 0.16562500000000002 0.8437985 0.29125 0.09844900000000001
0 0.4584375 0.565504 0.851875 0.49379799999999996
0 0.43843750000000004 0.6608525 0.745625 0.43953499999999995
0 0.2375 0.9228685 0.22125000000000003 0.12945699999999993
0 0.715625 0.270155 0.52875 0.54031
0 0.6912499999999999 0.9065890000000001 0.2975 0.092248
0 0.7959375 0.550775 0.39937500000000004 0.22713199999999995
0 0.87625 0.808527 0.24624999999999997 0.08217000000000008
0 0.889375 0.7554265 0.14249999999999996 0.36046500000000004
0 0.934375 0.782946 0.13 0.36744200000000005
