0 0.01416 0.9003905000000001 0.02832 0.035156999999999994
0 0.01709 0.738281 0.03418 0.02604200000000001
0 0.029297000000000004 0.649089 0.039062 0.06380200000000003
0 0.0703125 0.772135 0.041014999999999996 0.03385400000000005
0 0.07910149999999999 0.6204425 0.027342999999999992 0.024739000000000066
0 0.0898435 0.5553385 0.046875 0.042968999999999924
0 0.07617199999999999 0.6608075 0.017577999999999996 0.019530999999999965
0 0.0786135 0.6770835 0.012694999999999998 0.02343700000000004
0 0.112305 0.6640625 0.027344000000000007 0.01822900000000005
0 0.1245115 0.5651045 0.04003899999999999 0.04947900000000005
0 0.1259765 0.7890625 0.039063 0.06510499999999997
0 0.12548800000000002 0.6894530000000001 0.024414000000000005 0.032552000000000025
0 0.151367 0.6341145 0.052734 0.04427099999999995
0 0.14306600000000003 0.7434895 0.020508 0.03385499999999997
0 0.16796850000000002 0.555339 0.05468700000000001 0.061197999999999975
0 0.15918 0.739583 0.021484000000000003 0.02864599999999995
0 0.206543 0.5390625 0.03417999999999999 0.04427099999999995
0 0.221191 0.7115885 0.03808600000000001 0.029947000000000057
0 0.225586 0.639974 0.03515599999999999 0.029947999999999975
0 0.2314455 0.6074219999999999 0.029297000000000017 0.019531999999999994
0 0.23193350000000001 0.686849 0.02246099999999998 0.022136000000000045
0 0.251953 0.4973955 0.03515600000000002 0.020833000000000046
0 0.269043 0.7167965000000001 0.061523999999999995 0.045572999999999975
0 0.24560549999999998 0.518229 0.012694999999999984 0.020833999999999908
0 0.27441400000000005 0.5924475 0.021484000000000003 0.046875
0 0.2871095 0.6386719999999999 0.039063000000000014 0.042968000000000006
0 0.29834 0.5481769999999999 0.016602000000000006 0.02604200000000001
0 0.321777 0.8990885 0.05566399999999999 0.048177000000000025
0 0.3203125 0.5553385 0.02343700000000004 0.029947000000000057
0 0.32666 0.46875 0.028320000000000012 0.02604200000000001
0 0.34033199999999997 0.499349 0.020508000000000026 0.019531999999999994
0 0.350586 0.686198 0.025390000000000024 0.03385400000000005
0 0.35058599999999995 0.6178385 0.023438000000000014 0.045572999999999975
0 0.3608395 0.5527340000000001 0.02246100000000001 0.032552000000000025
0 0.3701175 0.5214840000000001 0.03320299999999998 0.029947999999999975
0 0.380371 0.73763 0.03808600000000001 0.035155999999999965
0 0.380371 0.781901 0.020508000000000026 0.06640600000000008
0 0.40283199999999997 0.626953 0.030273999999999968 0.037760000000000016
0 0.423828 0.49283849999999996 0.041016 0.032553
0 0.461426 0.6347659999999999 0.047852000000000006 0.027343999999999924
0 0.498047 0.5735680000000001 0.027344000000000035 0.029947999999999975
0 0.5825195 0.498698 0.02832100000000004 0.020833999999999964
0 0.592285 0.686198 0.030274000000000023 0.03125
0 0.655762 0.957682 0.05566400000000005 0.037760000000000016
0 0.717285 0.438151 0.03222599999999998 0.019531999999999994
0 0.7441405 0.699219 0.03906300000000007 0.02864600000000006
0 0.7402345 0.754557 0.011719000000000035 0.06640599999999997
0 0.7646485000000001 0.5846355 0.027343000000000006 0.015625
