0 0.0792685 0.30300499999999997 0.158537 0.20534199999999997
0 0.142461 0.945743 0.284922 0.10517599999999994
0 0.1685145 0.782137 0.337029 0.24207
0 0.217849 0.9023375 0.435698 0.16527500000000006
0 0.18070950000000002 0.1076795 0.18625300000000003 0.10517499999999999
0 0.3364745 0.435726 0.39356900000000006 0.17696199999999995
0 0.3281595 0.2796325 0.343681 0.17195300000000002
0 0.38470099999999996 0.110184 0.37694 0.156928
0 0.318736 0.026711 0.242794 0.053422
0 0.396896 0.9449084999999999 0.308204 0.10684499999999997
0 0.495011 0.833055 0.382484 0.19365600000000005
0 0.4063195 0.20868150000000002 0.15188500000000005 0.10016700000000003
0 0.502772 0.285476 0.12305999999999995 0.073456
0 0.5992235 0.0984975 0.20731700000000003 0.190317
0 0.6053215000000001 0.5141905 0.17073100000000008 0.474123
0 0.6590910000000001 0.142738 0.14744999999999997 0.218698
0 0.7200665 0.500835 0.147451 0.400668
0 0.7278275000000001 0.1928215 0.13192900000000007 0.232053
0 0.800998 0.0525875 0.22948999999999997 0.105175
0 0.847561 0.954925 0.30265999999999993 0.086812
0 0.7799335000000001 0.28798 0.143015 0.252086
0 0.8569845 0.3681135 0.21729500000000002 0.208681
0 0.8525499999999999 0.6185309999999999 0.16851399999999994 0.1585979999999999
0 0.868071 0.496661 0.16186200000000006 0.23205400000000004
