0 0.4240565 0.6375 0.570755 0.5650000000000001
0 0.0735845 0.99375 0.026414999999999994 0.011249999999999982
0 0.0886795 0.9750000000000001 0.035849000000000006 0.04874999999999996
0 0.20471699999999998 0.9740625 0.04151000000000002 0.05062500000000003
0 0.2990565 0.9196875 0.06415099999999996 0.04812499999999997
0 0.3867925 0.9546875 0.08490500000000001 0.015625
0 0.4254715 0.9143749999999999 0.06415099999999996 0.02375000000000005
0 0.566981 0.875 0.08490600000000004 0.02750000000000008
0 0.7514149999999999 0.879375 0.14434000000000002 0.03249999999999997
0 0.8306605 0.96375 0.151887 0.07125000000000004
0 0.929245 0.9621875 0.13396199999999991 0.030625000000000013
0 0.9349055 0.9903124999999999 0.08301900000000006 0.018125000000000058
0 0.9349055 0.858125 0.03584899999999991 0.08499999999999996
