0 0.575 0.541083 0.26625 0.22688999999999998
0 0.4996875 0.340336 0.999375 0.680672
0 0.1490625 0.697012 0.08062499999999999 0.043884000000000034
0 0.2534375 0.5756304999999999 0.02812500000000001 0.06069099999999994
0 0.3246875 0.7950515 0.03687499999999999 0.09430499999999997
0 0.34750000000000003 0.6241829999999999 0.06 0.03641400000000006
0 0.42656249999999996 0.758637 0.143125 0.09430399999999994
0 0.551875 0.8898225 0.04875000000000007 0.08776899999999999
0 0.6096874999999999 0.7147524999999999 0.03312499999999996 0.036414999999999975
0 0.6590625 0.6867415 0.08562500000000006 0.1260509999999999
0 0.7396875 0.6255835000000001 0.073125 0.04295100000000007
0 0.7581249999999999 0.8398695 0.061249999999999916 0.06816100000000003
0 0.8403125 0.3011205 0.18937500000000007 0.13912300000000002
0 0.8318749999999999 0.468254 0.0675 0.045752000000000015
0 0.86125 0.573763 0.05249999999999999 0.04948600000000003
0 0.903125 0.42156899999999997 0.08500000000000008 0.04388399999999998
0 0.9428125 0.321195 0.11312500000000003 0.10270800000000002
0 0.9228125 0.4925305 0.03937500000000005 0.028945
