0 0.77 0.561387 0.14125 0.46485400000000004
0 0.0825 0.6846300000000001 0.0675 0.285848
0 0.15875 0.572165 0.13874999999999998 0.587628
0 0.25906250000000003 0.217901 0.18812500000000001 0.12090000000000001
0 0.300625 0.534677 0.15124999999999997 0.64761
0 0.41812499999999997 0.544049 0.14999999999999997 0.582006
0 0.5540625 0.5796625 0.13187500000000002 0.514527
0 0.6109375 0.2858485 0.16437499999999994 0.149953
0 0.65 0.605436 0.11375000000000002 0.46297999999999995
0 0.8343750000000001 0.366448 0.14249999999999996 0.22305600000000003
0 0.8678125 0.3552015 0.17062500000000003 0.12746100000000005
0 0.8684375 0.5684165 0.08937499999999998 0.388941
