0 0.0415625 0.1108335 0.023125 0.013332999999999998
0 0.0578125 0.152917 0.014374999999999999 0.012500000000000011
0 0.08031250000000001 0.1108335 0.023124999999999993 0.013332999999999998
0 0.0834375 0.09375 0.029375 0.014166000000000012
0 0.134375 0.10708300000000001 0.028749999999999998 0.0175
0 0.1403125 0.122083 0.016875 0.012499999999999997
0 0.1396875 0.14 0.013124999999999998 0.009999999999999981
0 0.1471875 0.04 0.018125000000000002 0.009999999999999995
0 0.1615625 0.04375 0.02562500000000001 0.017499999999999995
0 0.16875 0.08249999999999999 0.035 0.015
0 0.190625 0.00625 0.024999999999999994 0.0125
0 0.23062500000000002 0.067917 0.027499999999999997 0.0175
0 0.2434375 0.10999999999999999 0.02437499999999998 0.015
0 0.265625 0.01625 0.025000000000000022 0.0175
0 0.26968749999999997 0.1345835 0.021875000000000033 0.02083299999999999
0 0.2828125 0.04625 0.020625000000000004 0.019166000000000002
0 0.2940625 0.07125000000000001 0.026874999999999982 0.020834000000000005
0 0.3140625 0.080417 0.015625 0.022499999999999992
0 0.38687499999999997 0.579167 0.03750000000000003 0.03499999999999992
0 0.474375 0.5754170000000001 0.03375 0.02749999999999997
0 0.5475 0.5541670000000001 0.05499999999999994 0.04500000000000004
