0 0.014687500000000001 0.404784 0.026875 0.027204000000000006
0 0.0275 0.36069450000000003 0.045000000000000005 0.030956999999999957
0 0.0259375 0.4441835 0.039375 0.032833
0 0.0790625 0.5070355 0.015625 0.034709000000000045
0 0.0978125 0.543621 0.021875000000000006 0.01970000000000005
0 0.11124999999999999 0.3855535 0.012499999999999997 0.018761000000000028
0 0.1546875 0.41088199999999997 0.02812500000000001 0.02251399999999998
0 0.4271875 0.765478 0.034375000000000044 0.020637999999999934
0 0.48906250000000007 0.768293 0.07937500000000003 0.08442799999999995
0 0.4653125 0.317542 0.029374999999999984 0.04409000000000002
0 0.54625 0.6754225 0.07125000000000004 0.07317099999999999
0 0.7878125 0.8001875 0.08687500000000004 0.06003700000000001
0 0.9378124999999999 0.6233585 0.07187500000000002 0.055347000000000035
