0 0.339375 0.1166665 0.1225 0.10166700000000001
0 0.10406249999999999 0.0891665 0.105625 0.07333300000000001
0 0.1325 0.385417 0.02625000000000001 0.04249999999999998
0 0.2353125 0.850417 0.06437500000000002 0.09750000000000003
0 0.30375 0.390833 0.10875000000000001 0.15000000000000002
0 0.30000000000000004 0.53625 0.07500000000000001 0.06583399999999995
0 0.28625 0.8033334999999999 0.03500000000000003 0.04166700000000001
0 0.28875 0.630833 0.030000000000000027 0.08999999999999997
0 0.3096875 0.765 0.06062500000000004 0.11333400000000005
0 0.3334375 0.4829165 0.05437499999999995 0.04083300000000001
0 0.3328125 0.3408335 0.03187499999999999 0.05666700000000002
0 0.35843749999999996 0.9045835 0.060624999999999984 0.06583300000000003
0 0.3559375 0.387083 0.05312500000000003 0.07750000000000001
0 0.38375 0.286667 0.0625 0.05499999999999999
0 0.39812499999999995 0.5279165 0.03875000000000001 0.07583300000000004
0 0.4134375 0.14875 0.05937500000000001 0.0625
0 0.39531249999999996 0.8200000000000001 0.018125000000000002 0.04833399999999999
0 0.4009375 0.6766665000000001 0.016874999999999973 0.09166700000000005
0 0.4253125 0.87375 0.05687500000000001 0.07250000000000001
0 0.446875 0.2020835 0.03375 0.059167000000000025
0 0.45218749999999996 0.98375 0.018125000000000002 0.030834000000000028
0 0.464375 0.8466665 0.03999999999999998 0.053333000000000075
0 0.5284375 0.45708350000000003 0.16562499999999997 0.13416700000000004
0 0.538125 0.985417 0.10249999999999998 0.02750000000000008
0 0.5115624999999999 0.21666649999999998 0.03312499999999996 0.04333299999999998
0 0.5234375 0.7825 0.05687500000000001 0.08333400000000002
0 0.5265625 0.7424999999999999 0.016875000000000084 0.04833399999999999
0 0.5503125 0.161667 0.059374999999999956 0.06
0 0.5859375 0.12 0.06812499999999999 0.06
0 0.63 0.28625 0.03750000000000009 0.11749999999999997
0 0.658125 0.1691665 0.07374999999999998 0.048333000000000015
0 0.6646875 0.265 0.07062499999999994 0.04666600000000001
0 0.6725 0.182917 0.05249999999999999 0.017500000000000016
0 0.7209375 0.462083 0.07187499999999991 0.07250000000000001
0 0.7571875 0.0395835 0.06437500000000007 0.070833
0 0.768125 0.38041650000000005 0.08625000000000005 0.090833
0 0.7815624999999999 0.6825 0.09062500000000007 0.0483340000000001
0 0.7793749999999999 0.215 0.07625000000000004 0.05333399999999999
0 0.8028124999999999 0.15375 0.01937500000000003 0.02416600000000002
0 0.8459375 0.2845835 0.05687500000000001 0.08583300000000002
0 0.885 0.725417 0.04125000000000001 0.07250000000000001
0 0.92875 0.3725 0.04625000000000001 0.04166599999999998
0 0.9546875 0.33791649999999995 0.08062499999999995 0.07583299999999998
0 0.9653125 0.7816665 0.06812499999999999 0.14333300000000004
0 0.994375 0.3370835 0.010000000000000009 0.03916700000000001
