0 0.3375 0.7242470000000001 0.06124999999999997 0.22504000000000002
0 0.2865625 0.17670349999999999 0.06812499999999999 0.259905
0 0.29874999999999996 0.42710000000000004 0.048750000000000016 0.26149000000000006
0 0.33406250000000004 0.4358165 0.043125000000000024 0.288431
0 0.3434375 0.1671945 0.05687500000000001 0.24405700000000002
0 0.3734375 0.1711565 0.08937500000000004 0.24405699999999997
0 0.38812500000000005 0.45047550000000003 0.065 0.35261499999999996
0 0.3984375 0.6893819999999999 0.055625000000000036 0.25673599999999996
0 0.434375 0.46909649999999997 0.0625 0.348653
0 0.4403125 0.189778 0.041874999999999996 0.260698
0 0.453125 0.7511885 0.06499999999999995 0.30110899999999996
0 0.47624999999999995 0.1810615 0.05124999999999996 0.271791
0 0.47187500000000004 0.4599845 0.03375 0.31299499999999997
0 0.49749999999999994 0.7496039999999999 0.06124999999999997 0.28684600000000005
0 0.515 0.5130745 0.04749999999999993 0.41283700000000007
0 0.5265625 0.18977850000000002 0.05937500000000001 0.24801900000000002
0 0.561875 0.7729794999999999 0.06499999999999995 0.35419900000000004
0 0.5809375 0.562599 0.07062499999999994 0.505546
0 0.575 0.1949285 0.04749999999999999 0.270999
0 0.6278125 0.209588 0.07437500000000008 0.32092
0 0.653125 0.7496035 0.06375000000000008 0.324881
0 0.6684375 0.5130745 0.06937499999999996 0.41283700000000007
0 0.669375 0.17511849999999998 0.06375000000000008 0.259905
0 0.7121875 0.1822505 0.05437499999999995 0.259905
