0 0.6534375 0.414634 0.078125 0.09005600000000002
0 0.060625 0.812852 0.0625 0.027204000000000006
0 0.0546875 0.33114449999999995 0.033124999999999995 0.090057
0 0.06375 0.5539395 0.04624999999999999 0.032833
0 0.0675 0.6364920000000001 0.05375 0.044090000000000074
0 0.104375 0.1252345 0.10875 0.102251
0 0.19125 0.390713 0.09875 0.11725999999999998
0 0.18406250000000002 0.6712005 0.071875 0.055347000000000035
0 0.17531249999999998 0.613039 0.048125 0.042213999999999974
0 0.2453125 0.2847095 0.170625 0.098499
0 0.2175 0.129925 0.10749999999999998 0.137898
0 0.18937500000000002 0.8442780000000001 0.04374999999999998 0.024390000000000023
0 0.2784375 0.54409 0.08562499999999998 0.07129399999999997
0 0.31875 0.414634 0.09249999999999997 0.10694199999999998
0 0.31999999999999995 0.6374295000000001 0.04375000000000001 0.030957000000000012
0 0.47375 0.27626649999999997 0.35125000000000006 0.287993
0 0.32718749999999996 0.748124 0.019374999999999976 0.06285200000000002
0 0.418125 0.6636960000000001 0.0625 0.066604
0 0.4140625 0.7875235 0.03187499999999999 0.053470999999999935
0 0.4425 0.488274 0.05499999999999999 0.040337999999999985
0 0.4546875 0.768762 0.018125000000000002 0.04596600000000006
0 0.47843749999999996 0.7584424999999999 0.03437499999999999 0.03470899999999999
0 0.49687499999999996 0.5389305 0.06124999999999997 0.04033700000000007
0 0.4846875 0.5070355 0.021874999999999978 0.03846100000000002
0 0.5334375 0.6041274999999999 0.04937499999999995 0.05628500000000003
0 0.5321875 0.5182925 0.03937500000000005 0.053470999999999935
0 0.56375 0.542683 0.053749999999999964 0.03658600000000001
0 0.5659375 0.4840525 0.03562500000000002 0.015008999999999995
0 0.5890625 0.6224205 0.038125000000000075 0.030957000000000012
0 0.5821875000000001 0.7349905 0.011874999999999969 0.029080999999999912
0 0.5896875 0.50985 0.024375000000000036 0.02908000000000005
0 0.59125 0.5576924999999999 0.011250000000000093 0.03658499999999998
0 0.625 0.7312384999999999 0.020000000000000018 0.032833
0 0.6615625 0.3166045 0.05312499999999998 0.03470899999999999
0 0.644375 0.697467 0.012499999999999956 0.027204000000000006
0 0.6890624999999999 0.533771 0.09187500000000004 0.08442799999999995
0 0.6628125 0.728893 0.014375000000000027 0.016885999999999957
0 0.6699999999999999 0.6805815 0.007499999999999951 0.032833
0 0.6890625 0.7195119999999999 0.02562500000000001 0.024390000000000023
0 0.6915625000000001 0.3081615 0.020625000000000004 0.032833
0 0.7206250000000001 0.7471855000000001 0.04500000000000004 0.05722299999999991
0 0.729375 0.6463415 0.050000000000000044 0.04878099999999996
0 0.7350000000000001 0.2678235 0.04625000000000001 0.032833
0 0.7709375 0.333021 0.015625 0.02063799999999999
0 0.903125 0.5211065 0.07124999999999992 0.09849899999999995
0 0.8828125 0.3531895 0.028124999999999956 0.04596699999999998
