0 0.284722 0.40183250000000004 0.569444 0.24869100000000005
0 0.579861 0.430628 0.05555600000000005 0.05497399999999997
0 0.615451 0.3782725 0.03298599999999996 0.03403099999999998
0 0.6631945 0.451571 0.04513900000000004 0.081152
0 0.6996525 0.366492 0.04513900000000004 0.05759199999999998
0 0.716146 0.405759 0.03645799999999999 0.052356000000000014
0 0.7829865 0.408377 0.04861099999999996 0.05759199999999998
0 0.9071180000000001 0.3730365 0.06770799999999999 0.070681
0 0.966146 0.3900525 0.02951399999999993 0.057591
0 0.986111 0.365183 0.02430600000000005 0.081152
