0 0.7303124999999999 0.694215 0.16812499999999997 0.598714
0 0.295 0.6262625 0.20375 0.43158900000000006
0 0.4403125 0.695133 0.23562499999999997 0.470156
0 0.5421875 0.446281 0.2856250000000001 0.14692399999999994
0 0.5790625 0.6928375 0.23562500000000003 0.410469
0 0.5137499999999999 0.28420599999999996 0.09999999999999998 0.11294799999999999
0 0.653125 0.120753 0.24624999999999997 0.241506
0 0.60875 0.301653 0.10375000000000001 0.13866
0 0.8203125 0.1492195 0.1243749999999999 0.177227
0 0.8853125 0.7828285 0.22812500000000002 0.432507
