0 0.3140625 0.714167 0.11937500000000001 0.16999999999999993
0 0.043125 0.6845829999999999 0.08625 0.1675000000000001
0 0.1915625 0.5191669999999999 0.37062500000000004 0.37
0 0.1484375 0.230833 0.018125000000000002 0.054999999999999966
0 0.16625 0.30125 0.012499999999999983 0.03750000000000003
0 0.17343750000000002 0.3091665 0.02687500000000001 0.05666700000000002
0 0.184375 0.23375 0.028749999999999998 0.07583399999999998
0 0.1953125 0.29874999999999996 0.014375000000000027 0.03916599999999998
0 0.2578125 0.8916664999999999 0.136875 0.20666700000000005
0 0.21531250000000002 0.32166649999999997 0.02562499999999998 0.05166699999999996
0 0.2534375 0.3254165 0.050625 0.07916699999999999
0 0.28812499999999996 0.15375 0.08124999999999999 0.084166
0 0.275625 0.24166700000000002 0.03749999999999998 0.10500000000000001
0 0.2846875 0.31666649999999996 0.021875000000000033 0.048333000000000015
0 0.315625 0.931667 0.08374999999999999 0.135
0 0.35875 0.1033335 0.16749999999999998 0.206667
0 0.32375 0.32708349999999997 0.026249999999999996 0.055832999999999966
0 0.33218749999999997 0.4666665 0.043125000000000024 0.06166699999999997
0 0.3334375 0.2433335 0.03187499999999999 0.05333300000000002
0 0.32781249999999995 0.3779165 0.018125000000000002 0.01916699999999999
0 0.3459375 0.39666650000000003 0.02812500000000001 0.05666699999999997
0 0.375 0.4666665 0.03749999999999998 0.058333000000000024
0 0.424375 0.90375 0.12124999999999997 0.17916600000000005
0 0.3771875 0.2391665 0.016874999999999973 0.04166700000000001
0 0.396875 0.5104165 0.02999999999999997 0.03583300000000006
0 0.40249999999999997 0.5708335 0.03375 0.08166699999999993
0 0.4096875 0.3725 0.01687500000000003 0.05333399999999999
0 0.41437500000000005 0.3304165 0.007500000000000007 0.034167
0 0.42593749999999997 0.22999999999999998 0.023125000000000007 0.05000000000000002
0 0.431875 0.363333 0.03500000000000003 0.044999999999999984
0 0.44 0.5004165 0.04125000000000001 0.08416699999999999
0 0.4471875 0.7112499999999999 0.05312499999999998 0.120834
0 0.4303125 0.3245835 0.011875000000000024 0.035833000000000004
0 0.515625 0.291667 0.14375000000000004 0.16999999999999998
0 0.52125 0.0795835 0.15250000000000002 0.12916699999999998
0 0.4634375 0.32166700000000004 0.02562500000000001 0.044999999999999984
0 0.530625 0.7966664999999999 0.14750000000000002 0.19833299999999998
0 0.4865625 0.53125 0.05437500000000006 0.12916599999999995
0 0.5375 0.9491670000000001 0.11499999999999999 0.09999999999999998
0 0.5775 0.7250000000000001 0.12250000000000005 0.14166599999999996
0 0.539375 0.5925 0.04125000000000001 0.10333400000000004
0 0.5640624999999999 0.3620835 0.020625000000000004 0.025832999999999995
0 0.6478125 0.9299999999999999 0.17312499999999997 0.13833400000000007
0 0.66625 0.2470835 0.19874999999999998 0.174167
0 0.6325000000000001 0.609583 0.08999999999999997 0.1825
0 0.6578125 0.457083 0.09937499999999999 0.09749999999999998
0 0.6875 0.5225 0.0787500000000001 0.10166599999999998
0 0.72375 0.6370835 0.1100000000000001 0.05583300000000002
0 0.771875 0.905 0.18625000000000003 0.188334
0 0.7971874999999999 0.6983330000000001 0.218125 0.14
0 0.786875 0.5691665 0.18999999999999995 0.14666699999999994
0 0.85625 0.8920835 0.19125000000000003 0.18583300000000003
0 0.813125 0.344167 0.07499999999999996 0.08999999999999997
0 0.826875 0.2929165 0.08875 0.07916700000000004
0 0.9121874999999999 0.5449999999999999 0.15937499999999993 0.173334
0 0.8721875 0.38208299999999995 0.04812499999999997 0.1275
0 0.9284375 0.7195834999999999 0.13937500000000003 0.12416700000000003
0 0.94 0.39249999999999996 0.11875000000000002 0.10333399999999998
0 0.9303125000000001 0.2125 0.073125 0.09833399999999998
0 0.958125 0.8404165 0.08250000000000002 0.13083299999999998
0 0.96 0.3304165 0.07874999999999999 0.08583300000000005
0 0.9762500000000001 0.9425 0.04625000000000001 0.10166600000000003
