0 0.11687499999999999 0.4925 0.19375 0.09666600000000003
0 0.30843750000000003 0.38125 0.09812499999999996 0.07083400000000001
0 0.319375 0.280833 0.07874999999999999 0.05500000000000005
0 0.339375 0.435417 0.04625000000000001 0.03749999999999998
0 0.38 0.16875 0.10250000000000004 0.069166
0 0.3859375 0.5475 0.09812500000000002 0.06499999999999995
0 0.4896875 0.7691665 0.17812499999999998 0.07666700000000004
0 0.45906250000000004 0.56125 0.09937500000000005 0.09583399999999997
0 0.4653125 0.4479165 0.08937499999999998 0.18583300000000003
0 0.47375 0.0629165 0.08749999999999997 0.11583299999999999
0 0.586875 0.6620835 0.07874999999999999 0.11916699999999991
0 0.628125 0.1316665 0.14374999999999993 0.05666700000000001
0 0.634375 0.8041665 0.15375000000000005 0.061666999999999916
0 0.6046875 0.01875 0.08937499999999998 0.0375
0 0.655 0.6508335000000001 0.03500000000000003 0.05833300000000008
0 0.7262500000000001 0.7508334999999999 0.09124999999999994 0.04833300000000007
0 0.8365625 0.672083 0.04937499999999995 0.07750000000000001
