0 0.0171875 0.6770835 0.034375 0.02083299999999999
0 0.0409375 0.727917 0.081875 0.022499999999999964
0 0.2125 0.62625 0.2375 0.03249999999999997
0 0.193125 0.6625 0.16 0.040000000000000036
0 0.1678125 0.7145835 0.05812499999999998 0.025832999999999995
0 0.289375 0.6479165 0.23624999999999996 0.04083300000000001
0 0.485625 0.6841665 0.07875000000000004 0.016666999999999987
0 0.614375 0.7058335 0.11874999999999991 0.036667000000000005
0 0.6625 0.5308335 0.11499999999999999 0.03833300000000006
0 0.64375 0.6604165 0.07250000000000001 0.02416699999999994
0 0.675625 0.75375 0.11499999999999999 0.03249999999999997
