0 0.205625 0.505 0.41125 0.696666
0 0.395 0.7308330000000001 0.04249999999999998 0.255
0 0.6231249999999999 0.7191665 0.48624999999999996 0.558333
0 0.43062500000000004 0.546667 0.03875000000000001 0.09999999999999992
0 0.45875 0.5433335 0.08499999999999996 0.12333299999999997
0 0.43374999999999997 0.6916665 0.02999999999999997 0.19333299999999998
0 0.47062499999999996 0.6475 0.06374999999999997 0.181666
0 0.47187500000000004 0.298333 0.06375000000000003 0.15000000000000002
0 0.51 0.5325 0.04749999999999993 0.07166599999999995
0 0.508125 0.6183335000000001 0.023749999999999993 0.12666699999999997
0 0.541875 0.5266664999999999 0.0462499999999999 0.093333
0 0.556875 0.2866665 0.07624999999999993 0.15333300000000002
0 0.598125 0.339167 0.12875000000000003 0.15500000000000003
0 0.593125 0.29583349999999997 0.09375 0.158333
0 0.635 0.44333350000000005 0.03750000000000009 0.143333
0 0.66 0.4041665 0.040000000000000036 0.148333
0 0.6837500000000001 0.3483335 0.025000000000000022 0.156667
0 0.725625 0.44583300000000003 0.04874999999999996 0.14500000000000002
0 0.71875 0.339167 0.030000000000000027 0.15500000000000003
0 0.7593749999999999 0.3191665 0.04625000000000001 0.168333
0 0.794375 0.3316665 0.061249999999999916 0.156667
0 0.839375 0.5433330000000001 0.09375 0.13
0 0.8262499999999999 0.404167 0.04500000000000004 0.14500000000000002
0 0.86875 0.5641665 0.11749999999999994 0.10833300000000001
0 0.90625 0.6499999999999999 0.18500000000000005 0.193334
0 0.921875 0.454167 0.08125000000000004 0.14500000000000002
0 0.9181250000000001 0.41000000000000003 0.06874999999999998 0.16999999999999998
0 0.965625 0.49416649999999995 0.06625000000000003 0.12833299999999997
0 0.969375 0.4266665 0.05875000000000008 0.14333300000000004
