0 0.23812499999999998 0.1241765 0.15124999999999997 0.16556900000000002
0 0.2865625 0.304327 0.13437500000000002 0.19473200000000002
0 0.4278125 0.470367 0.11562499999999998 0.23330200000000006
0 0.461875 0.9007525000000001 0.04749999999999999 0.19661300000000004
0 0.48874999999999996 0.7055505 0.03749999999999998 0.16368700000000003
0 0.56125 0.5573845 0.10999999999999999 0.19096900000000006
0 0.6771875 0.4788335 0.0681250000000001 0.13922900000000005
0 0.7353125 0.6284105 0.07687500000000003 0.14487300000000003
0 0.796875 0.8857010000000001 0.09000000000000008 0.18532399999999993
0 0.840625 0.8546564999999999 0.14374999999999993 0.269991
