0 0.869375 0.355066 0.22375 0.30675399999999997
0 0.025625 0.185741 0.05125 0.234522
0 0.0740625 0.9596625000000001 0.148125 0.07879899999999995
0 0.206875 0.7654785 0.41375 0.363977
0 0.246875 0.0938085 0.45875 0.187617
0 0.49624999999999997 0.7298315 0.345 0.138837
0 0.5321875 0.426829 0.39812499999999995 0.30206399999999994
0 0.6365624999999999 0.587711 0.428125 0.17729799999999996
0 0.653125 0.1360225 0.36374999999999996 0.227017
0 0.6621874999999999 0.305816 0.291875 0.13696000000000003
0 0.755 0.7654785 0.25 0.14071299999999998
0 0.8318749999999999 0.741557 0.22125000000000006 0.19230800000000003
0 0.8475 0.9066605 0.19625000000000004 0.18480300000000005
0 0.8665625 0.075047 0.10687500000000005 0.0788
0 0.9299999999999999 0.7354594999999999 0.13875000000000004 0.15759899999999993
0 0.950625 0.1181985 0.09750000000000003 0.161351
0 0.9615625 0.6181985000000001 0.07562500000000005 0.07317099999999999
0 0.9725 0.8100375 0.053749999999999964 0.10225099999999998
0 0.974375 0.0286115 0.050000000000000044 0.057223
