0 0.47781250000000003 0.579432 0.22687500000000005 0.724482
0 0.283125 0.280123 0.06875 0.201074
0 0.305625 0.405986 0.057499999999999996 0.173446
0 0.3315625 0.57406 0.09187499999999998 0.28702999999999995
0 0.3203125 0.626247 0.06437499999999996 0.16116599999999992
0 0.3884375 0.2920185 0.08812500000000001 0.266309
0 0.39656250000000004 0.4098235 0.049375 0.174981
0 0.56375 0.2793555 0.03874999999999995 0.168841
0 0.6128125 0.31389100000000003 0.109375 0.31619400000000003
0 0.64 0.6116655 0.06000000000000005 0.345357
0 0.65875 0.6607825 0.05874999999999997 0.412893
0 0.7037500000000001 0.4109745 0.05625000000000002 0.19416700000000003
