0 0.0777345 0.6661455000000001 0.04453100000000001 0.09062500000000007
0 0.10039050000000001 0.8354165 0.07421900000000001 0.03333300000000006
0 0.1730465 0.602604 0.08203099999999999 0.030208000000000013
0 0.19726549999999998 0.171875 0.12265699999999999 0.04375000000000001
0 0.18125000000000002 0.09739600000000001 0.04843800000000001 0.098958
0 0.2160155 0.7901045 0.08203100000000002 0.046875
0 0.241797 0.675 0.052344 0.09375
0 0.24570350000000002 0.298958 0.044531000000000015 0.043749999999999956
0 0.2875 0.14947950000000002 0.09531200000000001 0.096875
0 0.33671850000000003 0.765104 0.06562499999999999 0.10104200000000008
0 0.819141 0.765104 0.17109400000000008 0.06979200000000008
0 0.8222655000000001 0.3057295 0.142969 0.08437499999999998
0 0.860547 0.5151045000000001 0.16015600000000008 0.24687500000000007
0 0.9519535 0.3885415 0.09453099999999992 0.04166700000000001
0 0.965625 0.646875 0.06718799999999991 0.08333400000000002
