0 0.6375 0.184583 0.32249999999999995 0.26249999999999996
0 0.119375 0.28125 0.23875 0.08083399999999999
0 0.095625 0.09916699999999999 0.11250000000000002 0.095
0 0.2225 0.7558335 0.14875 0.06833300000000009
0 0.2753125 0.50875 0.20312500000000003 0.08749999999999997
0 0.32875 0.35875 0.11625000000000002 0.0675
0 0.41093749999999996 0.11 0.20312499999999994 0.145
0 0.4459375 0.2520835 0.169375 0.09416700000000003
0 0.41875 0.596667 0.09999999999999998 0.125
0 0.4490625 0.35875 0.10562499999999997 0.07416600000000001
0 0.713125 0.4858335 0.15375000000000005 0.09666699999999995
0 0.7890625 0.3729165 0.13937500000000003 0.12916699999999998
0 0.91875 0.39708350000000003 0.16125 0.13583300000000004
0 0.92625 0.7525 0.14625 0.09999999999999998
0 0.940625 0.5279165 0.11750000000000005 0.07083299999999998
0 0.964375 0.6312500000000001 0.07000000000000006 0.139166
