0 0.8283305000000001 0.045 0.24953100000000006 0.08625
0 0.008443 0.2028125 0.016886 0.021875000000000006
0 0.00985 0.2496875 0.0197 0.020625000000000004
0 0.020169 0.325 0.040338 0.02749999999999997
0 0.0708255 0.2446875 0.09662300000000001 0.030625000000000013
0 0.0839585 0.164375 0.122889 0.09250000000000001
0 0.070826 0.278125 0.08724199999999999 0.03249999999999997
0 0.0703565 0.325 0.07692299999999999 0.02749999999999997
0 0.16322699999999998 0.06625 0.180112 0.06625
0 0.129925 0.20906249999999998 0.051594 0.020624999999999977
0 0.1529085 0.32499999999999996 0.09756100000000001 0.03375
0 0.1454035 0.255 0.061912999999999996 0.03125
0 0.162758 0.1628125 0.03095600000000001 0.02437499999999998
0 0.454034 0.18656250000000002 0.022514000000000034 0.030624999999999986
0 0.848968 0.618125 0.300188 0.14500000000000002
