0 0.1403125 0.167451 0.024375000000000008 0.09219199999999998
0 0.2278125 0.5263405 0.02562500000000001 0.03480700000000003
0 0.261875 0.11900250000000001 0.06250000000000003 0.027281000000000014
0 0.24656250000000002 0.168391 0.011874999999999997 0.06397
0 0.291875 0.221543 0.07125000000000004 0.046096
0 0.28312499999999996 0.5159925000000001 0.04375000000000001 0.044215000000000004
0 0.2790625 0.023048 0.020625000000000004 0.034808000000000006
0 0.28156250000000005 0.2666985 0.023125000000000007 0.014110999999999985
0 0.3034375 0.3842895 0.05937500000000001 0.03668899999999997
0 0.328125 0.1608655 0.06499999999999995 0.071495
0 0.3103125 0.0174035 0.026874999999999982 0.034807
0 0.318125 0.326905 0.04249999999999998 0.02916200000000002
0 0.3215625 0.6185324999999999 0.023125000000000007 0.023518999999999957
0 0.3371875 0.453904 0.029374999999999984 0.036688
0 0.365625 0.2351835 0.0675 0.073377
0 0.358125 0.1058325 0.04750000000000004 0.031045000000000003
0 0.3578125 0.548448 0.029374999999999984 0.05644400000000005
0 0.36343749999999997 0.398871 0.023125000000000007 0.054562
0 0.4046875 0.490593 0.06937500000000002 0.10253999999999996
0 0.38968749999999996 0.5992475 0.026875000000000038 0.06961499999999998
0 0.41875 0.695202 0.06874999999999998 0.071496
0 0.41625 0.29444950000000003 0.03875000000000001 0.080903
0 0.42874999999999996 0.5531515 0.048750000000000016 0.07714100000000002
0 0.44125000000000003 0.402634 0.04250000000000004 0.08466600000000002
0 0.44625000000000004 0.45578549999999995 0.044999999999999984 0.025399000000000005
0 0.4565625 0.6246475 0.049375 0.026340999999999948
0 0.4503125 0.2144875 0.03187499999999999 0.082785
0 0.4653125 0.80762 0.02437499999999998 0.046095999999999915
0 0.49312500000000004 0.39699 0.03375 0.07713999999999999
0 0.5290625 0.6909689999999999 0.038124999999999964 0.05926599999999993
0 0.5284375 0.255409 0.02937499999999993 0.05174000000000001
0 0.545625 0.370649 0.043749999999999956 0.071496
0 0.5659375 0.312794 0.06687500000000002 0.04797800000000002
0 0.5553125000000001 0.4661335 0.03187499999999999 0.03480699999999998
0 0.5634375 0.8523045 0.04062500000000002 0.16556899999999997
0 0.5909375 0.541392 0.08562500000000006 0.05362200000000006
0 0.5809375 0.737535 0.02187500000000009 0.09783599999999992
0 0.5865625000000001 0.5968955 0.020625000000000004 0.03668899999999997
0 0.59875 0.38946349999999996 0.02124999999999999 0.07337699999999997
0 0.6103125 0.26905 0.03187499999999999 0.071496
0 0.618125 0.444967 0.04249999999999998 0.06961399999999995
0 0.65 0.6110065 0.02124999999999999 0.03104499999999999
0 0.6525000000000001 0.7958609999999999 0.016249999999999987 0.06961399999999995
0 0.6615625 0.3372535 0.01937500000000003 0.04233300000000001
0 0.6696875 0.5940735 0.018124999999999947 0.042332999999999954
0 0.6784375 0.415334 0.024375000000000036 0.055504
0 0.6975 0.5376295 0.050000000000000044 0.06114700000000006
0 0.7146875 0.6608655 0.05687500000000001 0.03104499999999999
0 0.7165625 0.3546565 0.026874999999999982 0.047036999999999995
0 0.7859375 0.562559 0.03187499999999999 0.06961399999999995
