0 0.528125 0.32917949999999996 0.15624999999999994 0.112149
0 0.0415625 0.4937695 0.080625 0.06542099999999995
0 0.09000000000000001 0.30010400000000004 0.155 0.08722800000000003
0 0.1459375 0.27777799999999997 0.184375 0.11941799999999997
0 0.1209375 0.490654 0.12187500000000001 0.102804
0 0.1296875 0.6521285 0.136875 0.1017650000000001
0 0.15875 0.0893045 0.1925 0.120457
0 0.1815625 0.412253 0.18937500000000002 0.09345799999999999
0 0.16875 0.79595 0.10250000000000001 0.028038000000000007
0 0.20906249999999998 0.8717550000000001 0.134375 0.055035999999999974
0 0.2328125 0.23624050000000002 0.179375 0.10072700000000004
0 0.218125 0.5861890000000001 0.10375000000000001 0.06334399999999996
0 0.2475 0.3437175 0.15749999999999997 0.097611
0 0.2809375 0.7248185 0.114375 0.047767000000000004
0 0.3359375 0.19574249999999999 0.180625 0.092419
0 0.33375 0.634476 0.14500000000000002 0.07891999999999999
0 0.35468750000000004 0.524922 0.164375 0.05088200000000004
0 0.4065625 0.4143305 0.16312499999999996 0.08099699999999999
0 0.42125 0.452233 0.15875 0.059189999999999965
0 0.43843750000000004 0.5508824999999999 0.18312500000000004 0.125649
0 0.416875 0.36812049999999996 0.12124999999999997 0.061267000000000016
0 0.4015625 0.589304 0.08812500000000001 0.048806000000000016
0 0.473125 0.803219 0.1375 0.030113999999999974
0 0.583125 0.413811 0.15500000000000003 0.14434000000000002
0 0.6168750000000001 0.5233645 0.1987500000000001 0.09968899999999997
0 0.6168750000000001 0.5991694999999999 0.16499999999999992 0.056074999999999986
0 0.7809375 0.443925 0.224375 0.15680199999999994
0 0.7621875 0.4865005 0.11562499999999998 0.06749699999999997
0 0.7793749999999999 0.34994800000000004 0.14249999999999996 0.07684399999999997
