0 0.7871874999999999 0.39625 0.20062499999999994 0.174166
0 0.4525 0.1954165 0.08625 0.07083300000000001
0 0.45625 0.4529165 0.04249999999999998 0.05916699999999997
0 0.4625 0.4425 0.04250000000000004 0.03833399999999998
0 0.54 0.5520835 0.04249999999999998 0.08416699999999999
0 0.53375 0.26749999999999996 0.01375000000000004 0.03999999999999998
0 0.573125 0.32125 0.02124999999999999 0.0675
0 0.5828125 0.2333335 0.04062500000000002 0.033333
0 0.5803125 0.343333 0.02937499999999993 0.050000000000000044
0 0.5856250000000001 0.34625 0.03749999999999998 0.02749999999999997
0 0.5943750000000001 0.57375 0.04749999999999999 0.07916600000000007
0 0.8965624999999999 0.21708349999999998 0.176875 0.065833
