0 0.728125 0.5493885000000001 0.053749999999999964 0.13170300000000001
0 0.291875 0.4430855 0.58375 0.539981
0 0.135625 0.618062 0.04625 0.0677319999999999
0 0.340625 0.6072435 0.05625000000000002 0.247413
0 0.3821875 0.6218250000000001 0.044375 0.10160000000000002
0 0.519375 0.5587960000000001 0.02124999999999999 0.05832599999999999
0 0.52125 0.7892755 0.020000000000000018 0.06020700000000001
0 0.575625 0.147225 0.08625000000000005 0.12888
0 0.5462499999999999 0.8828785 0.016249999999999987 0.06491099999999994
0 0.6178125 0.928034 0.034375000000000044 0.036688000000000054
0 0.6465624999999999 0.357479 0.07437499999999997 0.041391999999999984
0 0.8953125 0.3894635 0.018125000000000058 0.06585099999999999
0 0.9209375 0.8405455 0.02312499999999995 0.027281
0 0.9384375 0.854186 0.011874999999999969 0.015052000000000065
0 0.9478125 0.5983069999999999 0.025624999999999898 0.06396999999999997
0 0.9824999999999999 0.555033 0.03375000000000006 0.06585200000000002
0 0.9740625 0.793509 0.014374999999999916 0.025399999999999978
0 0.981875 0.955315 0.021250000000000102 0.044213999999999976
