0 0.018125 0.47 0.03625 0.063334
0 0.0290625 0.327917 0.026875000000000003 0.0625
0 0.050312499999999996 0.42500000000000004 0.020624999999999998 0.03999999999999998
0 0.0571875 0.21500000000000002 0.023125000000000007 0.036666000000000004
0 0.094375 0.32125000000000004 0.05374999999999999 0.07916600000000001
0 0.08156250000000001 0.6066665 0.023124999999999993 0.05166699999999991
0 0.1040625 0.407083 0.006874999999999992 0.027500000000000024
0 0.1375 0.5816665000000001 0.04000000000000001 0.053332999999999964
0 0.18156250000000002 0.2475 0.029375000000000012 0.046665999999999985
0 0.20218750000000002 0.4170835 0.011874999999999997 0.02083299999999999
0 0.26937500000000003 0.8908335000000001 0.14125000000000001 0.2133330000000001
0 0.2159375 0.372917 0.015625 0.02749999999999997
0 0.2371875 0.524583 0.05312499999999998 0.07749999999999996
0 0.2384375 0.420833 0.029374999999999984 0.020000000000000018
0 0.2328125 0.3491665 0.013124999999999998 0.011666999999999983
0 0.24031249999999998 0.5883335000000001 0.014374999999999999 0.053332999999999964
0 0.244375 0.3191665 0.010000000000000009 0.038333000000000006
0 0.25906250000000003 0.379583 0.02687500000000001 0.02749999999999997
0 0.2596875 0.40625 0.020625000000000004 0.03583400000000003
0 0.273125 0.368333 0.03500000000000003 0.03999999999999998
0 0.2746875 0.4575 0.01687500000000003 0.046665999999999985
0 0.2853125 0.23541649999999997 0.020625000000000004 0.035832999999999976
0 0.285625 0.3141665 0.010000000000000009 0.038333000000000006
0 0.315 0.27875 0.03874999999999995 0.03583400000000003
0 0.3209375 0.180417 0.016874999999999973 0.0325
0 0.358125 0.349583 0.04124999999999995 0.03250000000000003
0 0.360625 0.244167 0.04375000000000001 0.03999999999999998
0 0.34906250000000005 0.30208349999999995 0.018125000000000002 0.034167
0 0.36906249999999996 0.30874999999999997 0.019374999999999976 0.030833999999999973
0 0.38812500000000005 0.6241665000000001 0.028749999999999998 0.05166700000000002
0 0.3903125 0.2425 0.02562500000000001 0.036665999999999976
0 0.39625 0.3675 0.03500000000000003 0.03500000000000003
0 0.40249999999999997 0.3241665 0.02999999999999997 0.041666999999999954
0 0.415625 0.105417 0.034999999999999976 0.037500000000000006
0 0.7078125 0.25375 0.583125 0.505834
0 0.59125 0.6354165 0.03749999999999998 0.08416699999999999
0 0.6115625 0.4966665 0.05312500000000009 0.10333299999999995
0 0.65375 0.736667 0.02375000000000005 0.05999999999999994
0 0.77 0.685 0.03875000000000006 0.063334
0 0.7765625 0.523333 0.015625 0.04999999999999993
0 0.865 0.5475 0.040000000000000036 0.050000000000000044
0 0.919375 0.2533335 0.036250000000000004 0.036667000000000005
0 0.9884375 0.5566665 0.015625 0.03833300000000006
