0 0.0096875 0.6155865 0.019375 0.05954500000000007
0 0.01375 0.7955345 0.0275 0.03765300000000005
0 0.4996875 0.3813485 0.999375 0.762697
0 0.0315625 0.9592814999999999 0.028124999999999997 0.04816100000000001
0 0.0409375 0.7736425 0.021875 0.021890999999999994
0 0.0465625 0.14317000000000002 0.020625000000000004 0.03240000000000001
0 0.0521875 0.9163749999999999 0.030625000000000006 0.04115600000000008
0 0.0590625 0.186077 0.025624999999999995 0.03240000000000001
0 0.0578125 0.9789844999999999 0.021875000000000006 0.033275000000000055
0 0.208125 0.880035 0.31375 0.238178
0 0.0809375 0.7618210000000001 0.024374999999999994 0.015761999999999943
0 0.09 0.2202275 0.03125 0.03239900000000001
0 0.1096875 0.39929899999999996 0.04562500000000001 0.05604199999999998
0 0.1240625 0.193958 0.031875000000000014 0.02013999999999999
0 0.145 0.768389 0.05499999999999999 0.04115599999999997
0 0.1453125 0.826182 0.029375000000000012 0.04115599999999997
0 0.16312500000000002 0.185639 0.017499999999999988 0.06129600000000002
0 0.18625 0.6186515 0.03749999999999998 0.055166999999999966
0 0.1990625 0.8156745000000001 0.03187499999999999 0.02364299999999997
0 0.200625 0.4352015 0.028749999999999998 0.042030999999999985
0 0.229375 0.3839755 0.0625 0.04290699999999997
0 0.20906249999999998 0.1847635 0.016875 0.07530700000000001
0 0.2209375 0.5647985 0.03687499999999999 0.026268999999999987
0 0.2184375 0.42162849999999996 0.018125000000000002 0.03239900000000001
0 0.25125 0.17294199999999998 0.06749999999999998 0.05516600000000002
0 0.2353125 0.6033275 0.023125000000000007 0.028021000000000074
0 0.2390625 0.27101600000000003 0.028124999999999983 0.025393999999999972
0 0.239375 0.7561295 0.02874999999999997 0.03415100000000004
0 0.2396875 0.34238199999999996 0.019375000000000003 0.010508000000000017
0 0.2421875 0.3209285 0.024375000000000008 0.032398999999999956
0 0.34406250000000005 0.89317 0.023125000000000007 0.031523999999999996
0 0.3575 0.9417685 0.04749999999999999 0.02889699999999995
0 0.3459375 0.039842499999999996 0.016874999999999973 0.049913
0 0.379375 0.21497349999999998 0.04249999999999998 0.042907
0 0.4165625 0.76007 0.07062500000000005 0.06129600000000002
0 0.3934375 0.08931700000000001 0.016874999999999973 0.056041999999999995
0 0.4190625 0.5288965 0.06562500000000004 0.09281899999999998
0 0.41374999999999995 0.351576 0.04999999999999999 0.03590199999999999
0 0.433125 0.636602 0.07250000000000001 0.050788000000000055
0 0.4403125 0.1186515 0.06687500000000002 0.035901
0 0.435 0.242995 0.036250000000000004 0.02013999999999999
0 0.4765625 0.049036500000000004 0.070625 0.057793
0 0.529375 0.467601 0.10500000000000004 0.06129600000000002
0 0.506875 0.570928 0.012500000000000067 0.05254000000000003
0 0.5434375 0.576182 0.03187499999999999 0.056042000000000036
0 0.5662499999999999 0.887478 0.04500000000000004 0.062172000000000005
0 0.5940624999999999 0.669002 0.07687499999999992 0.07180399999999998
0 0.5825 0.7084060000000001 0.04125000000000001 0.021016000000000035
0 0.5856250000000001 0.5197025 0.02749999999999997 0.01838899999999999
0 0.64125 0.201839 0.012499999999999956 0.041156
0 0.67875 0.1392295 0.05500000000000005 0.024519000000000013
0 0.685 0.811296 0.03874999999999995 0.03590199999999999
0 0.686875 0.5284584999999999 0.04249999999999998 0.04816100000000001
0 0.7009375 0.0577935 0.024375000000000036 0.031522999999999995
0 0.711875 0.38791600000000004 0.020000000000000018 0.06479799999999997
0 0.7459374999999999 0.815674 0.08062500000000006 0.03064800000000001
0 0.7428125 0.055604 0.02562500000000001 0.035901999999999996
0 0.756875 0.5599825 0.053749999999999964 0.04290699999999992
0 0.7771874999999999 0.7184765 0.04312499999999997 0.03415099999999993
0 0.7746875 0.23817900000000003 0.03687499999999999 0.071804
0 0.7915625 0.9089320000000001 0.025624999999999898 0.01926400000000006
0 0.8446875 0.39886200000000005 0.021874999999999978 0.04641000000000001
0 0.8715625 0.317426 0.02937499999999993 0.03064800000000001
0 0.8959375 0.20359 0.021874999999999978 0.03590199999999999
0 0.9090625000000001 0.13791599999999998 0.020625000000000004 0.03765399999999999
0 0.9240625 0.959282 0.024375000000000036 0.020140000000000047
0 0.940625 0.72373 0.05500000000000005 0.04115599999999997
0 0.9359375000000001 0.46365999999999996 0.03312499999999996 0.025393999999999972
0 0.96625 0.8489495 0.06500000000000006 0.032398999999999956
0 0.9584375 0.8174255 0.03937500000000005 0.03415100000000004
0 0.9603124999999999 0.884851 0.030625000000000013 0.025394000000000028
0 0.9915625 0.9430825 0.015625 0.049037
0 0.9946875 0.714098 0.009375000000000022 0.025393999999999917
