0 0.56625 0.735 0.2 0.14666599999999996
0 0.0446875 0.0395835 0.089375 0.079167
0 0.4996875 0.5425 0.999375 0.913334
0 0.1953125 0.0129165 0.02812500000000001 0.025833
0 0.24875 0.0741665 0.034999999999999976 0.016667
0 0.37 0.0279165 0.04249999999999998 0.020832999999999997
0 0.5296875 0.06875 0.028124999999999956 0.079166
0 0.576875 0.07125000000000001 0.022499999999999964 0.022500000000000006
0 0.635 0.00875 0.030000000000000027 0.0175
0 0.8196875 0.0425 0.04312500000000008 0.043334
0 0.9671875000000001 0.0629165 0.06437499999999996 0.049166999999999995
