0 0.0525 0.710833 0.105 0.1050000000000001
0 0.0940625 0.2175 0.09687499999999999 0.04833399999999999
0 0.10375 0.39749999999999996 0.07999999999999999 0.136666
0 0.1525 0.4808335 0.10999999999999999 0.09333299999999994
0 0.13625 0.635 0.07 0.066666
0 0.16999999999999998 0.405 0.08249999999999999 0.14833400000000002
0 0.1771875 0.1895835 0.09687499999999999 0.030833
0 0.17125 0.71375 0.07999999999999999 0.124166
0 0.1878125 0.2741665 0.10062499999999999 0.04166700000000001
0 0.1790625 0.1320835 0.061874999999999986 0.03583299999999999
0 0.239375 0.7433335000000001 0.1575 0.146667
0 0.2271875 0.17375000000000002 0.08687500000000001 0.035834000000000005
0 0.22218749999999998 0.22249999999999998 0.053125000000000006 0.05833399999999997
0 0.37124999999999997 0.69 0.11625000000000002 0.063334
0 0.38187499999999996 0.8429165000000001 0.11374999999999996 0.18583300000000003
0 0.3725 0.44125000000000003 0.07499999999999996 0.1275
0 0.4171875 0.5420834999999999 0.130625 0.094167
0 0.390625 0.1845835 0.0675 0.04083299999999998
0 0.45406250000000004 0.888333 0.17312500000000003 0.08500000000000008
0 0.4159375 0.30625 0.05312499999999998 0.12583400000000003
0 0.42375 0.212917 0.04249999999999998 0.0675
0 0.49875 0.19916699999999998 0.08125000000000004 0.05000000000000002
0 0.48625 0.149167 0.053750000000000075 0.04999999999999999
0 0.49656249999999996 0.326667 0.07437499999999997 0.11499999999999999
0 0.5140625 0.526667 0.04562499999999997 0.11499999999999999
0 0.5334375 0.7245835 0.034375000000000044 0.13916699999999993
0 0.5425 0.365 0.04249999999999998 0.10499999999999998
0 0.5825 0.49291650000000004 0.09125000000000005 0.12416700000000003
0 0.56375 0.59875 0.036250000000000004 0.06416599999999995
0 0.578125 0.2466665 0.03875000000000006 0.10666699999999998
0 0.5909375 0.2029165 0.059374999999999956 0.08416699999999999
0 0.5984375 0.420833 0.05437499999999995 0.15500000000000003
0 0.605625 0.9225 0.040000000000000036 0.14666599999999996
0 0.6171875 0.20375 0.0631250000000001 0.08249999999999999
0 0.6709375 0.17333300000000001 0.12687499999999996 0.04000000000000001
0 0.6690625 0.22083350000000002 0.08687500000000004 0.08333300000000002
0 0.6490625000000001 0.8020835 0.030625000000000013 0.12583299999999997
0 0.665625 0.6145835 0.043749999999999956 0.11916699999999991
0 0.8096875 0.38958349999999997 0.3243750000000001 0.285833
0 0.6978125 0.18958350000000002 0.0981249999999999 0.07583300000000001
0 0.739375 0.567083 0.12624999999999997 0.13749999999999996
0 0.7496875000000001 0.6925 0.09562499999999996 0.2033339999999999
0 0.754375 0.1804165 0.07125000000000004 0.029167
0 0.776875 0.5354165 0.08000000000000007 0.12583300000000003
0 0.8309375 0.8733329999999999 0.1781250000000001 0.10999999999999999
0 0.7996875 0.2354165 0.06062499999999993 0.090833
0 0.854375 0.9375 0.10624999999999996 0.1100000000000001
0 0.8309375 0.16 0.05437500000000006 0.046665999999999985
0 0.8603125 0.22791650000000002 0.06812499999999999 0.07916700000000002
0 0.8628125 0.56125 0.06062499999999993 0.07750000000000001
0 0.8878125 0.21416649999999998 0.05437500000000006 0.061667
0 0.893125 0.19 0.053750000000000075 0.05499999999999999
0 0.9246875 0.265 0.06562500000000004 0.10833399999999999
0 0.9293750000000001 0.44166700000000003 0.0675 0.05499999999999999
0 0.9293750000000001 0.5266665 0.03874999999999995 0.10833300000000007
0 0.9706250000000001 0.30874999999999997 0.028749999999999942 0.08916600000000002
0 0.97875 0.23125 0.03750000000000009 0.07583399999999998
0 0.9921875 0.14958300000000002 0.014375000000000027 0.0325
