0 0.446875 0.5286649999999999 0.15625 0.19574199999999997
0 0.05500000000000001 0.26167050000000003 0.027500000000000004 0.041769
0 0.1040625 0.4586405 0.118125 0.24242499999999995
0 0.265625 0.531122 0.09499999999999997 0.08435799999999993
0 0.248125 0.3386565 0.048750000000000016 0.046682999999999975
0 0.38125 0.2952495 0.0625 0.09418499999999999
0 0.40625 0.0880425 0.06000000000000005 0.051597
0 0.429375 0.35053199999999995 0.022499999999999964 0.042588000000000015
0 0.5862499999999999 0.164619 0.15499999999999992 0.201474
0 0.6046875 0.355446 0.14187500000000008 0.076986
0 0.56125 0.302211 0.03374999999999995 0.07371
0 0.5678125 0.7669945 0.0368750000000001 0.04013100000000003
0 0.7525 0.7334155 0.10875000000000001 0.0647009999999999
0 0.77 0.45823099999999994 0.10499999999999998 0.15479199999999999
0 0.8771875 0.356265 0.059374999999999956 0.09336599999999995
0 0.9040625 0.19041750000000002 0.08937499999999998 0.08435699999999999
0 0.9203125000000001 0.22727250000000002 0.06187500000000001 0.06142500000000001
0 0.9412499999999999 0.50819 0.02749999999999997 0.05159800000000003
