0 0.0307615 0.6992705 0.061523 0.07007300000000005
0 0.0458985 0.938686 0.091797 0.10511000000000004
0 0.09667999999999999 0.6635035 0.166016 0.08905099999999999
0 0.12402350000000001 0.7824815 0.08789100000000001 0.113869
0 0.23291 0.948175 0.10058599999999998 0.10072999999999999
0 0.282227 0.6145985 0.15625 0.08175100000000002
0 0.3217775 0.7328465 0.182617 0.13138700000000003
0 0.397461 0.41970799999999997 0.144532 0.09488999999999997
0 0.44189449999999997 0.948905 0.176757 0.07591199999999998
0 0.4433595 0.6313865000000001 0.11718699999999999 0.07153299999999996
0 0.413574 0.7036495 0.04199200000000003 0.09343099999999993
0 0.49560550000000003 0.4445255 0.07128899999999999 0.138687
0 0.561523 0.848905 0.0800780000000001 0.10657000000000005
0 0.572754 0.681752 0.09472599999999998 0.09926999999999997
0 0.6777345 0.759854 0.07226500000000002 0.17372200000000004
0 0.712402 0.651095 0.08300799999999997 0.11970800000000004
