0 0.6131249999999999 0.3041665 0.10124999999999995 0.08166699999999999
0 0.0175 0.22708299999999998 0.03375 0.08249999999999999
0 0.038125 0.5654165 0.075 0.08416699999999999
0 0.050625 0.1358335 0.027500000000000004 0.041666999999999996
0 0.0978125 0.09375 0.059375 0.029165999999999997
0 0.19874999999999998 0.53375 0.07999999999999999 0.040833999999999926
0 0.1953125 0.422083 0.05562499999999998 0.07250000000000001
0 0.203125 0.17041699999999999 0.030000000000000027 0.027499999999999997
0 0.2203125 0.5716669999999999 0.05937500000000001 0.07500000000000007
0 0.20500000000000002 0.27 0.017499999999999988 0.05166600000000002
0 0.2625 0.1725 0.09124999999999997 0.05166600000000002
0 0.31625000000000003 0.0533335 0.04124999999999995 0.051667000000000005
0 0.5706249999999999 0.4391665 0.04375000000000007 0.05166700000000002
0 0.7146874999999999 0.0766665 0.145625 0.088333
0 0.79125 0.2975 0.08000000000000007 0.05499999999999999
0 0.9121874999999999 0.0395835 0.17437500000000006 0.079167
0 0.9553125 0.734583 0.06437500000000007 0.07750000000000001
0 0.9425 0.19 0.03125 0.063334
