0 0.005 0.37664200000000003 0.01 0.04409000000000002
0 0.0228125 0.2983115 0.045625 0.05440900000000004
0 0.0253125 0.42636050000000003 0.030625 0.036585000000000034
0 0.0434375 0.334428 0.033125 0.040337999999999985
0 0.0428125 0.3794555 0.024375 0.030957000000000012
0 0.0675 0.41088199999999997 0.04375 0.04877999999999999
0 0.08125 0.367261 0.04000000000000001 0.038461999999999996
0 0.0728125 0.3128515 0.015625 0.032833
0 0.0953125 0.283771 0.034375 0.03658600000000001
0 0.105 0.32833049999999997 0.046249999999999986 0.03189499999999995
0 0.491875 0.4737335 0.7787499999999999 0.604127
0 0.5821875000000001 0.797373 0.08562499999999995 0.06754199999999999
0 0.7065625 0.7818944999999999 0.07062499999999994 0.055346999999999924
0 0.7646875 0.2002815 0.06437499999999996 0.03846100000000002
0 0.7871874999999999 0.7842405 0.08562499999999995 0.05628499999999992
0 0.826875 0.2021575 0.050000000000000044 0.04596700000000001
0 0.850625 0.855066 0.09750000000000003 0.06285199999999991
0 0.8518749999999999 0.22748600000000002 0.061249999999999916 0.03470999999999999
0 0.8512500000000001 0.6927764999999999 0.04250000000000009 0.03470899999999999
0 0.8665624999999999 0.7256095 0.06312499999999999 0.053471000000000046
0 0.8671875 0.2678235 0.03312500000000007 0.03470899999999999
0 0.8731249999999999 0.290807 0.04500000000000004 0.02626600000000001
0 0.878125 0.5225139999999999 0.04500000000000004 0.03564800000000001
0 0.880625 0.33020649999999996 0.040000000000000036 0.052532999999999996
0 0.879375 0.5858345 0.03500000000000003 0.032833
0 0.906875 0.3982175 0.04875000000000007 0.03846099999999997
0 0.903125 0.2640715 0.036250000000000004 0.030957000000000012
0 0.9043749999999999 0.5839585 0.036250000000000004 0.03658499999999998
0 0.9081250000000001 0.5290809999999999 0.03375000000000006 0.022514000000000034
0 0.9171875 0.7209194999999999 0.045624999999999916 0.04784299999999997
0 0.9475 0.6139775 0.10375000000000001 0.126641
0 0.928125 0.900094 0.06000000000000005 0.042214000000000085
0 0.934375 0.35412750000000004 0.04500000000000004 0.03846100000000002
0 0.9396875 0.746248 0.041874999999999996 0.04596599999999995
0 0.9371875000000001 0.5647279999999999 0.03437499999999993 0.028142
0 0.950625 0.8044089999999999 0.05625000000000002 0.05722400000000005
0 0.96375 0.478893 0.050000000000000044 0.030955999999999984
0 0.9684375000000001 0.501407 0.03562499999999991 0.03658600000000006
