0 0.0415625 0.49124999999999996 0.014374999999999999 0.017500000000000016
0 0.0565625 0.5137499999999999 0.02562500000000001 0.02416600000000002
0 0.059062500000000004 0.5470835000000001 0.015625000000000007 0.015833000000000097
0 0.0753125 0.5358335000000001 0.019375000000000003 0.013332999999999928
0 0.184375 0.5204165000000001 0.03125 0.01416699999999993
0 0.3703125 0.427917 0.17812499999999998 0.08250000000000002
0 0.34843749999999996 0.5591664999999999 0.033125000000000016 0.011666999999999983
0 0.6390625 0.46875 0.028124999999999956 0.02416600000000002
0 0.6525000000000001 0.45499999999999996 0.025000000000000022 0.016666000000000014
0 0.6990625 0.3970835 0.034375000000000044 0.025832999999999995
0 0.7306250000000001 0.42374999999999996 0.026249999999999996 0.017500000000000016
0 0.7315625 0.14 0.024375000000000036 0.01999999999999999
0 0.73625 0.43875 0.03125 0.01583399999999996
0 0.7421875 0.3825 0.02562500000000001 0.020000000000000018
0 0.76125 0.38875000000000004 0.03749999999999998 0.012500000000000011
0 0.755625 0.13208350000000002 0.010000000000000009 0.015833000000000014
0 0.766875 0.36125 0.03125 0.015834000000000015
0 0.7778125 0.44541699999999995 0.01937500000000003 0.012500000000000011
0 0.8084374999999999 0.39625 0.02312499999999995 0.030834000000000028
0 0.8103125 0.4566665 0.014375000000000027 0.031667
0 0.871875 0.127083 0.010000000000000009 0.012500000000000011
