0 0.148125 0.4425 0.05374999999999999 0.065
0 0.2540625 0.38749999999999996 0.04187500000000002 0.065
0 0.2575 0.6129165 0.03500000000000003 0.03416700000000006
0 0.34 0.4141665 0.09375 0.053332999999999964
0 0.31999999999999995 0.5966665 0.023749999999999993 0.036667000000000005
0 0.3503125 0.6170835 0.04562499999999997 0.025832999999999995
0 0.4134375 0.833333 0.05812499999999998 0.03499999999999992
0 0.43875 0.4004165 0.05375000000000002 0.035833000000000004
0 0.454375 0.6604165 0.07 0.029167000000000054
0 0.4634375 0.5700000000000001 0.05687500000000001 0.03833399999999998
0 0.4715625 0.8308329999999999 0.05062500000000003 0.029999999999999916
0 0.50875 0.421667 0.03874999999999995 0.10499999999999998
0 0.611875 0.3725 0.021250000000000102 0.043333999999999984
0 0.6415625 0.6004165 0.07187500000000002 0.029166999999999943
