0 0.125 0.5514705 0.119282 0.07352899999999996
0 0.14624199999999998 0.6797385 0.08333399999999999 0.06209100000000001
0 0.17973850000000002 0.49673199999999995 0.104575 0.04902000000000001
0 0.1936275 0.629085 0.10947699999999999 0.05555599999999994
0 0.23284349999999998 0.7303919999999999 0.12908499999999998 0.062091999999999925
0 0.3602945 0.105392 0.38398699999999997 0.210784
0 0.3406865 0.5972219999999999 0.158497 0.05718999999999996
0 0.33741849999999995 0.6993465 0.10947699999999999 0.05882300000000007
0 0.4117645 0.633987 0.11111100000000002 0.062092000000000036
0 0.4591505 0.5204249999999999 0.15359499999999998 0.04411799999999999
