0 0.0077865 0.4078125 0.015573 0.044375
0 0.0244715 0.5115625 0.048943 0.03937499999999999
0 0.02614 0.054375 0.05228 0.06999999999999999
0 0.1551725 0.33781249999999996 0.310345 0.128125
0 0.1657395 0.73875 0.21579500000000001 0.08750000000000002
0 0.14349299999999998 0.64125 0.11568399999999998 0.10375000000000001
0 0.24304800000000001 0.1490625 0.243604 0.090625
0 0.21412699999999998 0.4240625 0.16129 0.05437500000000001
0 0.304227 0.618125 0.292548 0.13624999999999998
0 0.2385985 0.53125 0.11902100000000002 0.03750000000000009
0 0.3147945 0.77875 0.233593 0.07874999999999999
0 0.304227 0.3209375 0.18798600000000001 0.075625
0 0.269188 0.226875 0.06896600000000003 0.06500000000000003
0 0.3709675 0.71875 0.17018900000000003 0.05125000000000002
0 0.3998885 0.31781250000000005 0.08787499999999998 0.044375
0 0.41991100000000003 0.580625 0.09677399999999997 0.061249999999999916
0 0.40878749999999997 0.5096875 0.070077 0.043125000000000024
0 0.5105675000000001 0.42093749999999996 0.206897 0.07187499999999997
0 0.538376 0.650625 0.24916599999999994 0.09250000000000003
0 0.548943 0.48843749999999997 0.21023399999999998 0.09937499999999999
0 0.538376 0.1303125 0.11568400000000001 0.05312499999999999
0 0.593437 0.3521875 0.10344799999999998 0.044375
0 0.778643 0.7728125 0.347052 0.11812500000000004
0 0.6585095000000001 0.71875 0.08231299999999997 0.05125000000000002
0 0.670745 0.423125 0.082314 0.05624999999999997
0 0.7347049999999999 0.5403125 0.1857620000000001 0.07687500000000003
0 0.7419355 0.3046875 0.07341500000000001 0.09187500000000004
0 0.7436039999999999 0.40031249999999996 0.07675200000000004 0.04812500000000003
0 0.772525 0.09375 0.12124599999999996 0.056249999999999994
0 0.82703 0.7071875000000001 0.23025600000000002 0.08187500000000003
0 0.855951 0.6446875000000001 0.17241400000000007 0.08062500000000006
0 0.877642 0.08875 0.197998 0.08374999999999999
0 0.8631815 0.5146875 0.157953 0.06687499999999996
0 0.8515014999999999 0.2371875 0.06117899999999998 0.073125
0 0.9176865000000001 0.2278125 0.16240299999999996 0.11312499999999998
0 0.9137930000000001 0.19624999999999998 0.08787599999999995 0.046249999999999986
0 0.9649615 0.4028125 0.06785300000000005 0.06312499999999999
0 0.976641 0.04625 0.044494000000000034 0.0925
