0 0.6565625 0.44111100000000003 0.33812500000000006 0.602222
0 0.16125 0.615 0.09749999999999999 0.05888800000000005
0 0.3746875 0.6538889999999999 0.06812499999999999 0.04555600000000004
0 0.3990625 0.782778 0.078125 0.05222199999999999
0 0.41125 0.8405555 0.10250000000000004 0.06333300000000008
0 0.65125 0.842778 0.08624999999999994 0.050000000000000044
0 0.65125 0.9594445 0.08624999999999994 0.054444999999999966
0 0.7759375 0.29500000000000004 0.17937499999999995 0.22111200000000003
0 0.8403125 0.881111 0.08937499999999998 0.09333400000000003
0 0.909375 0.8316669999999999 0.05625000000000002 0.032222000000000084
