0 0.47875500000000004 0.390625 0.33919400000000005 0.30468800000000007
0 0.09011 0.910156 0.18022 0.17773399999999995
0 0.158242 0.526855 0.300366 0.225586
0 0.265568 0.12451150000000001 0.10183199999999998 0.192383
0 0.518315 0.8569335 0.40952399999999994 0.24511700000000003
0 0.48131900000000005 0.064453 0.322344 0.128906
0 0.4395605 0.192871 0.197803 0.211914
0 0.607326 0.6328125 0.34578800000000004 0.22851500000000002
0 0.796337 0.313965 0.35751 0.25293
0 0.9619044999999999 0.1293945 0.07472500000000004 0.147461
