0 0.539551 0.4733075 0.391602 0.259115
0 0.020996 0.66862 0.041992 0.029948000000000086
0 0.2651365 0.751953 0.5185550000000001 0.24609400000000003
0 0.067383 0.157552 0.05468800000000001 0.03125
0 0.13916 0.169271 0.079102 0.03125
0 0.174805 0.2708335 0.03125 0.02083299999999999
0 0.203125 0.3170575 0.02734399999999998 0.042969000000000035
0 0.227539 0.1471355 0.07226600000000002 0.039063000000000014
0 0.4213865 0.6536455 0.43261700000000003 0.171875
0 0.227539 0.3027345 0.019531999999999994 0.02473900000000001
0 0.240723 0.498047 0.03808600000000001 0.03515600000000002
0 0.2641605 0.48828099999999997 0.04003899999999999 0.033853999999999995
0 0.2661135 0.2272135 0.04003900000000002 0.024738999999999983
0 0.27783199999999997 0.1321615 0.043945999999999985 0.032552999999999985
0 0.275879 0.308594 0.03417999999999999 0.02604200000000001
0 0.29980450000000003 0.4420575 0.056641 0.08203099999999997
0 0.37793 0.123047 0.041016 0.032552
0 0.446777 0.203776 0.020508000000000026 0.04036399999999998
0 0.482422 0.3164065 0.03711000000000003 0.015625
0 0.5092775 0.1588545 0.036133000000000026 0.020833000000000018
0 0.5410155 0.1315105 0.07031300000000007 0.036459000000000005
0 0.5776365 0.114583 0.06738299999999997 0.03645800000000002
0 0.7231445000000001 0.28125 0.16503900000000005 0.11458400000000002
0 0.6953125 0.828125 0.05468699999999993 0.0260419999999999
0 0.7050780000000001 0.7760415 0.04882799999999998 0.02083299999999999
0 0.7456054999999999 0.416016 0.04199300000000006 0.029947999999999975
0 0.776367 0.1158855 0.058594000000000035 0.026040999999999995
0 0.8559570000000001 0.1634115 0.05761800000000006 0.04296900000000001
0 0.873047 0.6035155 0.06835999999999998 0.042969000000000035
0 0.862793 0.200521 0.045897999999999994 0.023438000000000014
0 0.8657225 0.548177 0.022460999999999953 0.02864599999999995
0 0.907227 0.7597659999999999 0.0625 0.032552000000000025
0 0.8984375 0.1451825 0.033203000000000094 0.022134999999999988
0 0.9150389999999999 0.8229165 0.042968000000000006 0.02343700000000004
0 0.934082 0.8541669999999999 0.05175799999999997 0.02604200000000001
0 0.9326175 0.1158855 0.011719000000000035 0.023437
0 0.9643554999999999 0.6803385 0.06933500000000004 0.035156999999999994
0 0.9526365 0.122396 0.032227000000000006 0.023438000000000014
0 0.9555665 0.3684895 0.022461000000000064 0.015625
0 0.9819335 0.1328125 0.03417899999999996 0.02083299999999999
0 0.9838865 0.5813805000000001 0.022461000000000064 0.016927000000000025
