0 0.526367 0.5625 0.945312 0.8715280000000001
0 0.125 0.2899305 0.050781999999999994 0.06944500000000003
0 0.136719 0.2239585 0.039062 0.07638900000000001
0 0.22363300000000003 0.169271 0.09961 0.11979200000000001
0 0.289551 0.18316 0.13574200000000003 0.06423599999999999
0 0.4003905 0.17274299999999998 0.109375 0.07118
0 0.49707 0.11892350000000002 0.15625 0.07118100000000001
0 0.5615235000000001 0.10243050000000001 0.10156299999999996 0.06944499999999999
0 0.646973 0.1145835 0.14941399999999994 0.07291700000000001
0 0.6684570000000001 0.153646 0.12207000000000001 0.03992999999999999
0 0.714844 0.1076385 0.08007799999999998 0.048611
0 0.732422 0.136285 0.058594000000000035 0.03645800000000002
0 0.794922 0.1284725 0.08789000000000002 0.072917
0 0.8574215000000001 0.166667 0.050781000000000076 0.059028
0 0.907715 0.197049 0.05566400000000005 0.06423600000000002
