0 0.55625 0.32916650000000003 0.12250000000000005 0.08833300000000005
0 0.24281250000000001 0.3170835 0.366875 0.385833
0 0.4525 0.42000000000000004 0.08374999999999999 0.065
0 0.4778125 0.16833350000000002 0.030624999999999958 0.058332999999999996
0 0.54875 0.5404165 0.0625 0.05916699999999997
0 0.5543750000000001 0.19624999999999998 0.039999999999999925 0.07583399999999998
0 0.6234375 0.5754170000000001 0.09812500000000002 0.07750000000000001
0 0.6315625 0.655833 0.05687500000000001 0.06000000000000005
0 0.666875 0.28041649999999996 0.06624999999999992 0.04416700000000001
0 0.700625 0.37749999999999995 0.11249999999999993 0.06
0 0.82375 0.4566665 0.04625000000000001 0.05333300000000002
0 0.9084375 0.48874999999999996 0.04312500000000008 0.03749999999999998
0 0.9199999999999999 0.45166649999999997 0.039999999999999925 0.04333300000000001
