0 0.1221875 0.3001865 0.111875 0.284781
0 0.308125 0.528945 0.35250000000000004 0.18954200000000004
0 0.16625 0.0849675 0.06625 0.169935
0 0.2778125 0.6073765 0.05437500000000001 0.303455
0 0.5293749999999999 0.36041100000000004 0.057499999999999996 0.13258600000000004
0 0.6268750000000001 0.6792715 0.25250000000000006 0.28291299999999997
0 0.5809375 0.41409850000000004 0.09062499999999996 0.12418299999999999
0 0.6737500000000001 0.452381 0.13374999999999992 0.20448199999999994
0 0.6312500000000001 0.23015850000000002 0.04625000000000001 0.10550900000000002
0 0.7421875 0.38048550000000003 0.06812499999999999 0.16153100000000004
0 0.7340625000000001 0.2609715 0.03312499999999996 0.10550899999999999
