0 0.10375 0.0291665 0.2075 0.058333
0 0.355 0.4004165 0.58125 0.3708330000000001
0 0.4015625 0.705 0.17562500000000003 0.176666
0 0.53 0.1341665 0.26499999999999996 0.206667
0 0.5240625 0.6933335 0.18312499999999998 0.16333300000000006
0 0.535625 0.9225 0.12874999999999998 0.15333400000000008
0 0.6046875 0.68625 0.218125 0.20083399999999996
0 0.6053124999999999 0.906667 0.16562500000000002 0.18500000000000005
0 0.6440625 0.68875 0.17062500000000003 0.16916600000000004
0 0.6678125 0.9075 0.09937499999999999 0.183334
0 0.7378125 0.9008335000000001 0.150625 0.19666700000000004
0 0.8309375 0.5304165 0.33687500000000004 0.13083299999999992
0 0.881875 0.6441665000000001 0.235 0.11333300000000002
0 0.8528125 0.945417 0.10187500000000005 0.10750000000000004
0 0.901875 0.8420835 0.19500000000000006 0.05583300000000002
0 0.9146875 0.937917 0.16937500000000005 0.03249999999999997
