0 0.456875 0.7362500000000001 0.37 0.44416599999999995
0 0.44875 0.22333350000000002 0.31124999999999997 0.15166700000000002
0 0.35875 0.4029165 0.07250000000000001 0.339167
0 0.400625 0.6008335 0.1275 0.26333300000000004
0 0.41812499999999997 0.4691665 0.10625000000000001 0.478333
0 0.55125 0.7608334999999999 0.315 0.47666700000000006
0 0.4725 0.37541650000000004 0.12124999999999997 0.474167
0 0.5209375 0.6387499999999999 0.208125 0.5391659999999999
0 0.5990625 0.3470835 0.13687499999999997 0.275833
0 0.67125 0.36291650000000003 0.07499999999999996 0.334167
0 0.6971875000000001 0.7783335 0.07187500000000002 0.3766670000000001
