0 0.14437499999999998 0.13433699999999998 0.22874999999999998 0.21293199999999998
0 0.20218750000000002 0.4414715 0.03312499999999999 0.062431000000000014
0 0.2375 0.859532 0.05500000000000002 0.15830599999999995
0 0.24375000000000002 0.536232 0.06250000000000003 0.08695599999999992
0 0.2303125 0.7090305 0.013124999999999998 0.03344499999999995
0 0.2490625 0.6655519999999999 0.02437499999999998 0.15830599999999995
0 0.31343750000000004 0.23467149999999998 0.138125 0.11482699999999998
0 0.30843750000000003 0.6555185 0.03812500000000002 0.10925300000000004
0 0.3578125 0.157191 0.13437499999999997 0.205128
0 0.45843749999999994 0.2781495 0.11812499999999998 0.105909
0 0.45625000000000004 0.382386 0.03999999999999998 0.07580799999999999
0 0.5075000000000001 0.4130435 0.04250000000000004 0.08138299999999998
0 0.524375 0.2630995 0.03749999999999998 0.17614300000000002
0 0.6146875 0.3182835 0.11562499999999998 0.14381299999999997
0 0.630625 0.968785 0.07000000000000006 0.06020000000000003
0 0.6525000000000001 0.736343 0.08875 0.08361200000000002
0 0.6746875 0.227982 0.12812500000000004 0.11036799999999997
0 0.7178125 0.939242 0.14187499999999997 0.119286
0 0.7453125 0.8946485 0.16437500000000005 0.20847300000000002
0 0.73125 0.6460425000000001 0.09750000000000003 0.19286499999999995
0 0.7112499999999999 0.521739 0.05500000000000005 0.07580799999999999
0 0.7903125 0.9353400000000001 0.130625 0.12709000000000004
0 0.76625 0.49498299999999995 0.06000000000000005 0.078038
0 0.8453125 0.80602 0.13312499999999994 0.222966
0 0.8978125 0.761427 0.203125 0.285396
0 0.9146875 0.6382384999999999 0.16937500000000005 0.13935299999999995
0 0.92625 0.875697 0.14625 0.14827200000000007
0 0.92875 0.973244 0.14125 0.05128200000000005
