0 0.0075 0.9650000000000001 0.015 0.04833399999999999
0 0.0121875 0.4179165 0.024375 0.06416700000000003
0 0.0146875 0.47750000000000004 0.029375 0.05499999999999999
0 0.0196875 0.0141665 0.019374999999999996 0.028333
0 0.0834375 0.5020835 0.061875000000000006 0.11583300000000007
0 0.0821875 0.294167 0.049374999999999995 0.1
0 0.1059375 0.788333 0.06062500000000001 0.09500000000000008
0 0.1009375 0.5833335 0.045625 0.09166700000000005
0 0.1121875 0.1283335 0.056874999999999995 0.063333
0 0.1209375 0.20541700000000002 0.023125000000000007 0.07749999999999999
0 0.145625 0.879583 0.0625 0.08749999999999991
0 0.14125 0.9458335 0.04500000000000001 0.06833299999999998
0 0.14468750000000002 0.0095835 0.019375000000000003 0.019167
0 0.1771875 0.3908335 0.05312499999999998 0.098333
0 0.1790625 0.21666649999999998 0.049374999999999974 0.04166699999999998
0 0.203125 0.8225 0.07624999999999998 0.08833399999999991
0 0.19906249999999998 0.51875 0.048125 0.08083399999999996
0 0.19937500000000002 0.025 0.037500000000000006 0.05
0 0.21531250000000002 0.319167 0.06937499999999999 0.11499999999999999
0 0.238125 0.0104165 0.03250000000000003 0.020833
0 0.27812499999999996 0.7779165 0.11249999999999999 0.08083299999999993
0 0.28312499999999996 0.6054165 0.11249999999999999 0.07083300000000003
0 0.3090625 0.8579165 0.09437499999999999 0.08583300000000005
0 0.2896875 0.42791650000000003 0.04562500000000003 0.095833
0 0.3421875 0.8008335 0.09562500000000002 0.093333
0 0.32406250000000003 0.2591665 0.05687499999999995 0.121667
0 0.375625 0.6345835 0.15999999999999998 0.08083300000000004
0 0.320625 0.0345835 0.04249999999999998 0.069167
0 0.3284375 0.74875 0.05812499999999998 0.08416599999999996
0 0.343125 0.179583 0.05125000000000002 0.07749999999999999
0 0.3528125 0.0354165 0.04562499999999997 0.070833
0 0.3503125 0.51 0.03187500000000004 0.09000000000000002
0 0.41437500000000005 0.129167 0.04375000000000001 0.08999999999999998
0 0.436875 0.952917 0.08750000000000002 0.09250000000000003
0 0.4090625 0.164167 0.030625000000000013 0.06
0 0.451875 0.41916699999999996 0.07 0.08500000000000002
0 0.4359375 0.7079165000000001 0.018125000000000002 0.03416699999999995
0 0.44843750000000004 0.0179165 0.02437499999999998 0.035833
0 0.45875 0.15125 0.03749999999999998 0.079166
0 0.45999999999999996 0.500417 0.03999999999999998 0.08749999999999997
0 0.48375 0.46625 0.03624999999999995 0.07916599999999996
0 0.5046875 0.04375 0.05687499999999995 0.0875
0 0.49624999999999997 0.3004165 0.016250000000000042 0.08083299999999999
0 0.5125 0.13874999999999998 0.04124999999999995 0.0875
0 0.5240625 0.4279165 0.04937499999999995 0.08416699999999999
0 0.5271874999999999 0.3 0.011874999999999969 0.058334
0 0.5621875000000001 0.2083335 0.07062500000000005 0.11333300000000002
0 0.5446875 0.37041650000000004 0.02562500000000001 0.034167
0 0.5506249999999999 0.0954165 0.03500000000000003 0.07083300000000001
0 0.565 0.9420835000000001 0.039999999999999925 0.08583299999999994
0 0.5815625 0.4370835 0.055625000000000036 0.08416699999999999
0 0.5856250000000001 0.3133335 0.039999999999999925 0.08333299999999999
0 0.611875 0.8629165 0.07999999999999996 0.07583300000000004
0 0.59875 0.422083 0.03374999999999995 0.09250000000000003
0 0.6040625 0.921667 0.04437499999999994 0.09999999999999998
0 0.620625 0.6341665000000001 0.07750000000000001 0.093333
0 0.6168750000000001 0.172917 0.03874999999999995 0.07749999999999999
0 0.6446875000000001 0.0975 0.09437499999999999 0.10166599999999999
0 0.6278125 0.0325 0.05812499999999998 0.065
0 0.6675 0.848333 0.05125000000000002 0.06000000000000005
0 0.673125 0.4866665 0.04500000000000004 0.088333
0 0.6765625 0.14875 0.04937500000000006 0.070834
0 0.7009375 0.9141665 0.09812500000000002 0.10166699999999995
0 0.6893750000000001 0.3370835 0.053750000000000075 0.090833
0 0.6996875 0.7983335 0.059374999999999956 0.09166700000000005
0 0.721875 0.7766664999999999 0.07750000000000001 0.10333300000000001
0 0.7324999999999999 0.4616665 0.08625000000000005 0.086667
0 0.740625 0.275833 0.08125000000000004 0.09999999999999998
0 0.7390625 0.52875 0.05062500000000003 0.06916599999999995
0 0.7346874999999999 0.7270835 0.030625000000000013 0.05916699999999997
0 0.78375 0.8087500000000001 0.10875000000000001 0.10916599999999999
0 0.7737499999999999 0.875833 0.03500000000000003 0.09499999999999997
0 0.7746875 0.23541649999999997 0.028124999999999956 0.09416699999999997
0 0.7971874999999999 0.9508335000000001 0.05062500000000003 0.093333
0 0.805625 0.7195834999999999 0.0625 0.07416699999999998
0 0.8303125 0.3479165 0.09312500000000001 0.089167
0 0.8262499999999999 0.88375 0.07999999999999996 0.08916599999999997
0 0.8471875 0.8008335 0.059374999999999956 0.09666700000000006
0 0.8771875 0.7241665 0.05812499999999998 0.098333
0 0.9103125000000001 0.614167 0.083125 0.07000000000000006
0 0.91625 0.16041650000000002 0.08125000000000004 0.07916700000000002
0 0.9496875 0.924167 0.09937499999999999 0.10499999999999998
0 0.9315625 0.05875 0.04812499999999997 0.07250000000000001
0 0.96375 0.04375 0.0475000000000001 0.0875
0 0.981875 0.0195835 0.03500000000000003 0.039167
0 0.9824999999999999 0.672917 0.03375000000000006 0.0675
0 0.983125 0.230833 0.03249999999999997 0.054999999999999966
