0 0.695 0.4779165 0.445 0.300833
0 0.0703125 0.4125 0.140625 0.16999999999999998
0 0.1134375 0.737917 0.226875 0.1975
0 0.05 0.65375 0.09875 0.07083399999999995
0 0.2153125 0.9508335 0.42312500000000003 0.09666700000000006
0 0.16375 0.8220835 0.3175 0.12583299999999997
0 0.3359375 0.161667 0.48687499999999995 0.22
0 0.32 0.5725 0.41374999999999995 0.17333399999999993
0 0.5559375 0.5675 0.40687500000000004 0.13999999999999996
0 0.6578125 0.1645835 0.515625 0.329167
0 0.6740625 0.32375 0.483125 0.130834
0 0.57375 0.0179165 0.23625000000000002 0.035833
0 0.6521874999999999 0.96375 0.28937500000000005 0.07083400000000006
0 0.8378125000000001 0.0841665 0.28937500000000005 0.168333
0 0.8025 0.66125 0.2025 0.08250000000000002
0 0.8674999999999999 0.1879165 0.26375000000000004 0.134167
0 0.8740625 0.39749999999999996 0.24812500000000004 0.09333399999999997
0 0.8909374999999999 0.745 0.21687500000000004 0.10166600000000003
