0 0.0409375 0.8984004999999999 0.030625000000000003 0.15239900000000006
0 0.165625 0.7422385 0.11625 0.06020700000000001
0 0.22250000000000003 0.6006585 0.10500000000000001 0.14205099999999993
0 0.319375 0.6269995 0.21875000000000003 0.18344300000000002
0 0.345625 0.719191 0.26125 0.18720599999999998
0 0.6425 0.533866 0.20875 0.11006599999999994
0 0.7640625000000001 0.657573 0.25187499999999996 0.17121399999999998
0 0.8178125 0.567733 0.04437499999999994 0.03856999999999999
0 0.9234375 0.593603 0.12062499999999998 0.07525800000000005
0 0.9337500000000001 0.8024454999999999 0.04625000000000001 0.06020700000000001
