0 0.4190625 0.435377 0.133125 0.14056600000000002
0 0.0203125 0.7523584999999999 0.013125 0.027359000000000022
0 0.058124999999999996 0.7929245 0.011250000000000003 0.027359000000000022
0 0.16125 0.41792450000000003 0.03375 0.022640999999999967
0 0.23593750000000002 0.9674525 0.024375000000000008 0.023585000000000078
0 0.37968749999999996 0.5990565 0.111875 0.07924500000000001
0 0.3384375 0.761321 0.021874999999999978 0.02830200000000005
0 0.34281249999999996 0.862736 0.02437499999999998 0.03113200000000005
0 0.391875 0.7721695 0.014999999999999958 0.023585000000000078
0 0.45 0.28160399999999997 0.011249999999999982 0.017923999999999995
0 0.520625 0.859906 0.03499999999999992 0.021697999999999995
