0 0.410857 0.7092015 0.13828599999999996 0.11631899999999995
0 0.2165715 0.389757 0.433143 0.779514
0 0.101143 0.936632 0.11771400000000001 0.08506999999999998
0 0.19771450000000002 0.9748265 0.038857 0.046875
0 0.2742855 0.971354 0.03657100000000002 0.05382000000000009
0 0.41828600000000005 0.8125 0.050286 0.125
0 0.48057150000000004 0.513889 0.08571500000000004 0.09375000000000006
0 0.5491429999999999 0.6440969999999999 0.042285999999999935 0.06597200000000003
0 0.5571429999999999 0.49045150000000004 0.05828599999999995 0.24479100000000004
0 0.761143 0.48263849999999997 0.04571400000000003 0.045138999999999985
0 0.8605715 0.1909725 0.13714300000000001 0.08333300000000002
0 0.8822855000000001 0.23003449999999998 0.1234289999999999 0.07812499999999997
0 0.9148575 0.34027799999999997 0.11085699999999998 0.06597199999999998
0 0.9319999999999999 0.28732650000000004 0.09714199999999995 0.043403000000000025
0 0.9674285 0.2309025 0.05142899999999995 0.07986099999999999
0 0.9765714999999999 0.498264 0.04457100000000003 0.16319399999999995
