0 0.7165625 0.588819 0.203125 0.22256999999999993
0 0.1275 0.456113 0.15499999999999997 0.38558000000000003
0 0.15281250000000002 0.7079415 0.134375 0.31452499999999994
0 0.2565625 0.770115 0.18062499999999998 0.3155699999999999
0 0.2078125 0.9075235 0.07062500000000002 0.182863
0 0.2815625 0.5715775 0.21562500000000004 0.261233
0 0.3496875 0.6316615 0.186875 0.36886100000000005
0 0.649375 0.4994775 0.7 0.998955
0 0.4175 0.7189135 0.195 0.422153
0 0.8753124999999999 0.633229 0.13437500000000002 0.43469199999999997
0 0.9096875 0.2079415 0.17937500000000006 0.171369
0 0.948125 0.46186000000000005 0.10250000000000004 0.096134
