0 0.10875 0.44375 0.04500000000000001 0.025833999999999968
0 0.1534375 0.45958299999999996 0.046875 0.03750000000000003
0 0.1653125 0.1904165 0.019374999999999976 0.015833000000000014
0 0.184375 0.23041699999999998 0.03125 0.017499999999999988
0 0.1765625 0.17875000000000002 0.010624999999999996 0.017499999999999988
0 0.1946875 0.48791700000000005 0.046875 0.03250000000000003
0 0.20875 0.5920835 0.04374999999999998 0.02416700000000005
0 0.1996875 0.78 0.015625 0.03500000000000003
0 0.2309375 0.4183335 0.05437500000000001 0.031667
0 0.2609375 0.4408335 0.01937500000000003 0.04166700000000001
0 0.3 0.4758335 0.06374999999999997 0.046667000000000014
0 0.2940625 0.3404165 0.044375 0.025832999999999995
0 0.30000000000000004 0.527083 0.03999999999999998 0.02749999999999997
0 0.3140625 0.8725 0.04562499999999997 0.056665999999999994
0 0.3134375 0.79625 0.02562500000000001 0.029166000000000025
0 0.341875 0.52 0.04125000000000001 0.03166599999999997
0 0.359375 0.4145835 0.06125000000000003 0.024166999999999994
0 0.3453125 0.432083 0.026875000000000038 0.01749999999999996
0 0.3671875 0.4933335 0.04812499999999997 0.021667000000000047
0 0.403125 0.27291699999999997 0.05249999999999999 0.027500000000000024
0 0.41125 0.31666649999999996 0.03500000000000003 0.048333000000000015
0 0.4096875 0.43625 0.019374999999999976 0.01916599999999996
0 0.4671875 0.605 0.049375 0.050000000000000044
0 0.4659375 0.3020835 0.041874999999999996 0.019167000000000045
0 0.47375 0.5249999999999999 0.05125000000000002 0.03833399999999998
0 0.4603125 0.7970835000000001 0.019374999999999976 0.030833
0 0.4865625 0.37 0.05937500000000001 0.04500000000000004
0 0.47281249999999997 0.69375 0.021875000000000033 0.06583399999999995
0 0.4975 0.469167 0.03500000000000003 0.030000000000000027
0 0.5303125 0.14625 0.05437499999999995 0.014165999999999984
0 0.5459375 0.257917 0.03312499999999996 0.027499999999999997
0 0.5746875 0.5095835 0.020625000000000004 0.030833
0 0.6 0.7829165 0.03875000000000006 0.029166999999999943
0 0.605 0.87625 0.03749999999999998 0.030834000000000028
0 0.6146875 0.7629165 0.018125000000000058 0.02416700000000005
0 0.6190625000000001 0.7920834999999999 0.024374999999999925 0.02083299999999999
0 0.6443749999999999 0.4270835 0.036250000000000004 0.030833
0 0.7259375 0.537917 0.016874999999999973 0.012499999999999956
0 0.7621875 0.49875 0.026874999999999982 0.02250000000000002
0 0.765 0.43125 0.030000000000000027 0.025833999999999968
0 0.7815624999999999 0.25125 0.021874999999999978 0.014165999999999984
0 0.785625 0.2270835 0.02749999999999997 0.02083299999999999
0 0.7896875 0.3375 0.024375000000000036 0.019999999999999962
0 0.7934375 0.2779165 0.014375000000000027 0.029167
0 0.8159375 0.50875 0.05437500000000006 0.04250000000000004
0 0.8134375 0.19375 0.020625000000000004 0.060834
0 0.8165625 0.4458335 0.024375000000000036 0.016666999999999987
0 0.8165625000000001 0.5775 0.021874999999999978 0.06000000000000005
0 0.826875 0.41041649999999996 0.03500000000000003 0.029167
0 0.825 0.4729165 0.02375000000000005 0.025832999999999995
0 0.839375 0.26875 0.03875000000000006 0.03749999999999998
0 0.849375 0.45625 0.03125 0.03749999999999998
0 0.8521875 0.3366665 0.02562500000000001 0.011667000000000038
0 0.8534375 0.500417 0.02562500000000001 0.03249999999999997
0 0.8771875 0.36250000000000004 0.055625000000000036 0.03999999999999998
0 0.8778125 0.31 0.02562500000000001 0.03500000000000003
0 0.8809374999999999 0.5487500000000001 0.01937500000000003 0.025834000000000024
