0 0.510625 0.609167 0.47625 0.305
0 0.0584375 0.154167 0.116875 0.30500000000000005
0 0.0259375 0.5629165 0.021875 0.02416699999999994
0 0.0946875 0.7320835 0.016875 0.02416700000000005
0 0.0959375 0.827083 0.014374999999999999 0.022499999999999964
0 0.14218750000000002 0.725 0.014374999999999999 0.020000000000000018
0 0.1521875 0.39625 0.020625000000000004 0.017500000000000016
0 0.15281250000000002 0.2245835 0.021875000000000006 0.015833000000000014
0 0.1796875 0.8049999999999999 0.014375000000000027 0.021666000000000074
0 0.20124999999999998 0.81 0.009999999999999981 0.011666000000000065
0 0.224375 0.621667 0.023749999999999993 0.020000000000000018
0 0.21875 0.7645835000000001 0.006249999999999978 0.02083299999999999
0 0.2290625 0.125 0.011874999999999997 0.043334
0 0.244375 0.46041699999999997 0.030000000000000027 0.03250000000000003
0 0.30062500000000003 0.0241665 0.023749999999999993 0.041666999999999996
0 0.3284375 0.527083 0.01937500000000003 0.02749999999999997
0 0.3303125 0.34625 0.023125000000000007 0.02416600000000002
0 0.35875 0.34958350000000005 0.028749999999999998 0.024166999999999994
0 0.38 0.30291650000000003 0.03249999999999997 0.04416700000000001
0 0.393125 0.474583 0.03249999999999997 0.03250000000000003
0 0.41625 0.20333299999999999 0.04249999999999998 0.04500000000000001
0 0.43875 0.4620835 0.05375000000000002 0.029167
0 0.4484375 0.28375 0.026874999999999982 0.02083400000000002
0 0.4496875 0.11625 0.021875000000000033 0.035834000000000005
0 0.45687500000000003 0.4529165 0.021250000000000047 0.02416700000000005
0 0.494375 0.11791650000000001 0.028750000000000053 0.035833000000000004
0 0.516875 0.504583 0.030000000000000027 0.017500000000000016
0 0.5421875 0.255833 0.04437499999999994 0.04999999999999999
0 0.545625 0.320417 0.03749999999999998 0.02749999999999997
0 0.609375 0.0420835 0.06499999999999995 0.070833
0 0.6009375 0.2695835 0.034375000000000044 0.035833000000000004
0 0.6053124999999999 0.3841665 0.030625000000000013 0.04166700000000001
0 0.6143749999999999 0.5254165 0.026249999999999996 0.02416699999999994
0 0.728125 0.45625 0.028750000000000053 0.02749999999999997
0 0.7796875 0.215 0.04937499999999995 0.05499999999999999
0 0.785625 0.4408335 0.030000000000000027 0.031667
