0 0.0421875 0.643527 0.038125 0.061914000000000025
0 0.07718749999999999 0.5848964999999999 0.08562499999999999 0.029081000000000023
0 0.3175 0.966229 0.06125000000000003 0.065666
0 0.3828125 0.795966 0.11187499999999995 0.10975600000000008
0 0.4065625 0.7340525 0.055625000000000036 0.053471000000000046
0 0.42374999999999996 0.653377 0.03875000000000001 0.04596599999999995
0 0.473125 0.7138834999999999 0.04999999999999999 0.071295
0 0.5028125 0.707786 0.06312500000000004 0.05910000000000004
0 0.5303125 0.575047 0.030625000000000013 0.060038000000000036
0 0.543125 0.6242965 0.05125000000000002 0.057223000000000024
