0 0.615 0.8184804999999999 0.2475 0.14727900000000005
0 0.0228125 0.6135085 0.045625 0.08067500000000005
0 0.0253125 0.726079 0.050625 0.07129399999999997
0 0.035312500000000004 0.5093810000000001 0.069375 0.09193200000000001
0 0.061562500000000006 0.640244 0.073125 0.08536599999999994
0 0.095625 0.542214 0.06375 0.08818000000000004
0 0.5475 0.4615385 0.90375 0.538461
0 0.1284375 0.6125705 0.03937500000000001 0.07879900000000006
0 0.15031250000000002 0.623827 0.07312500000000001 0.06754199999999999
0 0.35 0.269231 0.08625 0.08442800000000003
0 0.714375 0.7701685 0.04625000000000001 0.05628500000000003
0 0.8240624999999999 0.772983 0.11687499999999995 0.065666
