0 0.044062500000000004 0.453904 0.021875 0.017874
0 0.16375 0.49341499999999994 0.05124999999999999 0.027281999999999973
0 0.1721875 0.524459 0.03937499999999999 0.02728200000000003
0 0.184375 0.4299155 0.04124999999999998 0.022576999999999958
0 0.18562499999999998 0.4731895 0.04124999999999998 0.02445900000000001
0 0.2103125 0.5879585 0.029375000000000012 0.03386699999999998
0 0.2540625 0.664158 0.03687500000000002 0.05644400000000005
0 0.2565625 0.527281 0.011875000000000024 0.010348000000000024
0 0.33218749999999997 0.457667 0.03687500000000005 0.02163599999999999
0 0.3565625 0.522107 0.016874999999999973 0.015052000000000065
0 0.36812500000000004 0.42286 0.03750000000000003 0.025399999999999978
0 0.36875 0.398871 0.019999999999999962 0.01505200000000001
0 0.403125 0.812324 0.08374999999999999 0.074318
0 0.4578125 0.4430855 0.021874999999999978 0.01881499999999997
0 0.46406250000000004 0.41721549999999996 0.02437499999999998 0.025399000000000005
0 0.4984375 0.5 0.02562500000000001 0.017873999999999945
0 0.5359375 0.4270935 0.026874999999999982 0.016932999999999976
0 0.5553125 0.4750705 0.026874999999999982 0.020696999999999965
0 0.5506249999999999 0.4492005 0.015000000000000013 0.023518999999999957
0 0.5878125000000001 0.4557855 0.02312499999999995 0.021637000000000017
0 0.6571875 0.47318899999999997 0.028125000000000067 0.020695999999999992
0 0.6840625 0.46472250000000004 0.023125000000000062 0.01881499999999997
0 0.728125 0.4741295 0.018750000000000044 0.011288999999999993
0 0.7518750000000001 0.5395105 0.03874999999999995 0.03480700000000003
0 0.7909375 0.498119 0.016874999999999973 0.017873999999999945
0 0.7965625 0.552211 0.02562500000000001 0.04891800000000002
0 0.804375 0.505174 0.010000000000000009 0.01128800000000002
0 0.8159375 0.5404515 0.015625 0.02916300000000005
0 0.8996875 0.5357475 0.024375000000000036 0.03480699999999992
0 0.9340625 0.485889 0.023125000000000062 0.034808000000000006
0 0.9603125 0.5183445 0.024375000000000036 0.02257700000000007
