0 0.5503125 0.494167 0.35062499999999996 0.585
0 0.0496875 0.462917 0.099375 0.07250000000000001
0 0.12375 0.753333 0.07250000000000001 0.040000000000000036
0 0.185625 0.8654165 0.06 0.015832999999999986
0 0.22499999999999998 0.63375 0.10250000000000001 0.0625
0 0.224375 0.985 0.05124999999999999 0.02833400000000008
0 0.2559375 0.6483335 0.08437499999999998 0.03333300000000006
0 0.30374999999999996 0.94375 0.03750000000000003 0.02083400000000002
0 0.3615625 0.9479165 0.13437500000000002 0.03916700000000006
0 0.39625 0.495 0.10375000000000001 0.040000000000000036
0 0.36812500000000004 0.834583 0.03999999999999998 0.03249999999999997
0 0.415625 0.8808335 0.028749999999999998 0.018333000000000044
0 0.4246875 0.7629170000000001 0.046875 0.03749999999999998
0 0.4421875 0.81375 0.026874999999999982 0.029166000000000025
0 0.495 0.82375 0.024999999999999967 0.015834000000000015
0 0.6865625 0.5475 0.13437500000000002 0.09666599999999992
0 0.6615625 0.850417 0.06062500000000004 0.02749999999999997
0 0.6790624999999999 0.7629170000000001 0.041874999999999996 0.01749999999999996
0 0.7475 0.9591665 0.05625000000000002 0.03833300000000006
0 0.7703125 0.81875 0.06062500000000004 0.03249999999999997
0 0.825625 0.547083 0.16374999999999995 0.07750000000000001
0 0.78625 0.7395835 0.07250000000000001 0.0458329999999999
0 0.8146875 0.6604165 0.09812500000000002 0.035833000000000004
0 0.80125 0.79375 0.030000000000000027 0.02749999999999997
0 0.8753124999999999 0.63625 0.06937500000000008 0.054165999999999936
0 0.9240625 0.5991664999999999 0.06062499999999993 0.013332999999999928
