0 0.0853125 0.43374999999999997 0.058125 0.07249999999999995
0 0.208125 0.9325 0.06875 0.030000000000000027
0 0.19124999999999998 0.43375 0.0325 0.0625
0 0.2328125 0.0233335 0.03187499999999999 0.046667
0 0.2746875 0.4745835 0.09062500000000001 0.094167
0 0.27531249999999996 0.6104164999999999 0.029374999999999984 0.094167
0 0.334375 0.92125 0.11874999999999997 0.05916600000000005
0 0.33562499999999995 0.6654169999999999 0.07 0.12249999999999994
0 0.3696875 0.35625 0.03187499999999999 0.0625
0 0.4453125 0.7433335000000001 0.06187500000000001 0.156667
0 0.439375 0.386667 0.04249999999999998 0.10499999999999998
0 0.43875 0.12208350000000001 0.03375 0.085833
0 0.475 0.8920835 0.07250000000000001 0.12083299999999997
0 0.5203125 0.3570835 0.06437500000000002 0.12583299999999997
0 0.5771875 0.8620829999999999 0.13187499999999996 0.12249999999999994
0 0.5784374999999999 0.625833 0.06437499999999996 0.08499999999999996
0 0.56875 0.47000000000000003 0.03249999999999997 0.09666600000000003
0 0.5984375 0.4608335 0.06562499999999993 0.15666699999999995
0 0.650625 0.45458350000000003 0.07750000000000001 0.13083300000000003
0 0.6603125000000001 0.5741665 0.09187500000000004 0.10833300000000001
0 0.6434375 0.32875 0.05312500000000009 0.07916600000000001
0 0.683125 0.80125 0.08250000000000002 0.07750000000000001
0 0.684375 0.0325 0.036250000000000004 0.065
0 0.70875 0.5975 0.05125000000000002 0.05166599999999999
0 0.7324999999999999 0.46833349999999996 0.04500000000000004 0.086667
0 0.75 0.607917 0.03624999999999989 0.03749999999999998
0 0.7765625 0.7354164999999999 0.07562499999999994 0.165833
0 0.8128124999999999 0.68875 0.07062500000000005 0.1725
0 0.8115625 0.4304165 0.06062500000000004 0.06916700000000003
0 0.8153125 0.8333335 0.055625000000000036 0.04833300000000007
0 0.823125 0.06625 0.050000000000000044 0.1325
0 0.8225 0.5120830000000001 0.043749999999999956 0.08750000000000002
0 0.851875 0.55625 0.04125000000000001 0.06583399999999995
0 0.8896875 0.57875 0.051875000000000004 0.11749999999999994
0 0.8959375 0.6570835 0.051875000000000004 0.035833000000000004
0 0.9521875 0.88375 0.09437499999999999 0.07916599999999996
0 0.9337500000000001 0.46125 0.036250000000000004 0.03416600000000003
0 0.9453125 0.4270835 0.05437500000000006 0.07583300000000004
