0 0.7299804999999999 0.5442705 0.10839900000000002 0.19791700000000007
0 0.0180665 0.2708335 0.036133 0.04427099999999998
0 0.10107400000000001 0.761068 0.125976 0.08984400000000003
0 0.0737305 0.1269535 0.05761700000000001 0.082031
0 0.0737305 0.0253905 0.02636700000000001 0.019531
0 0.188965 0.139323 0.047852000000000006 0.02604200000000001
0 0.3100585 0.156901 0.026366999999999974 0.08203200000000001
0 0.41699200000000003 0.1002605 0.023438000000000014 0.023437
0 0.46582049999999997 0.030599 0.05078100000000002 0.040364
0 0.4975585 0.8509115 0.053711000000000064 0.21223899999999996
0 0.491699 0.018229 0.03222600000000003 0.036458
0 0.505371 0.1634115 0.016602000000000006 0.05078099999999999
0 0.5483395 0.022135500000000002 0.018554999999999988 0.010417
0 0.5996095 0.0052085 0.015625 0.010417
0 0.7041015 0.922526 0.169921 0.15234399999999992
0 0.6850585 0.6966144999999999 0.04980499999999999 0.11458299999999999
0 0.6889645 0.2929685 0.05761700000000003 0.11458300000000002
0 0.7045895 0.076172 0.08886700000000003 0.152344
0 0.788574 0.263672 0.07324200000000003 0.13151000000000002
0 0.8554685 0.0084635 0.042969000000000035 0.014323
0 0.868652 0.10546900000000001 0.03417999999999999 0.026041999999999996
0 0.8828125 0.6061194999999999 0.04882900000000001 0.13932299999999997
0 0.894043 0.18359350000000002 0.016602000000000006 0.03906299999999999
0 0.908203 0.046875 0.03906199999999993 0.023438
0 0.9067385 0.404948 0.030272999999999994 0.020833999999999964
0 0.9526365 0.30924450000000003 0.03613299999999997 0.04036500000000004
0 0.9702145 0.389323 0.05761700000000003 0.091146
0 0.974121 0.0885415 0.04980399999999996 0.177083
