0 0.08 0.2054165 0.03875000000000001 0.01916699999999999
0 0.1353125 0.4045835 0.051875000000000004 0.034167
0 0.14656249999999998 0.28125 0.040624999999999994 0.050834000000000046
0 0.1715625 0.46833349999999996 0.023125000000000007 0.038333000000000006
0 0.19937500000000002 0.135 0.037500000000000006 0.014999999999999986
0 0.2028125 0.6329165 0.019375000000000003 0.015832999999999986
0 0.21468749999999998 0.4166665 0.021875000000000006 0.016666999999999987
0 0.2328125 0.14916649999999998 0.04812500000000003 0.046666999999999986
0 0.24375000000000002 0.2316665 0.05374999999999999 0.04333299999999998
0 0.250625 0.3545835 0.035 0.02083299999999999
0 0.259375 0.21 0.048750000000000016 0.05166599999999999
0 0.2825 0.0704165 0.028749999999999998 0.030833000000000006
0 0.2771875 0.3733335 0.015625 0.05166700000000002
0 0.30125 0.2229165 0.02999999999999997 0.025832999999999995
0 0.3315625 0.65875 0.02562500000000001 0.025834000000000024
0 0.3459375 0.435 0.051875000000000004 0.050000000000000044
0 0.34968750000000004 0.056666999999999995 0.033125000000000016 0.010000000000000002
0 0.4225 0.12375 0.03749999999999998 0.034166000000000016
0 0.4515625 0.0120835 0.02562500000000001 0.024167
0 0.49375 0.257917 0.024999999999999967 0.027499999999999997
0 0.5059374999999999 0.37875000000000003 0.02312499999999995 0.020833999999999964
0 0.5071875 0.4529165 0.013125000000000053 0.030833
0 0.5137499999999999 0.24125 0.026249999999999996 0.020833999999999964
0 0.5484374999999999 0.11708350000000001 0.020625000000000004 0.020833000000000004
0 0.5549999999999999 0.44333350000000005 0.02375000000000005 0.033333
0 0.6178125 0.12291650000000001 0.01937499999999992 0.019167000000000003
0 0.6353125 0.139583 0.018125000000000058 0.027499999999999997
0 0.6421874999999999 0.4325 0.03187499999999999 0.05166599999999999
0 0.6646875 0.3279165 0.015625 0.035833000000000004
0 0.6846875 0.3375 0.024375000000000036 0.061666
0 0.6859375 0.507917 0.016874999999999973 0.01749999999999996
0 0.6934374999999999 0.2229165 0.020625000000000004 0.025832999999999995
0 0.7378125 0.4620835 0.026874999999999982 0.025832999999999995
0 0.74625 0.4370835 0.043749999999999956 0.02083299999999999
0 0.7559374999999999 0.3333335 0.02937500000000004 0.053332999999999964
0 0.7849999999999999 0.3591665 0.03375000000000006 0.046667000000000014
0 0.8721875 0.37458349999999996 0.02937499999999993 0.07083299999999998
0 0.9128125 0.10041649999999999 0.02562500000000001 0.019167000000000003
