0 0.688477 0.4205725 0.2050780000000001 0.109375
0 0.052734 0.5527345 0.035156 0.050780999999999965
0 0.056640499999999996 0.585286 0.027343 0.032552000000000025
0 0.1191405 0.606771 0.07031299999999999 0.06510399999999994
0 0.12695299999999998 0.6653645 0.023437999999999987 0.02604099999999998
0 0.211914 0.2734375 0.052734 0.015625
0 0.2197265 0.660156 0.037109 0.03645799999999999
0 0.245117 0.609375 0.041016 0.03125
0 0.28515599999999997 0.6861975 0.07031199999999999 0.04427099999999995
0 0.33496099999999995 0.6692705000000001 0.103516 0.05208299999999999
0 0.4609375 0.4570315 0.109375 0.04166700000000001
0 0.486328 0.3502605 0.10546800000000006 0.06770899999999996
0 0.4941405 0.402995 0.08984300000000006 0.055989999999999984
0 0.48535150000000005 0.2597655 0.025390999999999997 0.01171899999999998
0 0.5419925000000001 0.2434895 0.029297000000000017 0.018228999999999995
0 0.5429685 0.5384115 0.015625 0.050781000000000076
0 0.5947265 0.6842445 0.04882900000000001 0.050780999999999965
0 0.6279295 0.2291665 0.052734999999999976 0.013021000000000005
0 0.8300784999999999 0.451172 0.13671899999999992 0.05859399999999998
0 0.8212889999999999 0.639323 0.07226600000000005 0.01041599999999998
0 0.9033205 0.283203 0.15820299999999998 0.06640600000000002
