0 0.7153125 0.722359 0.13687499999999997 0.25388999999999995
0 0.050625 0.1281735 0.10125 0.194103
0 0.0534375 0.338247 0.106875 0.20475000000000002
0 0.1378125 0.22113 0.11937500000000001 0.211302
0 0.24 0.283374 0.05124999999999999 0.12940200000000002
0 0.306875 0.2739555 0.08250000000000002 0.11711699999999997
0 0.3309375 0.3075345 0.06687500000000002 0.15315299999999998
0 0.34781249999999997 0.8628175 0.09562500000000002 0.27272699999999994
0 0.35375 0.230958 0.06 0.127764
0 0.39375 0.48812449999999996 0.09875 0.16052499999999997
0 0.4259375 0.2436525 0.046875 0.11875500000000003
0 0.4396875 0.447584 0.06437500000000002 0.244882
0 0.4659375 0.2231775 0.059374999999999956 0.125307
0 0.48124999999999996 0.5061424999999999 0.07374999999999993 0.13759299999999997
0 0.509375 0.119574 0.07000000000000006 0.135954
0 0.506875 0.495905 0.05625000000000002 0.158068
0 0.5415625 0.4258805 0.055624999999999925 0.135955
0 0.5462499999999999 0.0233415 0.025000000000000022 0.046683
0 0.573125 0.1404585 0.0787500000000001 0.140049
0 0.5856250000000001 0.9488125000000001 0.08500000000000008 0.10073699999999997
0 0.6153125 0.5061425 0.08937499999999998 0.26208100000000006
0 0.6184375 0.638002 0.04062500000000002 0.10810799999999998
0 0.6171875 0.0200655 0.03312500000000007 0.040131
0 0.743125 0.5208845 0.07250000000000001 0.14250700000000005
0 0.78125 0.9119575 0.11375000000000002 0.17444700000000002
0 0.77625 0.0429975 0.0774999999999999 0.085995
0 0.753125 0.27477450000000003 0.02375000000000005 0.118755
0 0.7825 0.200655 0.05625000000000002 0.14578200000000002
0 0.8346875 0.40990950000000004 0.11562499999999998 0.11711699999999997
0 0.89625 0.9504505 0.15999999999999992 0.09746100000000002
0 0.8646875 0.2764125 0.073125 0.115479
0 0.8803125 0.5184275 0.09187500000000004 0.13759299999999997
0 0.9740625 0.218673 0.038125000000000075 0.09991799999999998
0 0.9871875 0.1928745 0.024375000000000036 0.07616699999999998
