0 0.5491805 0.6152345 0.623915 0.574219
0 0.294118 0.919531 0.04242999999999997 0.014062000000000019
0 0.3211185 0.8859375 0.02314299999999997 0.021874999999999978
0 0.3611375 0.8300780000000001 0.099325 0.144532
0 0.328351 0.864453 0.029893999999999976 0.021093999999999946
0 0.400193 0.465234 0.10800399999999999 0.29140599999999994
0 0.47155250000000004 0.8894534999999999 0.154291 0.08046900000000001
0 0.452266 0.846094 0.082932 0.13906200000000002
0 0.4956605 0.9246095000000001 0.08486099999999996 0.03046899999999997
0 0.6277725000000001 0.7765625 0.297011 0.051562999999999914
