0 0.0334375 0.5391995 0.066875 0.034195000000000086
0 0.181875 0.6034195 0.095 0.04253499999999999
0 0.16125 0.5250205 0.05125000000000002 0.02418699999999996
0 0.188125 0.5095915 0.07749999999999999 0.03502899999999998
0 0.2065625 0.6000835 0.09562500000000002 0.049207
0 0.2346875 0.5408675000000001 0.02562500000000001 0.027523000000000075
0 0.2653125 0.586322 0.06562499999999996 0.021684000000000037
0 0.2678125 0.5125105 0.07062499999999997 0.029190999999999967
0 0.27156250000000004 0.6317765 0.029374999999999984 0.04086699999999999
0 0.32406250000000003 0.5087575 0.05437500000000001 0.01834899999999995
0 0.4253125 0.5504585 0.078125 0.045036999999999994
0 0.43281250000000004 0.5100085 0.060624999999999984 0.027522999999999964
0 0.503125 0.6422019999999999 0.07750000000000001 0.04170200000000002
0 0.54125 0.5900755 0.04249999999999998 0.029190999999999967
0 0.559375 0.5475395000000001 0.057499999999999996 0.020851000000000064
0 0.578125 0.5567135 0.08250000000000002 0.03252699999999997
0 0.5865625000000001 0.5992495 0.05312499999999998 0.06588900000000009
0 0.63375 0.5959135 0.03874999999999995 0.03753099999999998
0 0.6559375000000001 0.5583819999999999 0.055624999999999925 0.025853999999999933
0 0.711875 0.6251045 0.07374999999999998 0.04086699999999999
0 0.7818750000000001 0.5450375 0.08750000000000002 0.04253499999999999
0 0.7825 0.528357 0.07874999999999999 0.02418600000000004
0 0.81375 0.5125105 0.07374999999999998 0.02585499999999996
0 0.8265625000000001 0.5834025 0.08187500000000003 0.03085900000000008
0 0.838125 0.5700585 0.06624999999999992 0.017514999999999947
0 0.860625 0.552127 0.04125000000000001 0.053378000000000037
0 0.956875 0.5233525 0.06125000000000003 0.020850999999999953
0 0.9815625 0.5371144999999999 0.03562500000000002 0.020017000000000063
0 0.9862500000000001 0.5517095 0.026249999999999996 0.03252699999999997
