0 0.40634899999999996 0.4121875 0.384762 0.675625
0 0.27873 0.8546875 0.06222199999999997 0.21187499999999992
0 0.36825399999999997 0.7515625 0.06730200000000003 0.31937499999999996
0 0.4473015 0.8690625000000001 0.059047000000000016 0.25812500000000005
0 0.5044445 0.84625 0.027300999999999964 0.16374999999999995
0 0.6260315 0.8603125 0.03809499999999999 0.27812500000000007
0 0.644127 0.5856250000000001 0.07428600000000007 0.29500000000000004
0 0.6615875 0.33875 0.07111099999999992 0.33499999999999996
0 0.7126985 0.78125 0.06285699999999994 0.36250000000000004
0 0.8142860000000001 0.75375 0.08825399999999994 0.355
