0 0.6992185 0.724219 0.17968700000000004 0.1734380000000001
0 0.0812505 0.035156 0.053125000000000006 0.070312
0 0.1609375 0.34765650000000003 0.053125000000000006 0.04843700000000001
0 0.241406 0.061718999999999996 0.120312 0.073438
0 0.23281249999999998 0.4859375 0.06875099999999998 0.05937500000000001
0 0.275781 0.53125 0.03906200000000004 0.028126000000000095
0 0.283594 0.244531 0.029687999999999992 0.051562
0 0.310937 0.1171875 0.08124999999999999 0.056250999999999995
0 0.294531 0.164844 0.03281200000000001 0.03906200000000001
0 0.48046849999999997 0.2546875 0.385937 0.290625
0 0.336719 0.3609375 0.04531200000000002 0.02812500000000001
0 0.3984375 0.6734374999999999 0.15937500000000004 0.07187500000000002
0 0.3773435 0.427344 0.067187 0.08593799999999996
0 0.36406249999999996 0.11015649999999999 0.037499000000000005 0.03593699999999998
0 0.3812505 0.1546875 0.07187500000000002 0.043750999999999984
0 0.39375 0.016406 0.0625 0.026562000000000002
0 0.40703100000000003 0.0851565 0.02656200000000003 0.035937
0 0.4476565 0.0750005 0.04531299999999999 0.034375
0 0.46015649999999997 0.43359400000000003 0.039063000000000014 0.029687999999999992
0 0.471094 0.0460935 0.03281200000000001 0.032812999999999995
0 0.478125 0.307031 0.01874999999999999 0.03906200000000004
0 0.527344 0.0171875 0.06093799999999999 0.034375
0 0.55625 0.28046899999999997 0.08125000000000004 0.039061999999999986
0 0.5874999999999999 0.138281 0.05625000000000002 0.054688
0 0.602344 0.015625 0.026561999999999975 0.03125
0 0.683594 0.022656500000000003 0.026561999999999975 0.039063
0 0.689062 0.075 0.03125 0.046876
0 0.6992185 0.196875 0.04843699999999995 0.09687400000000002
0 0.7296875 0.1007815 0.05624899999999999 0.048436999999999994
0 0.73125 0.1578125 0.03749999999999998 0.03437499999999999
0 0.7796875 0.2476565 0.13124899999999995 0.05468700000000001
0 0.73125 0.200781 0.03125 0.06406199999999998
0 0.7351565 0.0171875 0.035937 0.028125
0 0.767969 0.2117185 0.05468800000000007 0.02968700000000002
0 0.767188 0.16796899999999998 0.050000000000000044 0.03906200000000001
0 0.7703125 0.0140625 0.05624899999999999 0.028125
0 0.8328125 0.5867185 0.15312500000000007 0.09531299999999998
0 0.775 0.0749995 0.028124000000000038 0.053125
0 0.8296875 0.8476565 0.09999899999999995 0.14843700000000004
0 0.8390625 0.1695315 0.10312500000000002 0.07031300000000001
0 0.838281 0.029688 0.082812 0.05
0 0.8664065 0.4210935 0.06093700000000002 0.02968700000000002
0 0.9570315 0.147656 0.07968699999999995 0.03906200000000001
