0 0.2884375 0.2291665 0.234375 0.218333
0 0.0565625 0.8104165000000001 0.10062499999999999 0.08416699999999999
0 0.2746875 0.54125 0.09062500000000001 0.08416599999999996
0 0.4078125 0.86875 0.12187500000000001 0.125834
0 0.4621875 0.24083349999999998 0.12937499999999996 0.15166699999999997
0 0.48531250000000004 0.5908329999999999 0.12187500000000001 0.09999999999999998
0 0.5453125 0.5183335 0.106875 0.09333299999999994
0 0.61375 0.8920835 0.14874999999999994 0.06916699999999998
0 0.6343749999999999 0.08 0.12 0.06
0 0.7553125 0.8 0.12437500000000001 0.05999999999999994
0 0.8 0.6854165 0.11249999999999993 0.06583300000000003
0 0.8959375 0.2529165 0.20687500000000003 0.195833
