0 0.8043750000000001 0.1541665 0.23624999999999996 0.253333
0 0.02875 0.20916649999999998 0.0575 0.14666699999999996
0 0.0340625 0.4320835 0.068125 0.12083299999999997
0 0.0584375 0.682917 0.116875 0.12250000000000005
0 0.065 0.885 0.13 0.14166600000000007
0 0.07 0.7825 0.105 0.10833400000000004
0 0.6268750000000001 0.632917 0.745 0.7325
0 0.4465625 0.138333 0.10312499999999997 0.105
0 0.7553125 0.24 0.051875000000000004 0.11499999999999999
0 0.8778125 0.310833 0.08812500000000001 0.06
0 0.9650000000000001 0.1833335 0.06874999999999998 0.23666700000000002
