0 0.15468749999999998 0.3644465 0.22437499999999996 0.25234500000000004
0 0.0121875 0.518762 0.024375 0.06566599999999995
0 0.0415625 0.3724205 0.083125 0.10318899999999998
0 0.27 0.4029085 0.05125000000000002 0.053471000000000046
0 0.3053125 0.5914634999999999 0.11937499999999998 0.11538499999999996
0 0.3746875 0.4859285 0.03187499999999999 0.07692300000000002
0 0.45281249999999995 0.3982175 0.085625 0.08348900000000004
0 0.6696875 0.533771 0.171875 0.23827400000000004
0 0.7134375 0.379925 0.145625 0.208256
0 0.7390625 0.9568479999999999 0.12062499999999998 0.08442800000000006
0 0.833125 0.3330205 0.11375000000000002 0.14821700000000004
