0 0.0175 0.3729285 0.035 0.034990999999999994
0 0.01125 0.451197 0.0075 0.018415999999999988
0 0.026875000000000003 0.228361 0.01125 0.011050000000000004
0 0.0375 0.1436465 0.027499999999999997 0.011049000000000003
0 0.070625 0.40515650000000003 0.013749999999999998 0.01841699999999996
0 0.123125 0.6086560000000001 0.06625 0.06813999999999998
0 0.144375 0.19060749999999999 0.013749999999999984 0.023941000000000018
0 0.144375 0.4005525 0.013749999999999984 0.016575000000000006
0 0.184375 0.252302 0.04374999999999998 0.036832000000000004
0 0.18125 0.444751 0.012500000000000011 0.009207999999999994
0 0.20625 0.4327805 0.007499999999999979 0.014732999999999996
0 0.21875 0.7173115 0.02250000000000002 0.04235699999999998
0 0.2225 0.359116 0.017500000000000016 0.014731999999999967
0 0.28500000000000003 0.22928199999999999 0.014999999999999958 0.031307999999999975
0 0.305625 0.430939 0.026249999999999996 0.018415999999999988
0 0.30874999999999997 0.451197 0.017500000000000016 0.018415999999999988
0 0.3125 0.4723755 0.010000000000000009 0.02394099999999999
0 0.37375 0.339779 0.024999999999999967 0.02394200000000002
0 0.3975 0.3130755 0.015000000000000013 0.018417000000000017
0 0.423125 0.3535915 0.048750000000000016 0.033148999999999984
0 0.46875 0.848987 0.12000000000000005 0.06998199999999999
0 0.435625 0.3158375 0.026249999999999996 0.02394099999999999
0 0.44625 0.36372 0.010000000000000009 0.04603999999999997
0 0.790625 0.336096 0.053749999999999964 0.04603999999999997
0 0.869375 0.5184165000000001 0.026249999999999996 0.05340700000000004
