0 0.8271875 0.45 0.14312500000000006 0.22166600000000003
0 0.244375 0.1858335 0.08374999999999999 0.148333
0 0.2771875 0.1108335 0.06687499999999999 0.163333
0 0.3096875 0.04375 0.06937499999999996 0.0875
0 0.359375 0.156667 0.09999999999999998 0.135
0 0.3859375 0.28 0.08812500000000001 0.095
0 0.43 0.414167 0.11875000000000002 0.21499999999999997
0 0.4290625 0.2416665 0.070625 0.09166699999999997
0 0.5071875 0.3595835 0.17312499999999997 0.17583300000000002
0 0.5109375 0.29 0.056875000000000064 0.091666
0 0.6268750000000001 0.703333 0.10750000000000004 0.15999999999999992
0 0.6540625 0.91125 0.13812500000000005 0.17583400000000005
0 0.714375 0.43916649999999996 0.19999999999999996 0.251667
0 0.733125 0.580417 0.15749999999999997 0.2475
0 0.75 0.8616665 0.15250000000000008 0.256667
0 0.7796875 0.8041665 0.16312499999999996 0.21666699999999994
0 0.958125 0.8162499999999999 0.08250000000000002 0.11083399999999999
0 0.96 0.96375 0.07874999999999999 0.07083400000000006
