0 0.5475 0.520833 0.73875 0.385
0 0.1921875 0.2875 0.13437500000000002 0.061666
0 0.2159375 0.39 0.109375 0.06
0 0.374375 0.11624999999999999 0.11125000000000002 0.06416599999999999
0 0.3896875 0.725 0.06187500000000001 0.06499999999999995
0 0.3903125 0.926667 0.05812499999999998 0.05499999999999994
0 0.4296875 0.885 0.020625000000000004 0.058334
0 0.46781249999999996 0.961667 0.04562499999999997 0.039999999999999925
0 0.6671875 0.8108335 0.09312500000000001 0.05166700000000002
0 0.6878124999999999 0.98 0.020625000000000004 0.03833399999999998
0 0.715625 0.9658335 0.03500000000000003 0.05833299999999997
0 0.8746875000000001 0.0908335 0.249375 0.10666699999999998
0 0.8371875 0.99375 0.05062500000000003 0.01083400000000001
0 0.90625 0.5508335 0.03125 0.04833299999999996
0 0.9478125 0.6741665 0.0668749999999999 0.036667000000000005
0 0.97875 0.8979165 0.04125000000000001 0.035833000000000004
