0 0.0146875 0.36125 0.014374999999999999 0.02416600000000002
0 0.052500000000000005 0.018333 0.03375000000000001 0.01
0 0.0584375 0.5570835000000001 0.031874999999999994 0.02083299999999999
0 0.06999999999999999 0.25375000000000003 0.032499999999999994 0.012500000000000011
0 0.1015625 0.9270835 0.069375 0.015833000000000097
0 0.146875 0.595 0.04625000000000001 0.01833399999999996
0 0.15187499999999998 0.412083 0.05250000000000002 0.017500000000000016
0 0.1434375 0.7329165 0.024375000000000008 0.02083299999999999
0 0.16562500000000002 0.7520830000000001 0.0325 0.02749999999999997
0 0.17875000000000002 0.309583 0.035 0.03749999999999998
0 0.183125 0.792917 0.03125 0.01750000000000007
0 0.201875 0.40208299999999997 0.03875000000000001 0.017500000000000016
0 0.20906249999999998 0.17208299999999999 0.02562499999999998 0.012499999999999983
0 0.22 0.5691665 0.04749999999999999 0.016666999999999987
0 0.2134375 0.269583 0.029374999999999984 0.012500000000000011
0 0.23093750000000002 0.4654165 0.05937499999999998 0.014166999999999985
0 0.2590625 0.35250000000000004 0.02562499999999998 0.034999999999999976
0 0.2734375 0.5554165 0.018124999999999947 0.029166999999999943
0 0.29500000000000004 0.5329165 0.02999999999999997 0.02416700000000005
0 0.31437499999999996 0.4225 0.04999999999999999 0.03166599999999997
0 0.315625 0.642083 0.03749999999999998 0.012500000000000067
0 0.338125 0.7516665 0.04625000000000001 0.05166700000000002
0 0.34187500000000004 0.7083335 0.03875000000000001 0.013332999999999928
0 0.376875 0.18541649999999998 0.04125000000000001 0.020833000000000018
0 0.393125 0.4404165 0.030000000000000027 0.015832999999999986
0 0.3903125 0.3620835 0.014375000000000027 0.029167
0 0.4015625 0.1833335 0.01937500000000003 0.038333000000000006
0 0.4040625 0.5820835 0.023125000000000007 0.03416700000000006
0 0.43625 0.12708350000000002 0.03125 0.02583300000000001
0 0.44843750000000004 0.025833500000000002 0.03437499999999999 0.011667
0 0.45375 0.4929165 0.027500000000000024 0.014166999999999985
0 0.48031250000000003 0.8787499999999999 0.05687500000000001 0.02749999999999997
0 0.5034375 0.10875000000000001 0.02562500000000001 0.015834
0 0.5096875000000001 0.021667 0.018125000000000058 0.009999999999999998
0 0.5165625 0.9641664999999999 0.018125000000000058 0.021666999999999992
0 0.5403125 0.5975 0.04812499999999997 0.040000000000000036
0 0.540625 0.035416500000000004 0.03875000000000006 0.010833000000000002
0 0.54375 0.7954165 0.03874999999999995 0.019167000000000045
0 0.5434375 0.7150000000000001 0.013125000000000053 0.04833399999999999
0 0.5765625 0.7479165 0.055625000000000036 0.03416700000000006
0 0.5834375 0.66625 0.025624999999999898 0.015834000000000015
0 0.6203125 0.6704165 0.048125000000000084 0.02416700000000005
0 0.6209374999999999 0.8858334999999999 0.018125000000000058 0.05166700000000002
0 0.6290625 0.38625 0.02562500000000001 0.014166000000000012
0 0.6390625 0.9270835 0.02562500000000001 0.03416699999999995
0 0.6421874999999999 0.4520835 0.01937500000000003 0.030833
0 0.6540625 0.58875 0.04312500000000008 0.012499999999999956
0 0.6637500000000001 0.41125 0.04625000000000001 0.019166000000000016
0 0.6578125 0.2920835 0.026874999999999982 0.030833
0 0.6928125 0.57125 0.048125000000000084 0.015834000000000015
0 0.6940625 0.7833335 0.026874999999999982 0.03333300000000006
0 0.7165625 0.92125 0.06937499999999996 0.03583399999999992
0 0.7075 0.2316665 0.04125000000000001 0.00833299999999998
0 0.7334375 0.7995835 0.03312499999999996 0.02416700000000005
0 0.7409375 0.2470835 0.015625 0.035833000000000004
0 0.7534375 0.8170835000000001 0.026874999999999982 0.02416699999999994
0 0.76875 0.2425 0.03749999999999998 0.010000000000000009
0 0.7678125 0.47875 0.02187500000000009 0.019166000000000016
0 0.7928124999999999 0.0654165 0.020625000000000004 0.025833000000000002
0 0.8225 0.9829165 0.05125000000000002 0.015832999999999986
0 0.8284374999999999 0.597083 0.06062500000000004 0.07750000000000001
0 0.8159375 0.1404165 0.020625000000000004 0.014166999999999985
0 0.848125 0.779583 0.03875000000000006 0.03249999999999997
0 0.8428125 0.4 0.016874999999999973 0.016666000000000014
0 0.878125 0.84125 0.028749999999999942 0.03416600000000003
0 0.89375 0.635417 0.04125000000000001 0.022499999999999964
0 0.895625 0.5120835 0.040000000000000036 0.01416700000000004
0 0.91625 0.11875 0.006250000000000089 0.02583400000000001
0 0.9271875 0.33875 0.02312499999999995 0.014166000000000012
0 0.935 0.6558335 0.036250000000000004 0.021666999999999992
0 0.9878125 0.069583 0.023125000000000062 0.0175
0 0.9896875 0.9579165000000001 0.01937500000000003 0.02416699999999994
