0 0.60375 0.6084375 0.769166 0.448125
0 0.0479165 0.361875 0.095833 0.022499999999999964
0 0.0945835 0.399375 0.189167 0.05249999999999999
0 0.1633335 0.4515625 0.316667 0.09562500000000002
0 0.12791650000000002 0.3403125 0.15083300000000002 0.044375
0 0.20416649999999997 0.3471875 0.15666699999999997 0.044375
0 0.23375 0.29781250000000004 0.1575 0.075625
0 0.291667 0.3678125 0.205 0.05437500000000001
0 0.330417 0.3175 0.07250000000000001 0.04249999999999998
0 0.4079165 0.38375 0.19083300000000003 0.08374999999999999
0 0.49083350000000003 0.41218750000000004 0.298333 0.085625
0 0.44083300000000003 0.2815625 0.12500000000000006 0.13812500000000003
0 0.5841665 0.36343749999999997 0.11166699999999996 0.03937499999999999
0 0.71 0.388125 0.16666599999999998 0.05125000000000002
