0 0.0095485 0.822917 0.019097 0.02864599999999995
0 0.499132 0.3984375 0.998264 0.796875
0 0.059028 0.8515625 0.034721999999999996 0.02343699999999993
0 0.078125 0.8261715000000001 0.045138000000000005 0.014322999999999975
0 0.125868 0.8489585 0.036458000000000004 0.01822899999999994
0 0.1484375 0.8769534999999999 0.02951300000000001 0.016927000000000025
0 0.166667 0.8235675 0.034722 0.016926999999999914
0 0.1666665 0.8072915 0.02083299999999999 0.01041700000000001
0 0.20746550000000002 0.8183594999999999 0.019097000000000003 0.027343000000000006
0 0.2369795 0.8320315 0.015625 0.01302100000000006
0 0.2421875 0.8489585 0.019097000000000003 0.02083299999999999
0 0.260417 0.902344 0.03472200000000003 0.03645799999999999
0 0.282118 0.8085935 0.032986000000000015 0.01302100000000006
0 0.324653 0.810547 0.03125 0.024739999999999984
0 0.372396 0.8736975 0.02951400000000004 0.01822900000000005
0 0.36892349999999996 0.31966150000000004 0.019096999999999975 0.04296899999999998
0 0.4661455 0.9329425 0.015625 0.037760999999999934
0 0.578993 0.953776 0.008680000000000021 0.029947999999999975
0 0.6050344999999999 0.8522135 0.01909700000000003 0.045572999999999975
0 0.7960065 0.8450525 0.015625 0.015625
0 0.796875 0.8059894999999999 0.0173620000000001 0.007812999999999959
0 0.817708 0.9765625 0.02777800000000008 0.0208330000000001
0 0.8767365 0.8671875 0.01388900000000004 0.015625
0 0.9184030000000001 0.8997395 0.02777799999999997 0.02864500000000003
