0 0.4953125 0.4915575 0.22812500000000002 0.22701699999999997
0 0.035 0.40197 0.07 0.10225200000000001
0 0.1009375 0.113039 0.18187499999999998 0.10787999999999999
0 0.0715625 0.628987 0.09687499999999999 0.044090000000000074
0 0.205625 0.576454 0.10375000000000001 0.04596599999999995
0 0.21375 0.396341 0.015000000000000013 0.02157600000000004
0 0.29000000000000004 0.686679 0.10625000000000001 0.06754199999999999
0 0.2840625 0.6041274999999999 0.03562500000000002 0.05253300000000005
0 0.500625 0.2321765 0.09250000000000003 0.05347099999999996
0 0.5584374999999999 0.6472795 0.04062500000000002 0.030019000000000018
0 0.6578125 0.6271105 0.034375000000000044 0.04784300000000008
0 0.696875 0.6519699999999999 0.10250000000000004 0.09005600000000002
0 0.6921875 0.7772045 0.03937500000000005 0.06285099999999999
0 0.7084375 0.32786099999999996 0.030625000000000013 0.049717999999999984
0 0.843125 0.5703564999999999 0.10499999999999998 0.127579
0 0.933125 0.12148199999999999 0.011249999999999982 0.02532799999999999
0 0.9671875 0.0530015 0.018124999999999947 0.053471000000000005
