0 0.42437499999999995 0.861163 0.25875 0.13508399999999998
0 0.0421875 0.6383675 0.084375 0.10225099999999998
0 0.059375 0.7954969999999999 0.11875 0.09193200000000001
0 0.21375 0.597561 0.14125 0.08442799999999995
0 0.3284375 0.7598495000000001 0.260625 0.14071299999999998
0 0.23875000000000002 0.6782365 0.05750000000000002 0.09568500000000002
0 0.289375 0.46388399999999996 0.04625000000000001 0.10975599999999996
0 0.3559375 0.6575985 0.128125 0.07504699999999997
0 0.32437499999999997 0.48968100000000003 0.05250000000000005 0.08067600000000003
0 0.34062499999999996 0.630863 0.05375000000000002 0.17542200000000008
0 0.44500000000000006 0.24624749999999998 0.16750000000000004 0.289869
0 0.53625 0.715291 0.15749999999999997 0.12476599999999993
0 0.59625 0.35412750000000004 0.15750000000000008 0.17917500000000003
0 0.59875 0.681989 0.135 0.15384600000000004
0 0.6578125 0.469043 0.08562500000000006 0.08255199999999996
0 0.7184375000000001 0.616323 0.135625 0.08818000000000004
0 0.7603125 0.7298315 0.12687499999999996 0.138837
0 0.75125 0.4948405 0.09875 0.11726100000000006
0 0.8053125 0.6899625 0.12687500000000007 0.11163299999999998
0 0.828125 0.425891 0.11624999999999996 0.08067600000000003
0 0.875 0.479362 0.11250000000000004 0.15572200000000003
0 0.9640625 0.7884614999999999 0.07062500000000005 0.12101299999999993
0 0.9824999999999999 0.423546 0.03375000000000006 0.05159399999999997
