0 0.35625 0.7853125000000001 0.275834 0.333125
0 0.0295835 0.18406250000000002 0.059167 0.141875
0 0.115 0.3909375 0.23 0.24062499999999998
0 0.3275 0.5196875 0.24833399999999997 0.276875
0 0.39 0.3278125 0.173334 0.16937499999999997
0 0.5662499999999999 0.42593749999999997 0.22583399999999998 0.263125
0 0.5879165 0.255 0.219167 0.15374999999999997
0 0.730417 0.73 0.35749999999999993 0.25625
0 0.7166665 0.5565625000000001 0.266667 0.24062499999999998
0 0.7233335000000001 0.331875 0.21666700000000005 0.2225
