0 0.7304390000000001 0.8106249999999999 0.39764199999999994 0.08500000000000008
0 0.5091100000000001 0.2209375 0.8531620000000001 0.11937500000000001
0 0.311361 0.6556249999999999 0.410504 0.08750000000000002
0 0.3670955 0.459375 0.485531 0.08374999999999999
0 0.378885 0.32406250000000003 0.50911 0.07687499999999997
0 0.23204750000000002 0.1278125 0.211147 0.049375
0 0.34512349999999997 0.5931249999999999 0.437299 0.07874999999999999
0 0.3156485 0.396875 0.365487 0.06875000000000003
0 0.221865 0.8374999999999999 0.16720200000000002 0.03749999999999998
0 0.3847805 0.763125 0.415863 0.09750000000000003
0 0.3858525 0.8378125000000001 0.12004300000000001 0.020625000000000004
0 0.47534849999999995 0.11156250000000001 0.269025 0.05437500000000001
0 0.7036439999999999 0.3965625 0.44480200000000003 0.109375
0 0.7245445 0.5146875 0.43301100000000003 0.13687500000000002
0 0.7229365 0.6275 0.40621700000000005 0.06500000000000006
0 0.7481245000000001 0.7003125 0.33440499999999995 0.0631250000000001
0 0.7684885 0.115 0.28081500000000004 0.037500000000000006
0 0.793676 0.294375 0.30761000000000005 0.02749999999999997
