0 0.552246 0.457402 0.07324200000000003 0.076816
0 0.17334 0.4210895 0.041992 0.040502999999999956
0 0.2333985 0.8756984999999999 0.08007900000000001 0.050279000000000074
0 0.2871095 0.6780725000000001 0.12304700000000002 0.11871500000000001
0 0.3344725 0.886173 0.10839900000000002 0.07402200000000003
0 0.3510745 0.803771 0.07519500000000001 0.08240199999999998
0 0.3740235 0.6906425 0.058593000000000006 0.06005500000000008
0 0.4335935 0.8261175000000001 0.078125 0.05446899999999999
0 0.507324 0.76676 0.07324200000000003 0.06424600000000003
0 0.6674804999999999 0.6948325 0.13378900000000005 0.08519500000000002
