0 0.2473335 0.4996035 0.397333 0.15226099999999998
0 0.2426665 0.3033305 0.449333 0.23711300000000002
0 0.225 0.1486915 0.384666 0.10705700000000001
0 0.26666650000000003 0.7803329999999999 0.370667 0.18080799999999997
0 0.323 0.6689134999999999 0.288666 0.17367100000000002
0 0.7350000000000001 0.3318795 0.439334 0.25614500000000007
0 0.675 0.628073 0.31399999999999995 0.16177599999999992
0 0.7423335 0.8049165 0.40733299999999995 0.18398100000000006
0 0.7963335 0.16138 0.34866699999999995 0.11815999999999999
0 0.812333 0.5344964999999999 0.29400000000000004 0.139571
0 0.8693335 0.4242665 0.18533299999999997 0.084061
