0 0.00875 0.6479165 0.0175 0.025832999999999995
0 0.01 0.755417 0.02 0.022499999999999964
0 0.0159375 0.592917 0.031875 0.03249999999999997
0 0.0171875 0.694167 0.034375 0.05499999999999994
0 0.02875 0.79625 0.0575 0.029166000000000025
0 0.0409375 0.5541665 0.06437499999999999 0.05833299999999997
0 0.027499999999999997 0.96 0.0325 0.066666
0 0.05125 0.9762500000000001 0.0775 0.01749999999999996
0 0.0396875 0.6158335 0.035625000000000004 0.05666700000000002
0 0.048125 0.6879165 0.0525 0.054166999999999965
0 0.07125000000000001 0.5233335 0.0475 0.04833299999999996
0 0.0778125 0.49791699999999994 0.043125000000000004 0.07249999999999995
0 0.0965625 0.6016665 0.049375 0.043333000000000066
0 0.10625 0.46416650000000004 0.06375 0.05333300000000002
0 0.1034375 0.5966665 0.053125000000000006 0.08166699999999993
0 0.1015625 0.7216670000000001 0.046875 0.04500000000000004
0 0.1146875 0.694583 0.051875000000000004 0.07750000000000001
0 0.1125 0.5916665000000001 0.04500000000000001 0.06333299999999997
0 0.1153125 0.715417 0.048125 0.057499999999999996
0 0.12687500000000002 0.5708335 0.04500000000000001 0.053333000000000075
0 0.133125 0.984167 0.037500000000000006 0.030000000000000027
0 0.15031250000000002 0.8825000000000001 0.05562500000000001 0.056665999999999994
0 0.144375 0.775 0.04125000000000001 0.04166599999999998
0 0.16218749999999998 0.5045835 0.05687499999999998 0.07916699999999993
0 0.19718750000000002 0.7108335 0.05187499999999998 0.04833299999999996
0 0.20124999999999998 0.86875 0.04874999999999999 0.07416599999999995
0 0.206875 0.9412499999999999 0.04249999999999998 0.06416600000000006
0 0.21125 0.8604164999999999 0.04375000000000001 0.07083300000000003
0 0.20500000000000002 0.976667 0.012499999999999983 0.04500000000000004
0 0.2225 0.38875000000000004 0.04249999999999998 0.07583400000000001
0 0.23218750000000002 0.8 0.05937500000000001 0.046665999999999985
0 0.2328125 0.6683335 0.03437499999999999 0.04833299999999996
0 0.23625000000000002 0.6408335000000001 0.036250000000000004 0.04833300000000007
0 0.2515625 0.5554165 0.06687499999999996 0.08083299999999993
0 0.24906250000000002 0.58875 0.05187500000000003 0.04083400000000004
0 0.2578125 0.4716665 0.05937499999999998 0.04166700000000001
0 0.24875 0.890417 0.03875000000000001 0.0625
0 0.2503125 0.6120835 0.013125000000000026 0.04583300000000001
0 0.25875 0.6591665 0.03 0.05166700000000002
0 0.2690625 0.7024999999999999 0.029374999999999984 0.04833399999999999
0 0.27718750000000003 0.7454164999999999 0.02812500000000001 0.030833
0 0.2734375 0.98875 0.008125000000000049 0.02083400000000002
0 0.284375 0.9075 0.030000000000000027 0.07999999999999996
0 0.29125 0.8583335000000001 0.03875000000000001 0.06333299999999997
0 0.28593749999999996 0.6820835000000001 0.02437499999999998 0.07583299999999993
0 0.2975 0.5691664999999999 0.04749999999999999 0.06333299999999997
0 0.28375 0.9808335 0.012499999999999956 0.036667000000000005
0 0.3103125 0.794583 0.05812499999999998 0.0675
0 0.3096875 0.864167 0.05437500000000001 0.05499999999999994
0 0.30625 0.6675 0.044999999999999984 0.056665999999999994
0 0.3175 0.77125 0.043749999999999956 0.03750000000000009
0 0.320625 0.8904164999999999 0.04249999999999998 0.08583299999999994
0 0.33218749999999997 0.7670835 0.050624999999999976 0.060833000000000026
0 0.31156249999999996 0.7895835 0.0018750000000000155 0.0741670000000001
0 0.321875 0.99125 0.006250000000000033 0.015834000000000015
0 0.343125 0.720417 0.048750000000000016 0.03249999999999997
0 0.3459375 0.4425 0.05437500000000001 0.08666600000000002
0 0.3540625 0.60625 0.06812499999999999 0.11750000000000005
0 0.3684375 0.665 0.05312500000000003 0.05500000000000005
0 0.37031250000000004 0.5466664999999999 0.05437500000000001 0.06333299999999997
0 0.3559375 0.315 0.023125000000000007 0.058334
0 0.365 0.8362499999999999 0.04125000000000001 0.07416600000000007
0 0.3678125 0.35833349999999997 0.046875 0.06166699999999997
0 0.37406249999999996 0.8025 0.05937500000000001 0.08333400000000002
0 0.375625 0.48875 0.04625000000000001 0.034165999999999974
0 0.361875 0.9783335 0.011249999999999982 0.04166700000000001
0 0.3853125 0.5458335 0.05812499999999998 0.05833299999999997
0 0.3696875 0.15375 0.01937500000000003 0.135834
0 0.4090625 0.430417 0.049375 0.08250000000000002
0 0.416875 0.67875 0.03125 0.02749999999999997
0 0.421875 0.8016665000000001 0.03874999999999995 0.06666699999999992
0 0.439375 0.6320835 0.06874999999999998 0.02416700000000005
0 0.4284375 0.6741665 0.044375 0.10833300000000001
0 0.4271875 0.9520835 0.03562500000000002 0.07916699999999999
0 0.42281250000000004 0.357917 0.021875000000000033 0.07250000000000001
0 0.431875 0.187917 0.03500000000000003 0.07250000000000001
0 0.436875 0.4341665 0.044999999999999984 0.048333000000000015
0 0.44 0.06875 0.04625000000000001 0.134166
0 0.44906250000000003 0.5579164999999999 0.049375 0.07583299999999993
0 0.45 0.4133335 0.03749999999999998 0.086667
0 0.4503125 0.3633335 0.023125000000000007 0.06166699999999997
0 0.4575 0.69125 0.034999999999999976 0.08416599999999996
0 0.459375 0.2820835 0.03875000000000001 0.07583300000000001
0 0.460625 0.148333 0.03125 0.05499999999999999
0 0.4625 0.2070835 0.034999999999999976 0.07416699999999998
0 0.47406250000000005 0.2229165 0.05812500000000004 0.06083299999999997
0 0.4653125 0.053333500000000006 0.029374999999999984 0.093333
0 0.475 0.69875 0.048750000000000016 0.07916600000000007
0 0.4690625 0.92625 0.02937500000000004 0.07250000000000001
0 0.489375 0.6870835 0.03375 0.05583300000000002
0 0.5078125 0.794583 0.060624999999999984 0.07750000000000001
0 0.51 0.53 0.0625 0.09666599999999997
0 0.49687499999999996 0.1529165 0.031249999999999944 0.079167
0 0.4921875 0.1833335 0.014375000000000027 0.088333
0 0.515 0.6433335 0.03875000000000006 0.05666700000000002
0 0.5084375 0.300417 0.02062500000000006 0.08750000000000002
0 0.5465625000000001 0.8008335 0.05312499999999998 0.06166700000000003
0 0.5390625 0.10500000000000001 0.01187500000000008 0.113334
0 0.5490625 0.822083 0.01937499999999992 0.03249999999999997
0 0.5706249999999999 0.5716665000000001 0.05124999999999991 0.10333300000000001
0 0.5659375 0.26875 0.03187499999999999 0.08916599999999997
0 0.568125 0.8945829999999999 0.03125 0.0675
0 0.575 0.7558335 0.03749999999999998 0.05833300000000008
0 0.5628124999999999 0.0291665 0.010624999999999996 0.058333
0 0.5718749999999999 0.9029165 0.026249999999999996 0.08083299999999993
0 0.6003125 0.7041664999999999 0.05437499999999995 0.06166700000000003
0 0.6112500000000001 0.34458350000000004 0.04500000000000004 0.07583299999999998
0 0.6131249999999999 0.819583 0.04625000000000001 0.0625
0 0.6209374999999999 0.24625 0.041874999999999996 0.09249999999999997
0 0.6234375000000001 0.443333 0.03312499999999996 0.07
0 0.63625 0.9129165 0.03374999999999995 0.06916699999999998
0 0.6387499999999999 0.9758335 0.036250000000000004 0.046667000000000014
0 0.6378125 0.1166665 0.018124999999999947 0.10333300000000001
0 0.6596875 0.6741665 0.06187500000000001 0.06333300000000008
0 0.6656249999999999 0.5674999999999999 0.04500000000000004 0.066666
0 0.6809375 0.5466664999999999 0.07062500000000005 0.06666699999999992
0 0.6646875 0.8108335 0.02562500000000001 0.05833299999999997
0 0.66625 0.30374999999999996 0.028750000000000053 0.08749999999999997
0 0.6865625 0.449167 0.05437499999999995 0.05499999999999999
0 0.684375 0.36416649999999995 0.04375000000000007 0.091667
0 0.673125 0.881667 0.006249999999999978 0.07499999999999996
0 0.7009375 0.8745835 0.046875 0.06916699999999998
0 0.7224999999999999 0.6354165 0.07874999999999999 0.06916700000000009
0 0.711875 0.23375 0.04999999999999993 0.07583399999999998
0 0.725625 0.36083350000000003 0.07250000000000001 0.10166700000000001
0 0.7224999999999999 0.2158335 0.04500000000000004 0.098333
0 0.7396875 0.8079165 0.051875000000000004 0.07916699999999999
0 0.74875 0.07250000000000001 0.043749999999999956 0.11
0 0.7596875000000001 0.7129165 0.06312499999999999 0.04083300000000001
0 0.7784375 0.944583 0.05687500000000001 0.07750000000000001
0 0.8021875 0.1 0.09187500000000004 0.05500000000000001
0 0.79125 0.4241665 0.04125000000000001 0.098333
0 0.7990625 0.829167 0.05437500000000006 0.050000000000000044
0 0.8171875 0.08708300000000001 0.051875000000000004 0.0875
0 0.8206249999999999 0.302083 0.039999999999999925 0.07750000000000001
0 0.8225 0.56125 0.03125 0.07250000000000001
0 0.828125 0.0379165 0.03249999999999997 0.075833
0 0.8274999999999999 0.6012500000000001 0.026249999999999996 0.07583400000000007
0 0.8425 0.892917 0.040000000000000036 0.0675
0 0.8787499999999999 0.393333 0.10999999999999999 0.10499999999999998
0 0.8721874999999999 0.79125 0.073125 0.06416599999999995
0 0.8696875 0.30874999999999997 0.06312499999999999 0.02916599999999997
0 0.8715625 0.2316665 0.046875 0.088333
0 0.8753124999999999 0.961667 0.028125000000000067 0.06999999999999995
0 0.88375 0.6233329999999999 0.03749999999999998 0.07999999999999996
0 0.8815625 0.8825 0.020625000000000004 0.07333400000000001
0 0.921875 0.126667 0.05624999999999991 0.09499999999999999
0 0.9434375 0.054167 0.05812499999999998 0.09499999999999999
0 0.920625 0.5295835 0.010000000000000009 0.08083299999999993
0 0.95875 0.784583 0.06624999999999992 0.07750000000000001
0 0.9390624999999999 0.265833 0.021874999999999978 0.09499999999999997
0 0.9503125 0.32875 0.04437500000000005 0.07583400000000001
0 0.9606250000000001 0.1083335 0.053750000000000075 0.093333
0 0.963125 0.23125 0.05125000000000002 0.08416599999999999
0 0.9624999999999999 0.9558335 0.03500000000000003 0.05166699999999991
0 0.9703125 0.1404165 0.04562500000000003 0.074167
0 0.978125 0.7395835 0.04249999999999998 0.06416699999999997
0 0.974375 0.5466664999999999 0.03249999999999997 0.07333299999999998
0 0.979375 0.8791665 0.040000000000000036 0.053332999999999964
0 0.98 0.0533335 0.03875000000000006 0.106667
0 0.9878125 0.4475 0.023125000000000062 0.061666
