0 0.755625 0.8070835000000001 0.11499999999999999 0.10416700000000001
0 0.08937500000000001 0.41916699999999996 0.05 0.03999999999999998
0 0.185 0.32708349999999997 0.10999999999999999 0.11083300000000001
0 0.1790625 0.6670830000000001 0.09562499999999999 0.08750000000000002
0 0.16312500000000002 0.416667 0.04000000000000001 0.05499999999999999
0 0.203125 0.5595829999999999 0.08124999999999999 0.0724999999999999
0 0.2953125 0.2525 0.18312500000000004 0.16000000000000003
0 0.3046875 0.3725 0.10062499999999996 0.09499999999999997
0 0.3940625 0.8275 0.128125 0.063334
0 0.3878125 0.3683335 0.08687500000000004 0.13833299999999998
0 0.395 0.9379165 0.07750000000000001 0.08083300000000004
0 0.45625 0.4070835 0.10249999999999992 0.06416699999999997
0 0.4465625 0.4408335 0.06437500000000002 0.06166700000000003
0 0.520625 0.19 0.15875 0.15333399999999997
0 0.4671875 0.2808335 0.03562499999999996 0.11333300000000002
0 0.5265625 0.480417 0.09312500000000001 0.09249999999999997
0 0.58 0.2820835 0.15625 0.13083299999999998
0 0.6131249999999999 0.40125 0.08750000000000002 0.065834
0 0.629375 0.2083335 0.06874999999999998 0.05166699999999999
0 0.6378125 0.49 0.06687500000000002 0.063334
0 0.6590625 0.3045835 0.06812499999999999 0.089167
0 0.7178125 0.30291650000000003 0.13687499999999997 0.13083300000000003
0 0.8225 0.364167 0.07000000000000006 0.04999999999999999
0 0.8190625 0.9283334999999999 0.06062500000000004 0.05166700000000002
0 0.859375 0.2941665 0.10749999999999993 0.093333
0 0.871875 0.781667 0.11750000000000005 0.16500000000000004
0 0.8553125 0.7795835 0.06812499999999999 0.12916700000000003
0 0.9025000000000001 0.43125 0.08750000000000002 0.08749999999999997
0 0.944375 0.4083335 0.04249999999999998 0.058333000000000024
