0 0.3565625 0.484167 0.270625 0.26499999999999996
0 0.06375 0.5758335 0.1275 0.098333
0 0.0715625 0.7920834999999999 0.143125 0.13416700000000004
0 0.021562500000000002 0.26416700000000004 0.041875 0.09500000000000003
0 0.0765625 0.1258335 0.086875 0.061667
0 0.0859375 0.0233335 0.09812500000000002 0.046667
0 0.084375 0.3391665 0.07375 0.08333299999999999
0 0.2328125 0.605 0.35812499999999997 0.31499999999999995
0 0.1009375 0.6266665 0.045625 0.05166700000000002
0 0.1065625 0.1970835 0.05687500000000001 0.094167
0 0.1165625 0.269167 0.053125000000000006 0.05000000000000002
0 0.18562499999999998 0.15375 0.11124999999999999 0.07083400000000001
0 0.1825 0.725833 0.035 0.05999999999999994
0 0.20375 0.0420835 0.04874999999999999 0.080833
0 0.2075 0.990417 0.028749999999999998 0.01750000000000007
0 0.2415625 0.39625 0.05812500000000001 0.1275
0 0.4434375 0.0920835 0.45062499999999994 0.135833
0 0.2521875 0.97125 0.06562499999999999 0.04749999999999999
0 0.34281249999999996 0.7654164999999999 0.060624999999999984 0.07416699999999998
0 0.36750000000000005 0.9429164999999999 0.07500000000000001 0.060833000000000026
0 0.3821875 0.525833 0.05937500000000001 0.040000000000000036
0 0.39625 0.0266665 0.03875000000000001 0.053333
0 0.439375 0.5191669999999999 0.06874999999999998 0.029999999999999916
0 0.435 0.7129165 0.04125000000000001 0.06916700000000009
0 0.46125000000000005 0.9058335 0.08375000000000005 0.05833300000000008
0 0.43281250000000004 0.922917 0.02437499999999998 0.03749999999999998
0 0.4665625 0.24000000000000002 0.08437500000000003 0.14333400000000002
0 0.5375 0.828333 0.1875 0.12
0 0.5846875 0.475 0.21687499999999998 0.19999999999999996
0 0.5809375 0.6079165 0.06937499999999996 0.030833
0 0.6125 0.6941664999999999 0.032500000000000084 0.06166700000000003
0 0.6409374999999999 0.959167 0.05312499999999998 0.08000000000000007
0 0.72125 0.4 0.1974999999999999 0.05333399999999999
0 0.694375 0.9408335 0.11124999999999996 0.043333000000000066
0 0.770625 0.91 0.19625000000000004 0.16666599999999998
0 0.7281249999999999 0.3204165 0.0675 0.12416700000000003
0 0.7846875 0.593333 0.09812500000000002 0.040000000000000036
0 0.78625 0.8283335000000001 0.08250000000000002 0.04833300000000007
0 0.848125 0.504583 0.19625000000000004 0.07250000000000001
0 0.846875 0.6741665 0.16249999999999998 0.15333299999999994
0 0.8715625 0.23583300000000001 0.21187500000000004 0.07499999999999998
0 0.8981250000000001 0.0420835 0.1925 0.084167
0 0.8528125 0.781667 0.08437499999999998 0.03499999999999992
0 0.899375 0.4720835 0.11249999999999993 0.030833
0 0.8740625 0.333333 0.041874999999999996 0.04999999999999999
0 0.916875 0.6045834999999999 0.07250000000000001 0.06916700000000009
0 0.96375 0.48041649999999997 0.07125000000000004 0.044166999999999956
0 0.9671875000000001 0.31166649999999996 0.06437499999999996 0.038333000000000006
0 0.9806250000000001 0.46125 0.03749999999999998 0.030834000000000028
