0 0.064375 0.7772905 0.12875 0.077291
0 0.0865625 0.31195249999999997 0.173125 0.10278899999999996
0 0.093125 0.0968125 0.18625 0.06135499999999999
0 0.12093749999999999 0.8346615 0.228125 0.09322700000000006
0 0.1384375 0.601594 0.228125 0.094024
0 0.175625 0.34980100000000003 0.1375 0.08605599999999997
0 0.2534375 0.22510000000000002 0.16312500000000002 0.225498
0 0.2471875 0.518327 0.14812499999999998 0.268526
0 0.406875 0.581673 0.3062500000000001 0.17848599999999998
0 0.39156250000000004 0.144223 0.20187499999999997 0.108366
0 0.4753125 0.8828685000000001 0.296875 0.15139500000000006
0 0.4453125 0.36932299999999996 0.210625 0.16653400000000002
0 0.5075000000000001 0.621514 0.15125 0.37450199999999995
0 0.5090625 0.2976095 0.09437500000000004 0.184063
0 0.53125 0.456972 0.12000000000000005 0.09800799999999998
0 0.5790625 0.5725100000000001 0.13812499999999994 0.30836600000000003
0 0.6359375 0.093227 0.18062499999999992 0.06533800000000001
0 0.7440625000000001 0.5637449999999999 0.26312499999999994 0.10438200000000009
0 0.6984375 0.128287 0.16312500000000008 0.256574
0 0.6909375 0.525896 0.14312499999999995 0.280478
0 0.7553125 0.9007965 0.22812500000000002 0.1968129999999999
0 0.7403125 0.409163 0.181875 0.11553800000000003
0 0.86625 0.1139445 0.04874999999999996 0.130677
0 0.900625 0.45458200000000004 0.06875000000000009 0.20956200000000008
0 0.91375 0.35816749999999997 0.08374999999999999 0.223905
0 0.9403125 0.8474105000000001 0.11812500000000004 0.07091700000000001
0 0.9353125 0.0709165 0.078125 0.141833
0 0.9575 0.4681275 0.08250000000000002 0.271713
0 0.97 0.510757 0.05874999999999997 0.17370599999999997
0 0.97125 0.2868525 0.05625000000000002 0.039841000000000015
