0 0.252345 0.44625000000000004 0.23452199999999998 0.10749999999999998
0 0.239681 0.2175 0.07973800000000003 0.03749999999999998
0 0.2856475 0.54 0.094747 0.028749999999999942
0 0.338649 0.568125 0.07129400000000002 0.03750000000000009
0 0.3330205 0.2209375 0.035646999999999984 0.03437500000000002
0 0.5323640000000001 0.26468749999999996 0.19230800000000003 0.05937500000000001
0 0.5257975 0.4853125 0.09287099999999998 0.05312499999999998
0 0.57833 0.8696875 0.1360220000000001 0.07687499999999992
0 0.6275795 0.6725000000000001 0.030019000000000018 0.04749999999999999
0 0.7898685 0.5528124999999999 0.09193300000000004 0.030625000000000013
0 0.849906 0.30125 0.09005600000000002 0.01874999999999999
0 0.86773 0.6425000000000001 0.1050660000000001 0.06999999999999995
0 0.9212009999999999 0.255 0.15572200000000003 0.04249999999999998
0 0.9601315 0.0890625 0.07410899999999998 0.043125
0 0.9826455000000001 0.1496875 0.032833 0.04062500000000002
