0 0.0465625 0.37433550000000004 0.05312499999999999 0.08244699999999999
0 0.11031250000000001 0.436835 0.058124999999999996 0.05319199999999996
0 0.12562500000000001 0.3597075 0.05500000000000001 0.046543
0 0.12062500000000001 0.453125 0.033750000000000016 0.03789799999999999
0 0.1375 0.64129 0.045 0.06449400000000005
0 0.14 0.533577 0.02125000000000002 0.02725999999999995
0 0.1703125 0.276928 0.03687499999999999 0.03125
0 0.188125 0.368351 0.0625 0.05319200000000002
0 0.21250000000000002 0.635306 0.027499999999999997 0.04321799999999998
0 0.233125 0.3710105 0.03999999999999998 0.047873
0 0.271875 0.230718 0.027500000000000024 0.03723399999999999
0 0.29500000000000004 0.265625 0.03875000000000001 0.02593000000000001
0 0.29593749999999996 0.22140949999999998 0.02437499999999998 0.03590499999999999
0 0.2990625 0.3121675 0.030625000000000013 0.032579000000000025
0 0.364375 0.21609050000000002 0.028749999999999998 0.053191000000000016
0 0.451875 0.1911565 0.03999999999999998 0.03789899999999999
0 0.508125 0.23504 0.023749999999999993 0.03258
0 0.5071875 0.194149 0.019374999999999976 0.029256000000000004
0 0.558125 0.2829125 0.07874999999999999 0.08710100000000001
0 0.6225 0.244348 0.04999999999999993 0.04454800000000003
0 0.7090625 0.2779255 0.03687499999999999 0.02925500000000003
0 0.7253125 0.315492 0.026874999999999982 0.02593000000000001
0 0.791875 0.349734 0.03875000000000006 0.04255399999999998
0 0.8203125 0.545213 0.06937499999999996 0.02393600000000007
0 0.8049999999999999 0.2802525 0.03500000000000003 0.04055900000000001
0 0.8106249999999999 0.613032 0.02375000000000005 0.07047800000000004
0 0.8171875 0.3138295 0.030625000000000013 0.029254999999999975
0 0.8515625 0.5043219999999999 0.02937499999999993 0.009974000000000038
0 0.8725 0.5259309999999999 0.032500000000000084 0.02925600000000006
