0 0.090625 0.168555 0.18125 0.110482
0 0.15 0.733711 0.09125 0.1322000000000001
0 0.22218749999999998 0.1888575 0.076875 0.069877
0 0.2134375 0.1416435 0.02812500000000001 0.04910300000000001
0 0.2684375 0.239377 0.08687500000000001 0.06515599999999999
0 0.3190625 0.23135050000000001 0.12187500000000001 0.069877
0 0.4421875 0.3243625 0.27812500000000007 0.116147
0 0.34875 0.713881 0.05499999999999999 0.06610000000000005
0 0.3596875 0.1983005 0.07437499999999997 0.081209
0 0.4128125 0.460812 0.13687500000000002 0.07932
0 0.405 0.1879135 0.11625000000000002 0.056656999999999985
0 0.43656249999999996 0.256374 0.07437500000000002 0.044382000000000005
0 0.515625 0.4735595 0.1975 0.08215299999999998
0 0.48531250000000004 0.5306895 0.13062500000000005 0.07554299999999997
0 0.48187500000000005 0.24315399999999998 0.11625000000000002 0.044382000000000005
0 0.49593750000000003 0.213881 0.11937500000000001 0.06704400000000002
0 0.504375 0.1279505 0.1175 0.055713
0 0.54 0.37865950000000004 0.04625000000000001 0.030216999999999994
0 0.5478125 0.441454 0.02562500000000001 0.017942000000000013
0 0.5828125 0.128895 0.078125 0.065156
0 0.5690625 0.3696885 0.03687499999999999 0.04815900000000001
0 0.5890625 0.4452315 0.030625000000000013 0.04815899999999995
0 0.6021875000000001 0.51983 0.041874999999999996 0.034938000000000025
0 0.6203125 0.635033 0.03937500000000005 0.048158000000000034
0 0.63125 0.493862 0.03875000000000006 0.03210600000000002
0 0.6387499999999999 0.131728 0.04375000000000007 0.051935999999999996
0 0.7790625 0.2582625 0.275625 0.16902700000000004
0 0.684375 0.4593955 0.05500000000000005 0.05760100000000001
0 0.6809375 0.535883 0.03562500000000002 0.04815799999999992
0 0.71625 0.42351300000000003 0.08875 0.05948999999999999
0 0.7362500000000001 0.6029275 0.05874999999999997 0.031160999999999994
0 0.7721875 0.48489099999999996 0.038124999999999964 0.04626999999999998
0 0.7696875 0.41312550000000003 0.028124999999999956 0.02360699999999999
0 0.7796875 0.3956565 0.038124999999999964 0.02266299999999999
0 0.79125 0.8205855 0.04125000000000001 0.07554300000000003
0 0.81 0.4329555 0.04250000000000009 0.040605
0 0.82125 0.1525025 0.04749999999999999 0.11614700000000001
0 0.8374999999999999 0.3139755 0.05625000000000002 0.05382500000000001
0 0.8578125 0.38102 0.03562500000000002 0.03304999999999997
0 0.8803125 0.5689329999999999 0.03187499999999999 0.03682799999999997
0 0.8840625 0.1392825 0.03937500000000005 0.08215299999999999
0 0.923125 0.4584515 0.10999999999999999 0.044381000000000004
0 0.8884375 0.4806425 0.028124999999999956 0.022663000000000044
0 0.9028125 0.428234 0.04312499999999997 0.027383999999999964
0 0.94625 0.588291 0.04375000000000007 0.09065199999999995
0 0.9771875 0.5887629999999999 0.04437500000000005 0.11614800000000003
