0 0.2040625 0.4525245 0.06562499999999999 0.22833499999999995
0 0.24125000000000002 0.5052755 0.07375000000000001 0.363979
0 0.2425 0.28108500000000003 0.05124999999999999 0.304446
0 0.2784375 0.639412 0.04312499999999997 0.311228
0 0.354375 0.908817 0.195 0.03918599999999994
0 0.33968750000000003 0.903542 0.148125 0.049736
0 0.29312499999999997 0.2057275 0.04124999999999995 0.159759
0 0.3853125 0.900151 0.19937499999999997 0.04596800000000001
0 0.3296875 0.30331549999999996 0.07687499999999997 0.330821
0 0.323125 0.6676715 0.05249999999999999 0.29841700000000004
0 0.39156250000000004 0.9310475 0.18312500000000004 0.070083
0 0.3521875 0.493595 0.06812499999999999 0.33308199999999993
0 0.3375 0.711379 0.027500000000000024 0.149208
0 0.378125 0.727581 0.03125 0.20572800000000002
0 0.4109375 0.509043 0.05687500000000001 0.342878
0 0.429375 0.2181615 0.07125000000000004 0.262999
0 0.451875 0.6695555 0.07124999999999998 0.13036899999999996
0 0.46343749999999995 0.493595 0.07687499999999997 0.311982
0 0.500625 0.254333 0.07124999999999998 0.31424199999999997
0 0.5234375 0.509043 0.05687500000000001 0.36699400000000004
0 0.551875 0.222306 0.0625 0.20949600000000002
