0 0.059375 0.4216665 0.11875 0.098333
0 0.1496875 0.2220835 0.023125000000000007 0.06416699999999997
0 0.19 0.4095835 0.09875 0.21916700000000006
0 0.21968749999999998 0.25 0.03312499999999999 0.04833399999999999
0 0.2965625 0.880833 0.171875 0.09999999999999998
0 0.24812499999999998 0.21291700000000002 0.046249999999999986 0.0325
0 0.26625 0.29041700000000004 0.046249999999999986 0.02250000000000002
0 0.3034375 0.2445835 0.02062499999999995 0.05583300000000002
0 0.46125 0.8958335 0.19374999999999998 0.10333300000000001
0 0.42125 0.214167 0.065 0.04999999999999999
0 0.46468750000000003 0.34625 0.021875000000000033 0.07583399999999996
0 0.6459375 0.84375 0.16812499999999997 0.06416599999999995
0 0.7390625 0.2508335 0.06437499999999996 0.06333299999999997
0 0.8515625 0.55375 0.09812500000000002 0.07916599999999996
0 0.8771875 0.7575000000000001 0.09562500000000007 0.09500000000000008
