0 0.01625 0.24433649999999998 0.0325 0.037756999999999985
0 0.0575 0.2745415 0.10124999999999999 0.04422899999999996
0 0.0896875 0.10949300000000001 0.08812500000000001 0.046386
0 0.11156250000000001 0.302589 0.106875 0.04854400000000003
0 0.09875 0.3581445 0.07250000000000001 0.07119700000000001
0 0.1265625 0.401834 0.07187500000000001 0.04638599999999998
0 0.1275 0.4412085 0.06624999999999999 0.04746499999999998
0 0.149375 0.082524 0.028749999999999998 0.03775600000000001
0 0.17625000000000002 0.494606 0.06875 0.04638599999999998
0 0.21531250000000002 0.0755125 0.09312500000000001 0.075513
0 0.20625 0.585221 0.04000000000000001 0.06364600000000009
0 0.2465625 0.2346275 0.07187499999999997 0.05285899999999999
0 0.3678125 0.3311755 0.224375 0.295577
0 0.326875 0.512945 0.04250000000000004 0.055015999999999954
0 0.3453125 0.5744335 0.010624999999999996 0.03344099999999994
0 0.405 0.7907230000000001 0.12625000000000003 0.09493000000000007
0 0.36531250000000004 0.6245955 0.03437499999999999 0.03883499999999995
0 0.37687499999999996 0.710356 0.044999999999999984 0.044227999999999934
0 0.4515625 0.48435799999999996 0.18437499999999996 0.26753
0 0.45875 0.3133765 0.04749999999999999 0.04422899999999996
0 0.4696875 0.6477885000000001 0.06437499999999996 0.050700999999999996
0 0.555625 0.894822 0.13874999999999998 0.12189800000000006
0 0.5103125 0.2313915 0.02437499999999998 0.029127000000000014
0 0.54 0.9708735 0.06125000000000003 0.038835000000000064
0 0.5990625 0.5161815000000001 0.13312500000000005 0.2923410000000001
0 0.5546875 0.4735705 0.02937499999999993 0.05393699999999996
0 0.5521875 0.250809 0.014374999999999916 0.024811999999999973
0 0.5746875 0.21682849999999998 0.020625000000000004 0.03020500000000001
0 0.61 0.23570649999999999 0.023749999999999938 0.029126999999999986
0 0.6934374999999999 0.12945 0.02937500000000004 0.032362000000000016
0 0.729375 0.2470335 0.06000000000000005 0.073355
0 0.7834375 0.3122975 0.13187499999999996 0.21251299999999998
0 0.7509375 0.182848 0.016874999999999973 0.04638600000000001
0 0.766875 0.11488699999999999 0.01749999999999996 0.022653999999999994
0 0.7765625 0.019957 0.026874999999999982 0.039914
0 0.8043750000000001 0.3867315 0.07124999999999992 0.04422899999999996
0 0.7928124999999999 0.126753 0.020625000000000004 0.046386
0 0.836875 0.580906 0.09375 0.141316
0 0.8671875 0.233549 0.02562500000000001 0.03775600000000001
0 0.8653124999999999 0.0237325 0.011874999999999969 0.036676999999999994
0 0.8703125 0.135383 0.021874999999999978 0.03559800000000002
0 0.8978125 0.015642 0.018124999999999947 0.031284
0 0.909375 0.162891 0.012500000000000067 0.01941799999999999
0 0.9153125 0.12243799999999999 0.024375000000000036 0.026967999999999992
0 0.9290625 0.2502695 0.02937499999999993 0.021574999999999983
0 0.9384375 0.1521035 0.02937500000000004 0.02804699999999999
0 0.9715625 0.08576049999999999 0.02937499999999993 0.037757
