0 0.5196875 0.43 0.17312499999999997 0.08999999999999997
0 0.693125 0.12541650000000001 0.07750000000000001 0.030833000000000013
0 0.7253125 0.1604165 0.06437499999999996 0.025832999999999995
0 0.7353125 0.1895835 0.05937500000000007 0.029167
0 0.7453125 0.2041665 0.06312499999999999 0.04166700000000001
0 0.7740625000000001 0.2454165 0.051875000000000004 0.024166999999999994
0 0.7765625 0.2295835 0.05687500000000001 0.01916699999999999
0 0.795 0.28125 0.04125000000000001 0.019166000000000016
0 0.8071875 0.2516665 0.06312499999999999 0.033333
0 0.8090625 0.3529165 0.06687500000000002 0.025832999999999995
0 0.8321875 0.3075 0.059374999999999956 0.04500000000000004
0 0.8321875 0.41625 0.05687500000000001 0.02749999999999997
0 0.835 0.28125 0.04625000000000001 0.029166000000000025
0 0.8362499999999999 0.3720835 0.04874999999999996 0.03916700000000001
0 0.8621875 0.3791665 0.059374999999999956 0.021666999999999992
0 0.8712500000000001 0.47833349999999997 0.03375000000000006 0.006667000000000034
0 0.879375 0.3504165 0.04749999999999999 0.02083299999999999
0 0.8865624999999999 0.31375 0.06187500000000001 0.03250000000000003
0 0.879375 0.4179165 0.03249999999999997 0.024166999999999994
0 0.8909374999999999 0.3825 0.055624999999999925 0.015000000000000013
0 0.8859375 0.46499999999999997 0.04312499999999997 0.008334000000000008
0 0.895625 0.270417 0.0625 0.03250000000000003
0 0.8975 0.417083 0.04749999999999999 0.02250000000000002
0 0.90875 0.437917 0.04375000000000007 0.022499999999999964
0 0.9446875 0.355 0.06437500000000007 0.018334000000000017
