0 0.022916500000000003 0.1259375 0.040833 0.03937500000000001
0 0.0458335 0.0540625 0.08166699999999999 0.03937499999999999
0 0.0320835 0.47968750000000004 0.040832999999999994 0.05937500000000001
0 0.06875 0.1115625 0.059166 0.03812499999999999
0 0.11875 0.06625 0.032500000000000015 0.06375
0 0.20875 0.795625 0.120834 0.036250000000000004
0 0.1741665 0.4359375 0.04333300000000001 0.03437499999999999
0 0.195 0.26687500000000003 0.056665999999999994 0.037500000000000006
0 0.2175 0.1040625 0.043333999999999984 0.03937499999999999
0 0.23583349999999997 0.1978125 0.061667 0.043125
0 0.23625000000000002 0.140625 0.05250000000000002 0.020000000000000018
0 0.2470835 0.021562500000000002 0.034166999999999975 0.025625000000000002
0 0.30291650000000003 0.5975 0.059167000000000025 0.022499999999999964
0 0.315 0.9706250000000001 0.068334 0.02749999999999997
0 0.3558335 0.36343749999999997 0.06833300000000003 0.025624999999999953
0 0.37375 0.09718750000000001 0.064166 0.025624999999999995
0 0.385417 0.5515625 0.02749999999999997 0.03937500000000005
0 0.38749999999999996 0.4446875 0.02333400000000002 0.05437500000000001
0 0.39749999999999996 0.48375 0.024999999999999967 0.03749999999999992
0 0.42041649999999997 0.8378125 0.034167 0.05812499999999998
0 0.453333 0.7418750000000001 0.10000000000000003 0.019999999999999907
0 0.4379165 0.094375 0.04083300000000001 0.023749999999999993
0 0.45375 0.944375 0.07250000000000001 0.07500000000000007
0 0.4375 0.5753125 0.036665999999999976 0.02562500000000001
0 0.4375 0.4209375 0.01833399999999996 0.030625000000000013
0 0.44 0.4940625 0.01833399999999996 0.020625000000000004
0 0.47416650000000005 0.2125 0.023332999999999993 0.013749999999999984
0 0.5083335 0.049062499999999995 0.06833299999999998 0.025625000000000002
0 0.5 0.571875 0.024999999999999967 0.018750000000000044
0 0.5129170000000001 0.6640625 0.022500000000000075 0.02562500000000001
0 0.5433334999999999 0.4925 0.06166700000000003 0.04500000000000004
0 0.7595835 0.1171875 0.479167 0.234375
0 0.551667 0.3978125 0.050000000000000044 0.015625
0 0.59 0.29500000000000004 0.08166600000000002 0.03250000000000003
0 0.645833 0.524375 0.030000000000000027 0.018749999999999933
0 0.7041664999999999 0.450625 0.09166700000000005 0.03249999999999997
0 0.6870835 0.6128125 0.03416699999999995 0.021874999999999978
0 0.7441665 0.95125 0.043332999999999955 0.05249999999999999
0 0.7554164999999999 0.3540625 0.06583299999999992 0.024375000000000036
0 0.767083 0.4 0.05249999999999999 0.013749999999999984
0 0.8291665 0.42593749999999997 0.036667000000000005 0.030624999999999958
0 0.8374999999999999 0.264375 0.025000000000000022 0.02250000000000002
0 0.91125 0.819375 0.04583399999999993 0.018749999999999933
