0 0.111875 0.6364065000000001 0.22375 0.269991
0 0.044375 0.804798 0.04125 0.023517999999999928
0 0.085625 0.9492 0.058750000000000004 0.043273999999999924
0 0.089375 0.9600185 0.06375 0.02916300000000005
0 0.08812500000000001 0.12182499999999999 0.015 0.03480799999999999
0 0.2084375 0.39369750000000003 0.02562500000000001 0.04233300000000001
0 0.2165625 0.332079 0.02687500000000001 0.05080000000000001
0 0.2503125 0.60301 0.03187499999999999 0.035748
0 0.2546875 0.203669 0.02312499999999998 0.040452000000000016
0 0.27125 0.388053 0.048750000000000016 0.03856999999999999
0 0.4615625 0.687206 0.02437499999999998 0.03104400000000007
0 0.4696875 0.440734 0.030625000000000013 0.03292600000000001
0 0.5040625 0.643462 0.026874999999999982 0.02822199999999997
0 0.7796875000000001 0.5343365 0.06187500000000001 0.06020700000000001
