0 0.1390625 0.872629 0.086875 0.05239400000000005
0 0.2684375 0.770551 0.09437499999999999 0.08129999999999993
0 0.4809375 0.25564549999999997 0.12812500000000004 0.09214099999999997
0 0.44375 0.691057 0.04624999999999996 0.16260200000000002
0 0.6212500000000001 0.30397450000000004 0.14249999999999996 0.08943099999999998
0 0.5728125 0.505872 0.03187499999999999 0.16982800000000003
0 0.609375 0.593948 0.10000000000000009 0.12375800000000003
0 0.7015625 0.08265549999999999 0.12062499999999998 0.116531
0 0.6890625 0.7104790000000001 0.08062499999999995 0.10930399999999996
0 0.7140625 0.177055 0.030625000000000013 0.131888
0 0.7565625 0.532972 0.10812500000000003 0.157182
0 0.7834375 0.385727 0.09687500000000004 0.07407399999999997
0 0.8540625 0.7235775 0.13812499999999994 0.12827500000000003
0 0.813125 0.5709124999999999 0.04875000000000007 0.07768699999999995
0 0.825625 0.0420055 0.05625000000000002 0.084011
0 0.8403125 0.8224935 0.08562500000000006 0.100271
0 0.8474999999999999 0.3523035 0.07999999999999996 0.133695
0 0.90875 0.461608 0.15125 0.148148
0 0.899375 0.1869915 0.08124999999999993 0.08130100000000001
0 0.9090625 0.47831999999999997 0.06937499999999996 0.11472399999999999
0 0.925625 0.287263 0.09499999999999997 0.15176200000000004
0 0.95125 0.8893405000000001 0.09499999999999997 0.12195100000000003
0 0.9515625000000001 0.0980125 0.09562499999999996 0.11111100000000002
0 0.9515625000000001 0.6228545 0.09562499999999996 0.10749699999999995
0 0.9625 0.9570915 0.07374999999999998 0.08401100000000006
0 0.964375 0.4381215 0.07000000000000006 0.09756100000000001
0 0.9690624999999999 0.7836495 0.06062500000000004 0.09665699999999999
0 0.9771875 0.2845525 0.04437500000000005 0.06142700000000001
