0 0.031582 0.09125 0.061914 0.034166
0 0.154159 0.036250000000000004 0.059412000000000006 0.0375
0 0.217636 0.7283335 0.036272 0.016666999999999987
0 0.217636 0.24875 0.03127000000000002 0.04916599999999999
0 0.2573485 0.4295835 0.05816099999999999 0.054166999999999965
0 0.2745465 0.29000000000000004 0.03126900000000005 0.03999999999999998
0 0.27141950000000004 0.7324999999999999 0.008755000000000013 0.05999999999999994
0 0.372733 0.4554165 0.051281999999999994 0.035833000000000004
0 0.37554699999999996 0.687083 0.023139999999999994 0.01750000000000007
0 0.3855535 0.5295835 0.025641000000000025 0.035833000000000004
0 0.40369 0.3320835 0.05190800000000001 0.030833
0 0.39368349999999996 0.42874999999999996 0.023138999999999965 0.017500000000000016
0 0.42307700000000004 0.83875 0.049406000000000005 0.02416599999999991
0 0.42182600000000003 0.4966665 0.02063799999999999 0.018332999999999988
0 0.4465295 0.00875 0.033770999999999995 0.0175
0 0.463102 0.587083 0.061914000000000025 0.02749999999999997
0 0.4787365 0.4425 0.025641000000000025 0.03166599999999997
0 0.4993745 0.73875 0.01313299999999995 0.030834000000000028
0 0.64384 0.754583 0.05566000000000004 0.02750000000000008
0 0.64853 0.65375 0.035022 0.025834000000000024
0 0.6572855 0.6904165 0.033770999999999995 0.02083299999999999
0 0.665416 0.2204165 0.04502800000000007 0.030833
0 0.6966855 0.2520835 0.03252100000000002 0.015833000000000014
0 0.7076295 0.7637499999999999 0.015635000000000066 0.015834000000000015
0 0.7173235 0.16875 0.02501500000000001 0.030834
0 0.7464040000000001 0.687083 0.04440199999999994 0.03750000000000009
0 0.7858035 0.2729165 0.045652999999999944 0.03916700000000001
0 0.7808005 0.0779165 0.019387000000000043 0.025832999999999995
