0 0.8315625 0.4516885 0.33687500000000004 0.6163230000000001
0 0.1915625 0.555816 0.383125 0.8864920000000001
0 0.1971875 0.727017 0.394375 0.54409
0 0.340625 0.2349905 0.45375 0.469981
0 0.52625 0.3006565 0.30499999999999994 0.601313
0 0.5865625 0.8222324999999999 0.3531250000000001 0.35365900000000006
0 0.6296875 0.574109 0.38062499999999994 0.626642
0 0.745625 0.848968 0.26125 0.300188
0 0.8128124999999999 0.1805815 0.37312500000000004 0.361163
0 0.9196875 0.8297375 0.15937500000000004 0.338649
