0 0.49375 0.6225 0.1175 0.12666600000000006
0 0.42000000000000004 0.30125 0.027500000000000024 0.034165999999999974
0 0.44906250000000003 0.27541649999999995 0.033125000000000016 0.07583299999999998
0 0.473125 0.250417 0.044999999999999984 0.057499999999999996
0 0.52875 0.343333 0.04250000000000009 0.040000000000000036
0 0.5549999999999999 0.365 0.03375000000000006 0.058334
0 0.701875 0.285 0.04249999999999998 0.056665999999999994
0 0.7915625 0.40874999999999995 0.051875000000000004 0.064166
0 0.84625 0.552083 0.01375000000000004 0.03249999999999997
0 0.8668750000000001 0.5529165 0.04999999999999993 0.03416699999999995
