0 0.5803125 0.4418385 0.16687499999999994 0.15759900000000004
0 0.07625 0.5609759999999999 0.15 0.08818000000000004
0 0.2934375 0.477955 0.13062500000000002 0.04596600000000001
0 0.3828125 0.349437 0.04312499999999997 0.02345200000000003
0 0.503125 0.7120075 0.14625000000000005 0.15196900000000002
0 0.5403125 0.4090055 0.02562500000000001 0.054408999999999985
0 0.5896875 0.382739 0.06562500000000004 0.06754199999999999
0 0.700625 0.8428705000000001 0.028749999999999942 0.03658499999999998
0 0.7462500000000001 0.3569415 0.10124999999999995 0.030956999999999957
0 0.79625 0.6233585 0.050000000000000044 0.05909900000000001
0 0.7915625 0.2575045 0.015625 0.03283300000000003
0 0.8990625 0.23968099999999998 0.06687500000000002 0.06472799999999998
0 0.9425 0.1913695 0.05125000000000002 0.07692300000000002
