0 0.49956 0.8746875 0.99912 0.234375
0 0.0660215 0.8456250000000001 0.047534999999999994 0.04999999999999993
0 0.109155 0.9 0.058098 0.03249999999999997
0 0.352553 0.8484375 0.12059799999999998 0.05812499999999998
0 0.40537 0.869375 0.081866 0.03249999999999997
0 0.537852 0.8628125 0.105634 0.07687500000000003
0 0.5919895 0.8834375000000001 0.06954300000000002 0.06312499999999999
0 0.667694 0.7559374999999999 0.168134 0.04437499999999994
0 0.6421655 0.836875 0.06073899999999999 0.03249999999999997
0 0.6914615 0.8071875 0.134683 0.04437499999999994
0 0.915493 0.7353125 0.149648 0.04437499999999994
0 0.974032 0.7740625000000001 0.050176 0.05312499999999998
