0 0.548 0.3278305 0.516 0.27358499999999997
0 0.442 0.17570750000000002 0.11199999999999999 0.09198100000000001
0 0.41500000000000004 0.2169815 0.05399999999999999 0.04245299999999999
0 0.44799999999999995 0.120283 0.08000000000000002 0.051886
0 0.5489999999999999 0.192217 0.08199999999999996 0.06839600000000001
0 0.5640000000000001 0.0955185 0.10399999999999998 0.082547
0 0.579 0.1285375 0.05399999999999994 0.05424499999999999
0 0.626 0.15684 0.08400000000000007 0.07783000000000001
0 0.6890000000000001 0.11910399999999999 0.10999999999999999 0.068396
0 0.766 0.1886795 0.10399999999999998 0.061321000000000014
