0 0.681875 0.5492495 0.15625 0.22607900000000003
0 0.0178125 0.25985 0.025625 0.04877999999999999
0 0.085625 0.250469 0.105 0.090056
0 0.170625 0.8147275 0.05499999999999999 0.09662300000000001
0 0.2840625 0.1866795 0.16937500000000003 0.14446499999999998
0 0.2296875 0.024859 0.014374999999999999 0.040338
0 0.3265625 0.542683 0.09437500000000004 0.17542200000000002
0 0.3265625 0.356942 0.05937500000000001 0.06847999999999999
0 0.373125 0.3184805 0.0625 0.10412699999999997
0 0.3578125 0.13180150000000002 0.026875000000000038 0.03470900000000002
0 0.495625 0.303002 0.04625000000000007 0.084428
0 0.5259375 0.25985 0.03437499999999993 0.07880000000000001
0 0.600625 0.683865 0.09999999999999998 0.06941800000000009
0 0.5934375000000001 0.2992495 0.07062500000000005 0.07692299999999996
0 0.60375 0.21060050000000002 0.06000000000000005 0.10037500000000002
0 0.660625 0.2303 0.05125000000000002 0.042214
0 0.724375 0.7847095 0.11874999999999991 0.055346999999999924
0 0.7365625 0.34474649999999996 0.09187499999999993 0.12101299999999998
0 0.7221875 0.8527205 0.02562500000000001 0.06941900000000001
0 0.8109375 0.366792 0.038124999999999964 0.061914000000000025
0 0.8665625 0.794559 0.13937500000000003 0.08630399999999994
0 0.8696875 0.204972 0.028125000000000067 0.04596599999999998
0 0.9265625 0.10272049999999999 0.02937500000000004 0.03846100000000001
