0 0.0490195 0.205625 0.098039 0.04249999999999998
0 0.0555555 0.37312500000000004 0.111111 0.15375
0 0.098039 0.08937500000000001 0.15312800000000001 0.041249999999999995
0 0.1507935 0.0265625 0.09990700000000001 0.053125
0 0.1988795 0.600625 0.14565899999999998 0.11624999999999996
0 0.331466 0.301875 0.104576 0.07
0 0.35200750000000003 0.38749999999999996 0.09897300000000003 0.07
0 0.379085 0.9 0.11204400000000003 0.14375000000000004
0 0.477591 0.20625 0.19141000000000002 0.028749999999999998
0 0.418301 0.0765625 0.06909399999999999 0.071875
0 0.4351075 0.5565625 0.10270699999999999 0.109375
0 0.468254 0.4815625 0.13351999999999997 0.11312499999999998
0 0.529412 0.78375 0.17927200000000004 0.06500000000000006
0 0.5004664999999999 0.60375 0.10457499999999997 0.10749999999999993
0 0.49766599999999994 0.9484375 0.089636 0.10187500000000005
0 0.558824 0.8196875 0.114846 0.11937500000000001
0 0.5779645 0.4371875 0.12698500000000001 0.09937499999999999
0 0.5980395000000001 0.0675 0.16339899999999996 0.0525
0 0.5625585 0.5284375 0.06069099999999994 0.09437500000000004
0 0.6199815 0.210625 0.11951499999999993 0.09250000000000003
0 0.6073765 0.5515625 0.07376300000000002 0.11312500000000003
0 0.651727 0.671875 0.07656399999999997 0.125
0 0.6951445 0.356875 0.16339899999999996 0.07874999999999999
0 0.6830065000000001 0.7225 0.10737699999999994 0.12624999999999997
0 0.725957 0.10250000000000001 0.15779599999999994 0.03749999999999999
0 0.7273575 0.0534375 0.1512610000000001 0.049375
0 0.714753 0.425 0.114846 0.09250000000000003
0 0.7273575 0.4515625 0.12511699999999992 0.10812499999999997
0 0.7082165 0.0203125 0.081233 0.040625
0 0.723156 0.608125 0.045752000000000015 0.08875
0 0.857143 0.7328125 0.125116 0.07687500000000003
0 0.8473390000000001 0.098125 0.073762 0.0875
0 0.8907565 0.6321874999999999 0.09897300000000009 0.104375
0 0.914566 0.8671875 0.13538800000000006 0.14312499999999995
0 0.9122315 0.7887500000000001 0.11951500000000004 0.07874999999999999
0 0.9061625 0.76125 0.04388499999999995 0.10250000000000004
0 0.959851 0.6675 0.07656400000000008 0.11624999999999996
0 0.9467785 0.686875 0.04108299999999998 0.09375
0 0.9696545000000001 0.6103125 0.045750999999999986 0.09062500000000007
