0 0.84375 0.53125 0.17999999999999994 0.28750000000000003
0 0.0390625 0.11750000000000001 0.078125 0.153334
0 0.080625 0.03875 0.16125 0.0775
0 0.07125 0.7083335 0.14125000000000001 0.2533329999999999
0 0.150625 0.5129170000000001 0.18625 0.1925
0 0.26968749999999997 0.34375 0.13437499999999997 0.17416600000000004
0 0.3478125 0.77625 0.166875 0.23083399999999998
0 0.3559375 0.96625 0.13187500000000002 0.06583400000000006
0 0.3903125 0.407917 0.198125 0.2375
0 0.3521875 0.3779165 0.10812500000000003 0.160833
0 0.39625 0.2008335 0.11875000000000002 0.156667
0 0.4246875 0.0454165 0.12687499999999996 0.090833
0 0.43624999999999997 0.8025 0.13124999999999998 0.16500000000000004
0 0.47625 0.5004165 0.10875000000000001 0.13583299999999998
0 0.515 0.9733335000000001 0.14999999999999997 0.05166700000000002
0 0.5171875 0.0808335 0.133125 0.161667
0 0.5778125 0.292917 0.169375 0.23750000000000002
0 0.5640625 0.76875 0.13437499999999997 0.19083400000000006
0 0.6125 0.4079165 0.09999999999999998 0.11416700000000002
0 0.6346875000000001 0.5641665 0.13812499999999994 0.19833299999999993
0 0.6815625 0.86375 0.17312499999999997 0.21916599999999997
0 0.6615625 0.059166500000000004 0.08187500000000003 0.108333
0 0.7321875 0.418333 0.17062500000000003 0.21000000000000008
0 0.7128125 0.7275 0.12937500000000002 0.18499999999999994
0 0.7209375 0.2195835 0.09437499999999999 0.13583299999999998
0 0.7459374999999999 0.089583 0.13437500000000002 0.1725
0 0.78625 0.6058330000000001 0.11874999999999991 0.20000000000000007
0 0.8315625 0.23416700000000001 0.12687500000000007 0.14500000000000002
0 0.88375 0.01875 0.13249999999999995 0.0375
0 0.901875 0.3254165 0.16125 0.22083300000000003
0 0.879375 0.127083 0.11375000000000002 0.1375
0 0.9546875 0.125417 0.08937499999999998 0.1825
0 0.9690624999999999 0.270417 0.06062500000000004 0.1275
