0 0.208125 0.739583 0.31375 0.2124999999999999
0 0.044375 0.1558335 0.08875 0.143333
0 0.063125 0.565833 0.12625 0.15999999999999998
0 0.1134375 0.279583 0.226875 0.17750000000000002
0 0.1275 0.4691665 0.25375000000000003 0.156667
0 0.2534375 0.35125 0.373125 0.269166
0 0.21968749999999998 0.1720835 0.285625 0.214167
0 0.285 0.24875000000000003 0.145 0.0325
0 0.315 0.32375 0.19374999999999998 0.08916600000000002
0 0.44906250000000003 0.5829165000000001 0.371875 0.219167
0 0.5234375 0.24874999999999997 0.20562499999999995 0.13583399999999998
0 0.535625 0.41000000000000003 0.22249999999999998 0.16166600000000003
0 0.6428125 0.6241669999999999 0.1468750000000001 0.17000000000000004
0 0.645 0.7283335 0.15125 0.14833299999999994
0 0.666875 0.3366665 0.07374999999999998 0.143333
0 0.7578125 0.23375 0.18312499999999998 0.130834
0 0.745625 0.34624999999999995 0.15125 0.1275
0 0.744375 0.8208329999999999 0.10499999999999998 0.15000000000000002
0 0.7990625 0.825833 0.12937500000000002 0.15000000000000002
0 0.799375 0.40208299999999997 0.11875000000000002 0.08749999999999997
0 0.84375 0.480417 0.16874999999999996 0.11749999999999994
0 0.8609375 0.6166665 0.17062500000000003 0.151667
0 0.82375 0.48541650000000003 0.04875000000000007 0.12416699999999997
0 0.8653125 0.368333 0.09812500000000002 0.10000000000000003
0 0.8696875 0.93875 0.0993750000000001 0.120834
0 0.87 0.7083335 0.07499999999999996 0.1083329999999999
0 0.96375 0.687083 0.07125000000000004 0.13749999999999996
0 0.9853125 0.47250000000000003 0.028125000000000067 0.09500000000000003
