0 0.01709 0.0559895 0.03418 0.041667
0 0.0649415 0.1809895 0.049804999999999995 0.039063000000000014
0 0.09472649999999999 0.21419300000000002 0.048829 0.032552
0 0.12451200000000001 0.6764319999999999 0.07714800000000001 0.061197999999999975
0 0.42822249999999995 0.499349 0.657227 0.998698
0 0.1259765 0.8470055000000001 0.029297000000000004 0.048177000000000025
0 0.1611325 0.6295575 0.046875 0.08723900000000007
0 0.256348 0.0572915 0.03808600000000001 0.036459000000000005
0 0.453125 0.3346355 0.05273399999999995 0.036458999999999964
0 0.44921849999999997 0.22330699999999998 0.037109 0.029948000000000002
0 0.4736325 0.1171875 0.046875 0.04166700000000001
0 0.48876949999999997 0.6803385 0.05371100000000001 0.035156999999999994
0 0.5126955 0.236979 0.05664100000000005 0.028646000000000033
0 0.5273435 0.28580700000000003 0.03320299999999998 0.03255199999999997
0 0.7021485000000001 0.792969 0.378907 0.411458
