0 0.0234375 0.2068665 0.024374999999999997 0.021127000000000007
0 0.251875 0.0356515 0.022499999999999992 0.016724999999999997
0 0.3696875 0.10695450000000001 0.021874999999999978 0.016725000000000004
0 0.3878125 0.0079225 0.03312499999999996 0.015845
0 0.4590625 0.018486 0.026874999999999982 0.019366
0 0.465625 0.069102 0.011249999999999982 0.030809999999999997
0 0.619375 0.10607349999999999 0.05499999999999994 0.04665499999999999
0 0.620625 0.033890500000000004 0.008750000000000036 0.022007000000000002
0 0.674375 0.0625 0.01375000000000004 0.021126000000000006
0 0.6803125 0.114877 0.015625 0.02552800000000001
