0 0.42988950000000004 0.4146875 0.26494500000000004 0.265625
0 0.0697415 0.0296875 0.068635 0.058124999999999996
0 0.218081 0.4240625 0.04649399999999998 0.04062500000000002
0 0.2734315 0.315625 0.08044300000000001 0.04249999999999998
0 0.27527650000000004 0.8009375000000001 0.07675300000000002 0.04312499999999997
0 0.2782285 0.8684375 0.06642100000000001 0.04062500000000002
0 0.27232500000000004 0.7121875 0.03837600000000002 0.06312499999999999
0 0.296679 0.48125 0.022139999999999993 0.03249999999999997
0 0.3590405 0.2875 0.06273099999999998 0.03125
0 0.4335795 0.60375 0.07011100000000003 0.03750000000000009
0 0.491144 0.2334375 0.05682600000000004 0.03937499999999999
0 0.5778595 0.8512500000000001 0.06494500000000003 0.04749999999999999
0 0.563469 0.765625 0.024353999999999987 0.02750000000000008
0 0.567528 0.626875 0.028043999999999958 0.03249999999999997
0 0.6313655 0.22499999999999998 0.07896700000000001 0.0325
0 0.6594095 0.593125 0.025830999999999937 0.023749999999999938
0 0.6929890000000001 0.41312499999999996 0.05608800000000003 0.04250000000000004
0 0.7011069999999999 0.8887499999999999 0.044279999999999986 0.07500000000000007
0 0.704059 0.7971874999999999 0.02214000000000005 0.03937500000000005
0 0.7413285000000001 0.30781250000000004 0.04059099999999993 0.03437499999999999
0 0.9195575 0.3353125 0.07084900000000005 0.04062500000000002
