0 0.3955225 0.08984400000000001 0.10845700000000003 0.153646
0 0.044278500000000005 0.46875 0.050747 0.04947999999999997
0 0.1363185 0.23046850000000002 0.049751000000000004 0.07031299999999999
0 0.280597 0.298828 0.08557199999999998 0.09244800000000003
0 0.341791 0.535156 0.04278599999999999 0.02604200000000001
0 0.44129399999999996 0.690755 0.11840800000000001 0.08723999999999998
0 0.48706499999999997 0.3971355 0.04676600000000003 0.036458999999999964
0 0.524378 0.5533855 0.06965200000000005 0.05729099999999998
0 0.5492535000000001 0.386719 0.027861000000000025 0.02604200000000001
0 0.5855725 0.9186195 0.074627 0.07161499999999998
0 0.6472635 0.8541665 0.13631900000000008 0.11458299999999999
0 0.8358209999999999 0.2701825 0.015920000000000045 0.045572999999999975
