0 0.604687 0.562798 0.14375000000000004 0.12718600000000002
0 0.0812505 0.916534 0.159375 0.06836199999999992
0 0.11328099999999999 0.0500795 0.176562 0.100159
0 0.096875 0.46899799999999997 0.09687599999999999 0.308426
0 0.0875 0.3147855 0.07187600000000001 0.241653
0 0.1578125 0.6454690000000001 0.159375 0.17806
0 0.127344 0.801272 0.035938 0.10492800000000002
0 0.38515600000000005 0.9666135 0.30781200000000003 0.04769500000000004
0 0.315625 0.8314785 0.14375000000000002 0.13990499999999995
0 0.367969 0.54531 0.23281200000000002 0.12082599999999999
0 0.3843745 0.0699525 0.04062500000000002 0.139905
0 0.410937 0.0429255 0.0625 0.085851
0 0.4953125 0.755167 0.17812499999999998 0.200318
0 0.455469 0.3338635 0.04843799999999998 0.267091
0 0.6296875 0.3322735 0.334375 0.17806100000000002
0 0.5609379999999999 0.942766 0.15000000000000002 0.03497600000000001
0 0.55 0.8775835 0.08750000000000002 0.07949099999999998
0 0.7023435 0.183625 0.370313 0.195548
0 0.53125 0.888712 0.018750000000000044 0.07631200000000005
0 0.7257815000000001 0.073132 0.16406299999999996 0.146264
0 0.8109375 0.895866 0.22187500000000004 0.055643999999999916
0 0.8562505 0.6303654999999999 0.28437500000000004 0.112877
0 0.815625 0.7146265 0.11249999999999993 0.22416500000000006
0 0.9257815 0.5055645 0.14531300000000003 0.09856900000000002
0 0.9523440000000001 0.0596185 0.08593799999999996 0.119237
