0 0.10375000000000001 0.7166669999999999 0.1825 0.37
0 0.0325 0.2375 0.065 0.16833399999999998
0 0.114375 0.420833 0.22875 0.385
0 0.164375 0.15 0.23375 0.3
0 0.231875 0.5491665 0.18125000000000002 0.22833299999999995
0 0.311875 0.1983335 0.23625 0.396667
0 0.28250000000000003 0.5441670000000001 0.1675 0.32500000000000007
0 0.313125 0.9266665000000001 0.13375 0.14333300000000004
0 0.395 0.833333 0.2725 0.33000000000000007
0 0.42375 0.4041665 0.2725000000000001 0.22833300000000006
0 0.546875 0.22583350000000002 0.30624999999999997 0.261667
0 0.5349999999999999 0.7925 0.25749999999999995 0.21499999999999997
0 0.6331249999999999 0.0741665 0.34124999999999994 0.148333
0 0.594375 0.650833 0.23875000000000002 0.29499999999999993
0 0.6481250000000001 0.48916649999999995 0.27375000000000005 0.211667
0 0.68 0.604167 0.1775 0.135
0 0.785 0.39166650000000003 0.21999999999999997 0.17666699999999996
0 0.8043750000000001 0.8516665 0.21624999999999994 0.29333300000000007
0 0.854375 0.529167 0.28875000000000006 0.325
0 0.8712500000000001 0.7275 0.255 0.191666
0 0.865 0.298333 0.22249999999999992 0.32999999999999996
0 0.8768750000000001 0.8658330000000001 0.24375000000000002 0.265
0 0.9293750000000001 0.2075 0.13875000000000004 0.128334
0 0.9393750000000001 0.3625 0.11875000000000002 0.181666
0 0.9437500000000001 0.0708335 0.10999999999999999 0.141667
