0 0.0371875 0.0968045 0.074375 0.193609
0 0.10625 0.2410715 0.20875000000000002 0.13251900000000003
0 0.2578125 0.5441725 0.145625 0.16917299999999996
0 0.3603125 0.8016920000000001 0.26937500000000003 0.13721799999999995
0 0.321875 0.298402 0.13625000000000004 0.125
0 0.580625 0.6987785 0.25375000000000003 0.18139099999999997
0 0.5096875000000001 0.043232999999999994 0.08062500000000006 0.062029999999999995
0 0.603125 0.444079 0.22125 0.08552599999999999
0 0.6178125000000001 0.10244400000000001 0.135625 0.163534
0 0.750625 0.6118425 0.25 0.10714299999999999
0 0.80125 0.2020675 0.06125000000000003 0.16729300000000003
0 0.91 0.8016915 0.17874999999999996 0.129699
0 0.9668749999999999 0.6456765 0.06500000000000006 0.06766899999999998
