0 0.20156249999999998 0.6751655000000001 0.13562499999999997 0.647781
0 0.3353125 0.6661945 0.13937500000000003 0.6657230000000001
0 0.4615625 0.605288 0.12312499999999993 0.63645
0 0.5237499999999999 0.5646835 0.11875000000000002 0.610009
0 0.573125 0.5561855 0.10749999999999993 0.5760149999999999
0 0.6078125000000001 0.5344665 0.08187500000000003 0.545797
0 0.651875 0.543437 0.07250000000000001 0.586402
0 0.7090624999999999 0.4778095 0.07437499999999997 0.47025500000000003
0 0.7290625 0.407932 0.07687499999999992 0.48158599999999996
0 0.8006249999999999 0.4357885 0.15000000000000002 0.510859
