0 0.654514 0.654948 0.13541599999999998 0.07552000000000003
0 0.0703125 0.5247395 0.043403 0.01822900000000005
0 0.12066 0.500651 0.03645800000000002 0.02473999999999993
0 0.32465299999999997 0.548828 0.034721999999999975 0.024739999999999984
0 0.34027799999999997 0.6354169999999999 0.027778000000000025 0.02604200000000001
0 0.4435765 0.578125 0.046875 0.01822999999999997
0 0.520833 0.6139325 0.03472199999999992 0.022135000000000016
0 0.7005205 0.3463545 0.01909699999999992 0.015625
0 0.7317705 0.6386715000000001 0.04340300000000008 0.016927000000000025
0 0.7534725 0.36458349999999995 0.04166700000000001 0.018228999999999995
0 0.8046875 0.5800784999999999 0.05381900000000006 0.016927000000000025
0 0.8159719999999999 0.424479 0.05902799999999997 0.02343799999999996
0 0.9010415 0.567708 0.05208299999999999 0.03385400000000005
0 0.96441 0.6276045 0.06423599999999996 0.01822900000000005
0 0.9887155000000001 0.5572915 0.01909700000000003 0.01041700000000001
