0 0.0209375 0.756343 0.041875 0.04986800000000002
0 0.05625 0.895451 0.1125 0.088364
0 0.046875 0.8127735 0.08249999999999999 0.07699100000000003
0 0.0571875 0.711286 0.06687499999999999 0.05774199999999996
0 0.045312500000000006 0.5411195 0.025625000000000002 0.06386700000000001
0 0.0703125 0.6692914999999999 0.075625 0.05249300000000001
0 0.27499999999999997 0.298775 0.45249999999999996 0.333334
0 0.0875 0.52231 0.05500000000000001 0.06299200000000005
0 0.1290625 0.437883 0.07187500000000001 0.058618
0 0.1296875 0.512686 0.065625 0.06824200000000002
0 0.14781249999999999 0.32720899999999997 0.08562499999999999 0.06824199999999997
0 0.21281250000000002 0.585302 0.07312500000000002 0.05949199999999999
0 0.2096875 0.469379 0.05937500000000001 0.07611600000000002
0 0.2184375 0.57874 0.030625000000000013 0.07611599999999996
0 0.2871875 0.798338 0.12437499999999999 0.08486400000000005
0 0.336875 0.463692 0.10375000000000001 0.06474199999999997
0 0.3696875 0.6946635 0.09437499999999999 0.08748899999999993
0 0.34750000000000003 0.742782 0.044999999999999984 0.05249399999999993
0 0.350625 0.6478565000000001 0.04625000000000001 0.037621000000000016
0 0.40875 0.5931759999999999 0.057499999999999996 0.06474199999999997
0 0.414375 0.6513565 0.04625000000000001 0.04811900000000002
0 0.43437499999999996 0.8862639999999999 0.06 0.05949199999999999
0 0.4659375 0.7187224999999999 0.06437499999999996 0.04986900000000005
0 0.4825 0.3552055 0.07999999999999996 0.07349099999999997
0 0.5353125 0.384952 0.07437500000000002 0.05074400000000001
0 0.6178125 0.39457549999999997 0.12687500000000007 0.06999099999999997
0 0.5678125 0.5529310000000001 0.024374999999999925 0.06474199999999997
0 0.5984375 0.7642169999999999 0.073125 0.07961600000000002
0 0.614375 0.6377955 0.08499999999999996 0.05599300000000007
0 0.6112500000000001 0.560805 0.04999999999999993 0.07699
0 0.615625 0.7178475 0.05125000000000002 0.03237100000000004
0 0.655 0.440507 0.10375000000000001 0.056867999999999974
0 0.6728125 0.7751535 0.073125 0.07174099999999994
0 0.71 0.7016625 0.06500000000000006 0.05424300000000004
0 0.764375 0.42869650000000004 0.13124999999999998 0.06999099999999997
0 0.79375 0.4737535 0.08750000000000002 0.03412099999999996
0 0.813125 0.7874015000000001 0.11250000000000004 0.075241
0 0.7931250000000001 0.7051620000000001 0.05999999999999994 0.08223999999999998
0 0.81875 0.8845145 0.10125000000000006 0.07874099999999995
0 0.826875 0.56343 0.10250000000000004 0.04899399999999998
0 0.86625 0.7292215 0.06999999999999995 0.04986900000000005
0 0.9246875 0.8359585 0.07187499999999991 0.07961499999999999
0 0.9478125 0.41907249999999996 0.10312500000000002 0.082239
0 0.944375 0.9562554999999999 0.08625000000000005 0.05424299999999993
0 0.9571875 0.6154854999999999 0.078125 0.05161899999999997
0 0.9571875 0.6727905000000001 0.078125 0.05599300000000007
0 0.9771875 0.4965005 0.04437500000000005 0.049869
