0 0.09468750000000001 0.07375 0.01937499999999999 0.0375
0 0.11875 0.1670835 0.03874999999999999 0.04083300000000001
0 0.19968750000000002 0.3641665 0.06687499999999999 0.06333299999999997
0 0.21281250000000002 0.082083 0.06937499999999999 0.07749999999999999
0 0.2753125 0.1879165 0.08937500000000001 0.07916700000000002
0 0.305 0.055 0.07374999999999998 0.045
0 0.2778125 0.1729165 0.01687500000000003 0.060833000000000026
0 0.323125 0.0533335 0.011249999999999982 0.041666999999999996
0 0.44156249999999997 0.38416649999999997 0.09312499999999996 0.05166699999999996
0 0.494375 0.3870835 0.023749999999999993 0.020833000000000046
0 0.51125 0.32625 0.048750000000000016 0.025834000000000024
0 0.55625 0.088333 0.03875000000000006 0.05
0 0.5575 0.14125 0.010000000000000009 0.027499999999999997
0 0.598125 0.524167 0.03249999999999997 0.04999999999999993
0 0.6074999999999999 0.6058335 0.04749999999999999 0.09666700000000006
0 0.6253124999999999 0.322083 0.06062500000000004 0.0625
0 0.69125 0.5549999999999999 0.08125000000000004 0.046665999999999985
0 0.688125 0.8541665 0.0625 0.06166700000000003
0 0.6940625 0.4483335 0.06062500000000004 0.046667000000000014
0 0.8140624999999999 0.2916665 0.01937500000000003 0.043332999999999955
0 0.90625 0.753333 0.028750000000000053 0.05999999999999994
0 0.9359375 0.6354165 0.028124999999999956 0.044166999999999956
0 0.9593750000000001 0.46125 0.026249999999999996 0.02416600000000002
