0 0.463867 0.499349 0.927734 0.998698
0 0.418945 0.7141925 0.05859399999999998 0.050780999999999965
0 0.4379885 0.8932294999999999 0.012695000000000012 0.05208299999999999
0 0.500488 0.9635415 0.02441399999999999 0.01041700000000001
0 0.5288085 0.9752605000000001 0.022461000000000064 0.02083299999999999
0 0.5649415 0.8483075 0.020507000000000053 0.040364999999999984
0 0.6474610000000001 0.8658855 0.019531999999999994 0.046875
0 0.6552735000000001 0.510417 0.027343000000000006 0.03125
0 0.6596679999999999 0.450521 0.024414000000000047 0.02083400000000002
0 0.6733395 0.7233075 0.04394500000000001 0.10546900000000003
0 0.725586 0.8372394999999999 0.03125 0.02343700000000004
0 0.729004 0.344401 0.01855399999999996 0.037760000000000016
0 0.739746 0.2662765 0.024413999999999936 0.01432300000000003
0 0.7509764999999999 0.856771 0.029297000000000017 0.02864600000000006
0 0.7768554999999999 0.4466145 0.018554999999999988 0.036458999999999964
0 0.785156 0.32877599999999996 0.017577999999999983 0.02213599999999999
0 0.8037110000000001 0.3365885 0.027343999999999924 0.040364999999999984
0 0.8056645 0.3971355 0.015625 0.026041000000000036
0 0.8129885 0.2291665 0.016601000000000088 0.023436999999999986
0 0.8325195000000001 0.251953 0.020506999999999942 0.04036400000000001
0 0.8349610000000001 0.682292 0.017577999999999983 0.03385400000000005
0 0.8598635 0.052734 0.02636700000000003 0.027344000000000007
0 0.8671875 0.2239585 0.021484999999999976 0.015625
0 0.8818360000000001 0.6575525 0.025389999999999913 0.01822900000000005
0 0.8784175000000001 0.1875 0.008789000000000047 0.02604200000000001
0 0.8857425 0.1647135 0.015625 0.019530999999999993
0 0.8862304999999999 0.08789050000000001 0.014649000000000023 0.011718999999999993
0 0.892578 0.6223955 0.02343800000000007 0.01822900000000005
0 0.894531 0.6816405 0.017577999999999983 0.019530999999999965
0 0.9160155 0.0696615 0.02343699999999993 0.011719000000000007
0 0.9277345 0.5397135 0.046875 0.027343000000000006
0 0.9194335 0.8834635 0.022461000000000064 0.045572999999999975
0 0.9257815 0.746094 0.019530999999999965 0.03125
0 0.9277345 0.0214845 0.015625 0.024739000000000004
0 0.9516605 0.0416665 0.02636700000000003 0.023437000000000003
0 0.970215 0.735677 0.03808599999999995 0.03385400000000005
0 0.9570315 0.328125 0.007812999999999959 0.01822999999999997
0 0.975098 0.31575549999999997 0.02050799999999997 0.01692699999999997
0 0.9853514999999999 0.175781 0.02343700000000004 0.03125
0 0.9853515 0.2167965 0.015625 0.016926999999999998
0 0.9941405 0.1953125 0.009765000000000024 0.015625
