0 0.8206249999999999 0.9466665000000001 0.08124999999999993 0.10666699999999996
0 0.451875 0.6933335 0.90375 0.10333300000000001
0 0.020624999999999998 0.3225 0.01875 0.015000000000000013
0 0.041874999999999996 0.3325 0.018749999999999996 0.0050000000000000044
0 0.04625 0.3558335 0.027499999999999997 0.018332999999999988
0 0.060625 0.325833 0.023749999999999993 0.015000000000000013
0 0.061875 0.380833 0.016250000000000007 0.024999999999999967
0 0.0875 0.7066665000000001 0.039999999999999994 0.07333299999999998
0 0.08937500000000001 0.32499999999999996 0.013749999999999998 0.013334000000000013
0 0.130625 0.78 0.04875 0.066666
0 0.150625 0.8558330000000001 0.05875 0.06500000000000006
0 0.1925 0.9083330000000001 0.022499999999999992 0.04999999999999993
0 0.590625 0.450833 0.81625 0.275
0 0.1975 0.9375 0.017499999999999988 0.04499999999999993
0 0.283125 0.7191665 0.02124999999999999 0.028333000000000053
0 0.29000000000000004 0.7675000000000001 0.02999999999999997 0.05500000000000005
0 0.32 0.6158335 0.03249999999999997 0.05833299999999997
0 0.369375 0.9716670000000001 0.03375 0.04999999999999993
0 0.45062499999999994 0.9575 0.14375 0.08166600000000002
0 0.49562500000000004 0.9541664999999999 0.05625000000000002 0.05166700000000002
0 0.49125 0.64 0.025000000000000022 0.01666600000000007
0 0.496875 0.5549999999999999 0.02375000000000005 0.026665999999999968
0 0.5 0.5241665 0.007500000000000007 0.018332999999999933
0 0.52625 0.524167 0.014999999999999902 0.03500000000000003
0 0.5743750000000001 0.9325 0.10875000000000001 0.10499999999999998
0 0.56125 0.6133335 0.025000000000000022 0.043332999999999955
0 0.61 0.5625 0.040000000000000036 0.05499999999999994
0 0.6725 0.7166665000000001 0.08499999999999996 0.07333299999999998
0 0.74375 0.6174999999999999 0.020000000000000018 0.04833399999999999
0 0.88375 0.743333 0.03749999999999998 0.06000000000000005
0 0.94875 0.6391665 0.04499999999999993 0.05166700000000002
