0 0.0128125 0.4616665 0.025625 0.046667000000000014
0 0.029375 0.690833 0.05875 0.040000000000000036
0 0.0378125 0.3341665 0.075625 0.036667000000000005
0 0.043437500000000004 0.42041700000000004 0.049375 0.03250000000000003
0 0.0434375 0.6158335 0.030624999999999996 0.04833299999999996
0 0.0471875 0.5108335 0.020625000000000004 0.038333000000000006
0 0.075625 0.3929165 0.07750000000000001 0.029167
0 0.1215625 0.7620834999999999 0.09937500000000002 0.044166999999999956
0 0.1171875 0.2891665 0.080625 0.04833299999999996
0 0.1415625 0.40541649999999996 0.05937500000000001 0.034167
0 0.150625 0.34958350000000005 0.046249999999999986 0.03916700000000001
0 0.234375 0.7933330000000001 0.08750000000000002 0.04500000000000004
0 0.24000000000000002 0.33666700000000005 0.08000000000000002 0.05499999999999999
0 0.278125 0.7754165 0.12125 0.07416699999999998
0 0.259375 0.40125 0.03125000000000003 0.04249999999999998
0 0.29312499999999997 0.4641665 0.07124999999999998 0.04166700000000001
0 0.369375 0.5925 0.13 0.09166600000000003
0 0.33499999999999996 0.4679165 0.048750000000000016 0.030833
0 0.3678125 0.44625000000000004 0.06312499999999999 0.03583399999999998
0 0.37375 0.39875 0.04375000000000001 0.02749999999999997
0 0.3803125 0.53125 0.041874999999999996 0.030834000000000028
0 0.391875 0.38375000000000004 0.048750000000000016 0.030833999999999973
0 0.3840625 0.7379165000000001 0.023125000000000007 0.030833
0 0.4253125 0.9158335 0.09062500000000001 0.04833299999999996
0 0.411875 0.7975 0.04249999999999998 0.040000000000000036
0 0.42625 0.437917 0.044999999999999984 0.03249999999999997
0 0.4475 0.4904165 0.05125000000000002 0.02416699999999994
0 0.44343750000000004 0.682917 0.02812500000000001 0.03750000000000009
0 0.4578125 0.442917 0.05687500000000001 0.03249999999999997
0 0.4596875 0.42625 0.04812500000000003 0.027500000000000024
0 0.47625 0.8400000000000001 0.040000000000000036 0.04833399999999999
0 0.47687500000000005 0.7416670000000001 0.03875000000000001 0.03500000000000003
0 0.485 0.7758335000000001 0.048750000000000016 0.04833300000000007
0 0.52875 0.36958349999999995 0.06999999999999995 0.034167
0 0.5309375 0.49 0.06562499999999999 0.040000000000000036
0 0.5346875 0.39875 0.05812499999999998 0.02749999999999997
0 0.53 0.4220835 0.04625000000000001 0.025832999999999995
0 0.544375 0.6312500000000001 0.06500000000000006 0.03749999999999998
0 0.5721875000000001 0.44625 0.06312499999999999 0.015834000000000015
0 0.583125 0.7070829999999999 0.03875000000000006 0.03749999999999998
0 0.5984375 0.6145835 0.05937500000000007 0.02416699999999994
0 0.603125 0.4145835 0.06374999999999997 0.024166999999999994
0 0.598125 0.6470834999999999 0.04499999999999993 0.02083299999999999
0 0.59875 0.403333 0.0462499999999999 0.015000000000000013
0 0.6271875 0.390417 0.059374999999999956 0.03749999999999998
0 0.6371875 0.4383335 0.06437500000000007 0.04166700000000001
0 0.6396875 0.5820835 0.05437499999999995 0.029166999999999943
0 0.6540625 0.5037499999999999 0.06187500000000001 0.02749999999999997
0 0.6625 0.5475000000000001 0.07125000000000004 0.036665999999999976
0 0.6909375 0.40625 0.05312499999999998 0.04249999999999998
0 0.8396875 0.655 0.31937499999999996 0.39999999999999997
0 0.7628125 0.4175 0.0618749999999999 0.04833399999999999
0 0.7865625 0.7891665000000001 0.073125 0.04166700000000001
0 0.78 0.9383335 0.030000000000000027 0.05666700000000002
