0 0.1140625 0.65875 0.228125 0.34083399999999997
0 0.20625 0.6733335 0.3025 0.301667
0 0.2703125 0.7466665 0.218125 0.17166700000000001
0 0.23625000000000002 0.8883335 0.12000000000000002 0.15333299999999994
0 0.3265625 0.9108335000000001 0.205625 0.15333300000000005
0 0.38 0.6004164999999999 0.17125 0.18916699999999997
0 0.5018750000000001 0.899167 0.24250000000000005 0.20000000000000007
0 0.484375 0.7595835 0.195 0.170833
0 0.5228125 0.63625 0.255625 0.1725
0 0.6621874999999999 0.7266665 0.25312499999999993 0.24666699999999997
0 0.7609375 0.817083 0.280625 0.1925
0 0.76125 0.5916665000000001 0.19500000000000006 0.08333299999999999
0 0.7940625 0.6620835 0.17312499999999997 0.1308330000000001
0 0.9153125 0.732917 0.16812499999999997 0.4375
0 0.88375 0.5745830000000001 0.08374999999999999 0.11750000000000005
