0 0.4525 0.42833350000000003 0.25875000000000004 0.10833299999999996
0 0.138125 0.5691665 0.27625 0.12166699999999997
0 0.2921875 0.5862499999999999 0.333125 0.08750000000000002
0 0.6284375 0.499583 0.30312500000000003 0.09250000000000003
0 0.7693749999999999 0.41541649999999997 0.22375 0.07583299999999998
0 0.7634375 0.2883335 0.083125 0.10166700000000001
0 0.9143749999999999 0.4925 0.17000000000000004 0.068334
0 0.889375 0.2620835 0.08374999999999999 0.069167
0 0.8996875 0.3745835 0.08437499999999998 0.12583299999999997
0 0.9750000000000001 0.3204165 0.04874999999999996 0.07583300000000004
