0 0.0196875 0.7208334999999999 0.039375 0.06333299999999997
0 0.04625 0.32208349999999997 0.0925 0.13416699999999998
0 0.0746875 0.5095835 0.149375 0.08916699999999994
0 0.155 0.64875 0.195 0.135834
0 0.241875 0.314167 0.2025 0.10500000000000004
0 0.1978125 0.4391665 0.09187499999999998 0.048333000000000015
0 0.31625000000000003 0.6841665 0.11374999999999996 0.061666999999999916
0 0.518125 0.4770835 0.38125 0.169167
0 0.5078125 0.6441665000000001 0.22312500000000002 0.11333300000000002
0 0.5415625 0.32375 0.09687499999999999 0.07250000000000001
0 0.665625 0.67875 0.11749999999999994 0.06916599999999995
0 0.743125 0.3275 0.1925 0.10333399999999998
0 0.785625 0.5783335000000001 0.12250000000000005 0.10333300000000001
0 0.865625 0.42000000000000004 0.16874999999999996 0.11666599999999999
0 0.9109375 0.5320830000000001 0.176875 0.10750000000000004
0 0.9078125 0.671667 0.14187499999999997 0.09999999999999998
0 0.9393750000000001 0.32541699999999996 0.12 0.10749999999999998
0 0.9709375 0.73875 0.05687500000000001 0.02416600000000002
