0 0.704375 0.15791650000000002 0.12250000000000005 0.07916700000000002
0 0.044062500000000004 0.8054165 0.044375000000000005 0.025832999999999995
0 0.0640625 0.382917 0.029375 0.04749999999999999
0 0.098125 0.9620835000000001 0.036250000000000004 0.07416699999999998
0 0.1253125 0.5129165 0.046875 0.06416700000000003
0 0.15187499999999998 0.27 0.06625 0.03666600000000003
0 0.1734375 0.8316669999999999 0.09312500000000001 0.04999999999999993
0 0.254375 0.704167 0.028749999999999998 0.040000000000000036
0 0.3125 0.32625000000000004 0.07750000000000001 0.027500000000000024
0 0.64125 0.5908335 0.71625 0.816667
0 0.3415625 0.33375 0.01937500000000003 0.03249999999999997
0 0.37625 0.29958300000000004 0.013749999999999984 0.02250000000000002
0 0.3853125 0.265833 0.03187499999999999 0.04500000000000001
0 0.5375 0.1291665 0.03374999999999995 0.046667
0 0.8965624999999999 0.1575 0.09062500000000007 0.043333999999999984
