0 0.0228125 0.6229169999999999 0.045625 0.07750000000000001
0 0.053125 0.47000000000000003 0.10625 0.16000000000000003
0 0.0596875 0.2979165 0.119375 0.180833
0 0.0778125 0.195833 0.155625 0.16499999999999998
0 0.088125 0.7075 0.17625 0.15666599999999997
0 0.07937499999999999 0.5716665 0.155 0.098333
0 0.15281250000000002 0.7670835 0.180625 0.12416700000000003
0 0.19875 0.339167 0.2625 0.15500000000000003
0 0.164375 0.8695835000000001 0.1575 0.08083300000000004
0 0.2046875 0.621667 0.221875 0.15000000000000002
0 0.2865625 0.1491665 0.316875 0.25166700000000003
0 0.2859375 0.4320835 0.281875 0.24083299999999996
0 0.30937499999999996 0.9004165 0.26375 0.12583299999999997
0 0.3253125 0.77375 0.28312499999999996 0.134166
0 0.3403125 0.6737500000000001 0.16812500000000002 0.06583400000000006
0 0.4359375 0.4675 0.29937499999999995 0.24666600000000005
0 0.47343749999999996 0.12708350000000002 0.29687499999999994 0.185833
0 0.44156249999999997 0.26125 0.21562499999999996 0.169166
0 0.5140625 0.61 0.339375 0.14500000000000002
0 0.5159374999999999 0.9575 0.29437499999999994 0.08333400000000002
0 0.49 0.775417 0.24 0.13749999999999996
0 0.6153125 0.870833 0.330625 0.16500000000000004
0 0.7084375 0.41125 0.37187500000000007 0.23249999999999998
0 0.7296875 0.25125 0.3918750000000001 0.21583400000000003
0 0.7528125 0.1158335 0.40937500000000004 0.231667
0 0.7721875 0.7495835 0.358125 0.12916699999999992
0 0.7849999999999999 0.5333335 0.23375 0.163333
0 0.8371875 0.6112500000000001 0.32437499999999997 0.235834
0 0.910625 0.442917 0.1775 0.14250000000000002
