0 0.0115625 0.2895835 0.023125 0.01416700000000004
0 0.0115625 0.604167 0.023125 0.050000000000000044
0 0.0134375 0.399583 0.026875 0.03750000000000003
0 0.0159375 0.27375 0.031875 0.02083400000000002
0 0.02375 0.3654165 0.0475 0.030833
0 0.024375 0.43625 0.04875 0.027500000000000024
0 0.028125 0.0066665 0.05625 0.013333
0 0.0346875 0.8833335 0.069375 0.05166699999999991
0 0.023125 0.06958349999999999 0.03875000000000001 0.035833
0 0.03625 0.337083 0.045 0.03250000000000003
0 0.0471875 0.21875 0.061875 0.08250000000000002
0 0.0809375 0.5441665 0.124375 0.05166699999999991
0 0.068125 0.2854165 0.0925 0.015832999999999986
0 0.0759375 0.5974999999999999 0.098125 0.058334
0 0.11406250000000001 0.445 0.133125 0.066666
0 0.09125 0.017917000000000002 0.07 0.0325
0 0.075625 0.063333 0.03625 0.045000000000000005
0 0.0953125 0.20291700000000001 0.05187499999999999 0.027499999999999997
0 0.10625 0.630417 0.04000000000000001 0.03750000000000009
0 0.1590625 0.1 0.106875 0.041665999999999995
0 0.220625 0.2654165 0.20124999999999998 0.134167
0 0.2346875 0.4070835 0.196875 0.094167
0 0.164375 0.3345835 0.04000000000000001 0.025832999999999995
0 0.31156249999999996 0.6675 0.31687499999999996 0.196666
0 0.24875 0.2845835 0.15999999999999998 0.08083300000000002
0 0.2178125 0.34625 0.05687500000000001 0.03416600000000003
0 0.2321875 0.1333335 0.054375000000000034 0.046667
0 0.3521875 0.1204165 0.13937500000000003 0.11416699999999999
0 0.305625 0.2529165 0.04125000000000001 0.029167000000000026
0 0.535625 0.882917 0.49125 0.23250000000000004
0 0.3728125 0.5766665 0.13187499999999996 0.09166700000000005
0 0.34062499999999996 0.0145835 0.05375000000000002 0.029167
0 0.3734375 0.38916649999999997 0.06562499999999999 0.058333000000000024
0 0.385625 0.33791649999999995 0.04125000000000001 0.014166999999999985
0 0.43343750000000003 0.25125 0.09062500000000001 0.08083400000000002
0 0.41312499999999996 0.307083 0.03875000000000001 0.02749999999999997
0 0.423125 0.18 0.03624999999999995 0.063334
0 0.4278125 0.44125000000000003 0.026874999999999982 0.024165999999999965
0 0.4509375 0.0120835 0.05312499999999998 0.024167
0 0.479375 0.525 0.10499999999999998 0.06666599999999995
0 0.45687500000000003 0.482917 0.04375000000000001 0.03749999999999998
0 0.4528125 0.325417 0.02562500000000001 0.03249999999999997
0 0.459375 0.06958349999999999 0.03875000000000001 0.035833
0 0.4684375 0.309583 0.046875 0.022499999999999964
0 0.4690625 0.6929164999999999 0.04812499999999997 0.030833
0 0.470625 0.12875 0.03749999999999998 0.07583400000000001
0 0.555625 0.20625 0.16625000000000006 0.12250000000000003
0 0.4996875 0.3279165 0.018125000000000058 0.030833
0 0.516875 0.051667000000000005 0.04999999999999999 0.055
0 0.5209375 0.27875 0.024374999999999925 0.025834000000000024
0 0.5671875 0.37416649999999996 0.08937499999999998 0.20166699999999999
0 0.5384375 0.2966665 0.018124999999999947 0.046667000000000014
0 0.5487500000000001 0.334167 0.036250000000000004 0.040000000000000036
0 0.6946874999999999 0.077917 0.291875 0.13249999999999998
0 0.5931249999999999 0.479583 0.03749999999999998 0.017500000000000016
0 0.5925 0.51375 0.026249999999999996 0.02083400000000002
0 0.6590625 0.01625 0.15937500000000004 0.0325
0 0.6065625 0.4258335 0.02562500000000001 0.038333000000000006
0 0.61625 0.279583 0.03749999999999998 0.03750000000000003
0 0.63375 0.2925 0.03874999999999995 0.03333400000000003
0 0.6825 0.46875 0.040000000000000036 0.069166
0 0.691875 0.29500000000000004 0.026249999999999996 0.034999999999999976
0 0.8684375 0.2020835 0.218125 0.19416700000000003
0 0.849375 0.4604165 0.08250000000000002 0.07916699999999999
0 0.8796875 0.635 0.10187500000000005 0.066666
0 0.88625 0.5208335 0.08125000000000004 0.10333300000000001
0 0.925625 0.39125 0.11624999999999996 0.1275
