0 0.0475 0.639583 0.095 0.08250000000000002
0 0.09 0.8079165 0.18 0.18083300000000002
0 0.07656249999999999 0.6683330000000001 0.136875 0.05999999999999994
0 0.1825 0.575833 0.10375000000000001 0.21000000000000002
0 0.1915625 0.449167 0.09812500000000002 0.21500000000000002
0 0.260625 0.6491665 0.20750000000000002 0.14333299999999993
0 0.201875 0.9433335 0.0675 0.11166700000000007
0 0.221875 0.6120835 0.09125000000000003 0.1658329999999999
0 0.28375 0.7991665 0.03749999999999998 0.22166700000000006
0 0.29281250000000003 0.9650000000000001 0.050624999999999976 0.068334
0 0.3409375 0.44333350000000005 0.130625 0.21333300000000005
0 0.3446875 0.097083 0.104375 0.1725
0 0.3525 0.8104169999999999 0.07874999999999999 0.2725000000000001
0 0.3928125 0.40499999999999997 0.09562500000000002 0.20499999999999996
0 0.433125 0.1533335 0.15250000000000002 0.146667
0 0.4428125 0.6991665 0.125625 0.20166700000000004
0 0.5078125 0.3091665 0.17562499999999998 0.15833299999999997
0 0.49249999999999994 0.5895835 0.12374999999999997 0.17916699999999997
0 0.5543750000000001 0.8220835 0.16000000000000003 0.22083299999999995
0 0.5571875 0.4954165 0.10812499999999992 0.23083299999999995
0 0.6346875000000001 0.5683334999999999 0.16562500000000002 0.19166699999999998
0 0.6828125 0.40375 0.09687499999999993 0.1825
0 0.7 0.20375 0.07874999999999999 0.23083399999999998
0 0.7096875 0.6275 0.051875000000000004 0.20333400000000001
0 0.7684375 0.0375 0.09187499999999993 0.075
