0 0.4278125 0.35625 0.12062499999999998 0.3175
0 0.185 0.5579164999999999 0.09999999999999998 0.09583299999999995
0 0.5193749999999999 0.27375 0.03500000000000003 0.04749999999999999
0 0.5809375 0.89625 0.04437500000000005 0.03583399999999992
0 0.5753125 0.22791699999999998 0.016874999999999973 0.07749999999999999
0 0.63 0.9266669999999999 0.08499999999999996 0.09999999999999998
0 0.671875 0.3320835 0.04249999999999998 0.030833
0 0.70625 0.7670835 0.08250000000000002 0.06416699999999997
0 0.7831250000000001 0.156667 0.12 0.135
0 0.8875 0.085833 0.12 0.145
