0 0.4995835 0.48875 0.999167 0.48
0 0.035833500000000004 0.6959375 0.043333 0.02562500000000001
0 0.0754165 0.15999999999999998 0.095833 0.0325
0 0.1254165 0.9596875 0.190833 0.06812499999999999
0 0.0766665 0.1765625 0.088333 0.016875
0 0.122083 0.64625 0.09750000000000002 0.08374999999999999
0 0.135417 0.1303125 0.1025 0.020625000000000004
0 0.16875 0.2115625 0.07749999999999999 0.020624999999999977
0 0.18916650000000002 0.9821875 0.063333 0.034375000000000044
0 0.189167 0.14468750000000002 0.04999999999999999 0.011874999999999997
0 0.20500000000000002 0.231875 0.06833399999999998 0.013749999999999984
0 0.21666649999999998 0.1603125 0.08666700000000002 0.015625
0 0.2329165 0.8043750000000001 0.095833 0.03749999999999998
0 0.2416665 0.24562499999999998 0.08166699999999996 0.009999999999999981
0 0.2495835 0.10718749999999999 0.08416700000000002 0.02187499999999999
0 0.2508335 0.0909375 0.06833299999999998 0.016875
0 0.27 0.2165625 0.061666000000000026 0.020625000000000004
0 0.2883335 0.00875 0.09833300000000003 0.0175
0 0.296667 0.8325 0.1 0.036250000000000004
0 0.3075 0.035625000000000004 0.09999999999999998 0.02875
0 0.3225 0.1278125 0.11166599999999999 0.021875000000000006
0 0.307917 0.8471875 0.07750000000000001 0.06187500000000001
0 0.325 0.0703125 0.08833400000000002 0.030625000000000006
0 0.33958350000000004 0.10125 0.095833 0.020000000000000004
0 0.3829165 0.8778125 0.164167 0.05437500000000006
0 0.3408335 0.764375 0.038333000000000006 0.036250000000000004
0 0.4125 0.794375 0.09166599999999997 0.07500000000000007
0 0.7975 0.2815625 0.08166600000000002 0.030625000000000013
