0 0.47687500000000005 0.8325 0.42875 0.27333399999999997
0 0.19375 0.32 0.38625000000000004 0.19999999999999998
0 0.233125 0.8845835 0.465 0.229167
0 0.21875 0.6425000000000001 0.4325 0.26833399999999996
0 0.1984375 0.48125 0.374375 0.18083400000000005
0 0.496875 0.32875 0.38 0.1825
0 0.47562499999999996 0.4504165 0.32125 0.13916700000000004
0 0.5221875 0.60875 0.32937500000000003 0.26416599999999996
0 0.7662500000000001 0.409583 0.38125 0.3275
0 0.8087500000000001 0.514583 0.3375 0.18249999999999994
0 0.829375 0.8645835 0.33999999999999997 0.165833
0 0.8328125 0.66875 0.333125 0.23250000000000004
