0 0.030625 0.1124175 0.06125 0.03480699999999999
0 0.0428125 0.058796 0.085625 0.044214
0 0.4996875 0.4995295 0.999375 0.999059
0 0.0725 0.3339605 0.14125000000000001 0.05456300000000003
0 0.025625000000000002 0.182502 0.042499999999999996 0.06397
0 0.0571875 0.0098775 0.071875 0.019755
0 0.22562500000000002 0.23424250000000002 0.20875000000000002 0.07525899999999999
0 0.226875 0.746472 0.155 0.12323600000000001
0 0.3209375 0.6133585 0.166875 0.06961499999999998
0 0.304375 0.0291625 0.12249999999999997 0.058325
0 0.4503125 0.453904 0.29187499999999994 0.11570999999999998
0 0.44000000000000006 0.947319 0.25125000000000003 0.07713999999999999
0 0.48062499999999997 0.1100655 0.20625 0.073377
0 0.45375 0.6763874999999999 0.09875000000000006 0.137347
0 0.504375 0.2624645 0.15625 0.058325000000000016
0 0.5728125000000001 0.791157 0.21437500000000004 0.10348000000000002
0 0.5528124999999999 0.5413924999999999 0.16937499999999994 0.05550299999999997
0 0.5856250000000001 0.6528695 0.1675000000000001 0.15239899999999995
0 0.58125 0.193791 0.15125 0.071496
0 0.6465625 0.254939 0.130625 0.092192
0 0.6996875 0.383349 0.234375 0.05926600000000004
0 0.68625 0.4816555 0.17625000000000002 0.060206999999999955
0 0.7575000000000001 0.8278455 0.245 0.13170300000000001
0 0.835 0.711195 0.3075 0.08654799999999996
0 0.765625 0.4393225 0.11499999999999999 0.06020700000000001
0 0.871875 0.8650045 0.21749999999999992 0.26810900000000004
0 0.8978125 0.47648199999999996 0.203125 0.328316
0 0.909375 0.0630295 0.18000000000000005 0.109125
0 0.93125 0.1999055 0.13624999999999998 0.070555
0 0.9199999999999999 0.015522 0.09625000000000006 0.031044
