0 0.6411135 0.5572915 0.44238299999999997 0.427083
0 0.010742 0.5761719999999999 0.021484 0.019531999999999994
0 0.0581055 0.879557 0.084961 0.027344000000000035
0 0.067871 0.8483069999999999 0.06933600000000001 0.032552000000000025
0 0.09472649999999999 0.7604169999999999 0.068359 0.03645799999999999
0 0.1000975 0.561198 0.04785099999999999 0.05208400000000002
0 0.15820299999999998 0.1009115 0.04492199999999999 0.04296900000000001
0 0.1704105 0.08268249999999999 0.04394500000000001 0.076823
0 0.2041015 0.345052 0.08203099999999999 0.11458399999999996
0 0.241699 0.171224 0.03808599999999998 0.016928
0 0.27783199999999997 0.1888025 0.02441399999999999 0.046875
0 0.430176 0.951823 0.028320000000000012 0.04427000000000003
