0 0.0825 0.684334 0.165 0.27110600000000007
0 0.22749999999999998 0.4657595 0.27625 0.18855500000000003
0 0.23656249999999998 0.5830205 0.279375 0.19230700000000006
0 0.364375 0.3297375 0.30499999999999994 0.19981300000000002
0 0.3728125 0.8316135 0.28812499999999996 0.334897
0 0.4978125 0.64212 0.318125 0.25609800000000005
0 0.48968749999999994 0.48358349999999994 0.27562499999999995 0.184803
0 0.663125 0.4554405 0.3125 0.33677300000000004
0 0.690625 0.6336775 0.255 0.18480300000000005
0 0.7596875 0.219043 0.380625 0.199812
0 0.7271875 0.791276 0.13312499999999994 0.17729799999999996
0 0.8143750000000001 0.3883675 0.25625 0.309569
0 0.9071875 0.674953 0.13437500000000002 0.17354599999999998
0 0.961875 0.381332 0.07500000000000007 0.113508
0 0.98375 0.39212 0.03125 0.13696000000000003
