0 0.0321875 0.76091 0.064375 0.25162399999999996
0 0.048125 0.44614699999999996 0.09625 0.26091
0 0.049687499999999996 0.935933 0.078125 0.12627600000000005
0 0.069375 0.6847725 0.0925 0.13649099999999992
0 0.123125 0.630455 0.10250000000000001 0.14670399999999995
0 0.130625 0.2841225 0.10625 0.14670300000000003
0 0.1265625 0.7311975 0.046875 0.1234909999999999
0 0.14656249999999998 0.437326 0.076875 0.15227400000000002
0 0.17781249999999998 0.9257195 0.126875 0.14670300000000003
0 0.21937500000000001 0.8361190000000001 0.15875 0.2534820000000001
0 0.18843749999999998 0.439183 0.079375 0.15598800000000002
0 0.2175 0.3899725 0.065 0.14484699999999995
0 0.265 0.649025 0.1475 0.30640600000000007
0 0.2371875 0.1982355 0.07937499999999997 0.142061
0 0.2784375 0.08078 0.14312499999999997 0.16156
0 0.3071875 0.3486535 0.12437500000000001 0.17734499999999997
0 0.289375 0.4809655 0.057499999999999996 0.09842099999999998
0 0.31125 0.6244194999999999 0.10125 0.18105899999999997
0 0.34125 0.1021355 0.09999999999999998 0.178273
0 0.3734375 0.37883 0.12562500000000004 0.23026999999999997
0 0.4303125 0.8170845 0.18062499999999998 0.363973
0 0.4046875 0.8389040000000001 0.12687500000000002 0.320334
0 0.46843749999999995 0.3096565 0.17062499999999997 0.32404900000000003
0 0.4640625 0.374652 0.12812499999999993 0.34261800000000003
0 0.4659375 0.906685 0.12187499999999996 0.18477200000000005
0 0.5590625 0.73909 0.13562499999999994 0.24512599999999996
0 0.5884375 0.268802 0.045624999999999916 0.24233999999999997
0 0.6275 0.6313835 0.029999999999999916 0.293407
0 0.6446875 0.9131845000000001 0.038124999999999964 0.17177300000000006
0 0.695625 0.1364905 0.10375000000000001 0.18198699999999998
0 0.6793750000000001 0.7590525 0.04874999999999996 0.27390899999999996
0 0.711875 0.48468 0.05500000000000005 0.224698
0 0.79125 0.908542 0.20124999999999993 0.18105800000000005
0 0.8049999999999999 0.535283 0.09750000000000003 0.24233999999999994
0 0.805625 0.39136499999999996 0.0625 0.11791999999999997
0 0.833125 0.7130915 0.020000000000000018 0.17455900000000002
0 0.936875 0.684308 0.125 0.23584000000000005
0 0.9603125 0.643454 0.078125 0.081708
