0 0.8496874999999999 0.44846600000000003 0.15437500000000004 0.144768
0 0.1221875 0.740755 0.200625 0.06845000000000001
0 0.1253125 0.806845 0.200625 0.09520000000000006
0 0.168125 0.6451614999999999 0.28375 0.05350099999999991
0 0.1203125 0.941778 0.185625 0.07867800000000003
0 0.1409375 0.47285600000000005 0.196875 0.13060600000000006
0 0.1684375 0.59284 0.24312499999999998 0.06845000000000001
0 0.2678125 0.8642805 0.409375 0.14398099999999991
0 0.2684375 0.689221 0.348125 0.10700200000000004
0 0.2078125 0.547207 0.224375 0.046419999999999906
0 0.32437499999999997 0.942565 0.32125 0.08811999999999998
0 0.39625 0.594414 0.19374999999999998 0.1203780000000001
0 0.374375 0.49921299999999996 0.13124999999999998 0.07002399999999998
0 0.344375 0.837923 0.030000000000000027 0.022029999999999994
0 0.3509375 0.74823 0.03562500000000002 0.036192
0 0.425625 0.7167585 0.03125 0.02360300000000004
0 0.4371875 0.8481515 0.024375000000000036 0.025177000000000005
0 0.5028125 0.796617 0.14187499999999997 0.34854399999999996
0 0.50125 0.5267505 0.11750000000000005 0.17387899999999995
0 0.5034375 0.4150275 0.09437500000000004 0.04956700000000003
0 0.47 0.8343825 0.016250000000000042 0.04956700000000003
0 0.6256250000000001 0.5948075 0.21250000000000002 0.127459
0 0.6509375 0.9398115 0.26312499999999994 0.08575900000000003
0 0.5956250000000001 0.49645949999999994 0.12 0.07553099999999996
0 0.6312500000000001 0.793863 0.12 0.09284000000000003
0 0.5984375 0.8831629999999999 0.038125000000000075 0.024390000000000023
0 0.6815625000000001 0.834382 0.14437500000000003 0.060582000000000025
0 0.80375 0.8808024999999999 0.37249999999999994 0.11880499999999994
0 0.76375 0.70653 0.28125 0.130606
0 0.8590625000000001 0.6369 0.26187499999999997 0.08103799999999994
0 0.845 0.7828485000000001 0.21999999999999997 0.1117229999999999
0 0.8787499999999999 0.5535015000000001 0.22250000000000003 0.065303
0 0.9171875 0.5900865 0.14312500000000006 0.05350100000000002
0 0.92625 0.36664 0.12 0.05035400000000001
