0 0.4039065 0.8010415 0.15312499999999996 0.08958299999999997
0 0.0160155 0.9447915 0.032031 0.039582999999999924
0 0.0453125 0.42864599999999997 0.090625 0.057291999999999954
0 0.048047 0.690625 0.096094 0.0625
0 0.0785155 0.611979 0.157031 0.044792000000000054
0 0.09843750000000001 0.7723955 0.120313 0.046875
0 0.11875 0.9208335000000001 0.107812 0.05208299999999999
0 0.132031 0.42552100000000004 0.09375000000000001 0.051041999999999976
0 0.135156 0.0697915 0.09375 0.029167000000000005
0 0.23242200000000002 0.19374999999999998 0.15390600000000002 0.08333399999999999
0 0.3046875 0.834375 0.06406299999999998 0.08333400000000002
0 0.37890599999999997 0.5375 0.11874999999999997 0.04166599999999998
0 0.44804700000000003 0.428125 0.19453200000000004 0.097916
0 0.415625 0.5828125 0.11874999999999997 0.05520899999999995
0 0.4921875 0.984375 0.16562499999999997 0.029166000000000025
0 0.5273435 0.48906249999999996 0.13437500000000002 0.03437499999999999
0 0.5445315 0.9276045 0.11562499999999998 0.046875
0 0.5671875 0.1734375 0.13281299999999996 0.098959
0 0.6203125 0.1260415 0.14843700000000004 0.06666699999999999
0 0.5992185 0.8703125 0.06406299999999998 0.08854099999999998
0 0.7625 0.484375 0.09375 0.033333999999999975
0 0.7714844999999999 0.9630205000000001 0.10703099999999999 0.06562499999999993
0 0.8035155 0.041146 0.05546899999999999 0.082292
0 0.9011720000000001 0.652083 0.15546800000000005 0.05625000000000002
0 0.9378905 0.7838545 0.10546899999999992 0.034375000000000044
0 0.9125005 0.8223955000000001 0.046875 0.028125000000000067
0 0.969922 0.471875 0.058593999999999924 0.04166599999999998
0 0.9777345 0.8859375 0.042968999999999924 0.03645900000000002
