0 0.026875 0.917608 0.05375 0.16290000000000004
0 0.108125 0.8780600000000001 0.11125000000000002 0.241996
0 0.3803125 0.7923724999999999 0.49687500000000007 0.41337100000000004
0 0.44437499999999996 0.172316 0.3 0.237288
0 0.54375 0.7810735 0.29625 0.27212899999999995
0 0.5540625 0.737759 0.21687499999999998 0.24387999999999999
0 0.578125 0.6440675 0.19874999999999998 0.17137500000000006
0 0.6978125 0.5983989999999999 0.33562499999999995 0.19303199999999998
0 0.65125 0.927495 0.1937500000000001 0.14312599999999998
0 0.703125 0.8540490000000001 0.1924999999999999 0.290018
0 0.6934375 0.5677965 0.17062500000000003 0.16195900000000002
0 0.71625 0.5353105 0.2025 0.12711900000000004
0 0.7396875 0.47645950000000004 0.17312500000000008 0.09792899999999999
0 0.798125 0.8356870000000001 0.26875000000000004 0.326742
0 0.7996875 0.44821099999999997 0.17562499999999992 0.107344
0 0.7640625 0.5998115 0.06812499999999999 0.090395
0 0.869375 0.8375705 0.26 0.322975
0 0.830625 0.397834 0.10625000000000007 0.053672
0 0.8896875 0.7843694999999999 0.219375 0.3935970000000001
0 0.8975 0.6887945 0.20375 0.349341
0 0.8899999999999999 0.3978345 0.15125 0.10075300000000004
0 0.906875 0.6007534999999999 0.18500000000000005 0.265537
0 0.925 0.516478 0.14875000000000005 0.20244799999999996
0 0.9678125 0.45856850000000005 0.06312499999999999 0.07156299999999999
0 0.971875 0.408663 0.05500000000000005 0.060263999999999984
