0 0.0259375 0.4151035 0.019374999999999996 0.029081000000000023
0 0.0659375 0.739212 0.076875 0.05816200000000005
0 0.071875 0.33536600000000005 0.01625 0.019699999999999995
0 0.09937499999999999 0.2471855 0.020000000000000004 0.03470899999999999
0 0.1028125 0.455441 0.019375000000000003 0.021575999999999984
0 0.14218750000000002 0.394934 0.014374999999999999 0.018762
0 0.14250000000000002 0.1819885 0.0062500000000000056 0.015008999999999995
0 0.1684375 0.9169795000000001 0.015625 0.014071000000000056
0 0.1915625 0.21951199999999998 0.020625000000000004 0.020638000000000017
0 0.20124999999999998 0.3663225 0.018750000000000017 0.03470899999999999
0 0.20124999999999998 0.7833019999999999 0.0062500000000000056 0.018762000000000056
0 0.2115625 0.8297375 0.011874999999999997 0.053471000000000046
0 0.253125 0.786116 0.0050000000000000044 0.020638000000000045
0 0.330625 0.218574 0.016249999999999987 0.018762
0 0.333125 0.7091935 0.016249999999999987 0.02814300000000003
0 0.35625 0.9601310000000001 0.03500000000000003 0.042214000000000085
0 0.36031250000000004 0.878518 0.026875000000000038 0.04784199999999994
0 0.35625 0.5717635000000001 0.016249999999999987 0.03846099999999997
0 0.4121875 0.203096 0.02562500000000001 0.019699999999999995
0 0.4153125 0.49718549999999995 0.014374999999999971 0.015008999999999995
0 0.45999999999999996 0.6294555 0.03999999999999998 0.05440900000000004
0 0.4671875 0.7016884999999999 0.033125000000000016 0.06003700000000001
0 0.5134375 0.7321759999999999 0.018124999999999947 0.02157599999999993
0 0.5215624999999999 0.3513135 0.011874999999999969 0.015947000000000044
0 0.536875 0.5698875 0.040000000000000036 0.04971900000000007
0 0.5409375 0.684334 0.014375000000000027 0.014072000000000084
0 0.6490625 0.6139775000000001 0.023125000000000062 0.015947000000000044
0 0.7359375 0.43152 0.023125000000000062 0.02251399999999998
0 0.735625 0.608349 0.016249999999999987 0.01970000000000005
0 0.7675000000000001 0.1712005 0.03500000000000003 0.030957000000000012
0 0.83 0.4507505 0.05125000000000002 0.03846099999999997
0 0.84 0.312852 0.04125000000000001 0.038461999999999996
0 0.9046875000000001 0.45684800000000003 0.011874999999999969 0.018762
