0 0.408125 0.492083 0.36124999999999996 0.23749999999999993
0 0.1146875 0.36666699999999997 0.229375 0.15499999999999997
0 0.124375 0.7783335 0.24875 0.18666699999999992
0 0.2925 0.9125 0.585 0.16500000000000004
0 0.084375 0.5237499999999999 0.15625 0.130834
0 0.5221875 0.7558335 0.556875 0.19666700000000004
0 0.375 0.252917 0.15125 0.07250000000000001
0 0.75 0.924167 0.49875 0.15000000000000002
0 0.64625 0.2816665 0.125 0.09833299999999998
0 0.7146874999999999 0.16 0.145625 0.11
0 0.82875 0.794583 0.34125000000000005 0.23250000000000004
0 0.8696875 0.29875 0.259375 0.23583400000000002
0 0.8934375 0.5920835 0.21187500000000004 0.12083299999999997
