0 0.5181325 0.7114199999999999 0.20601899999999995 0.13477400000000006
0 0.1396605 0.324074 0.162037 0.10493800000000003
0 0.1944445 0.271605 0.15740700000000002 0.11111199999999999
0 0.2137345 0.532922 0.104939 0.07407399999999997
0 0.24421299999999999 0.4202675 0.164352 0.091563
0 0.271605 0.5478395 0.174382 0.09773700000000002
0 0.3159725 0.2762345 0.15354900000000002 0.105967
0 0.4147375 0.5380655000000001 0.11959900000000001 0.057613000000000025
0 0.574846 0.5221195 0.125 0.07304499999999997
0 0.6180555000000001 0.5504115 0.10185100000000002 0.0679010000000001
