0 0.2785495 0.240226 0.09104899999999996 0.09979400000000002
0 0.0570985 0.421296 0.060185 0.134774
0 0.19483050000000002 0.5385805 0.13040100000000002 0.151235
0 0.374614 0.8395064999999999 0.15354999999999996 0.17695500000000008
0 0.363426 0.015432 0.06327200000000005 0.030864
0 0.400077 0.234568 0.118056 0.18930000000000002
0 0.4498455 0.36676949999999997 0.06018499999999999 0.12654300000000002
0 0.4891975 0.582819 0.05246899999999999 0.06893000000000005
0 0.5073305 0.37345700000000004 0.03317900000000007 0.05349799999999999
0 0.5605709999999999 0.026749 0.06558600000000003 0.053498
0 0.6323305 0.408436 0.12268499999999993 0.09876599999999996
0 0.6296295 0.049897 0.05709900000000001 0.099794
0 0.6203704999999999 0.358539 0.03395099999999995 0.05864199999999997
0 0.6875 0.088992 0.10030800000000006 0.11213999999999999
0 0.744213 0.0416665 0.09644999999999992 0.083333
0 0.763117 0.16358 0.10493800000000009 0.072016
0 0.9359565000000001 0.368313 0.12654299999999996 0.08230400000000004
0 0.9212965 0.231996 0.06790099999999999 0.073046
0 0.952546 0.3127575 0.093364 0.047325000000000006
0 0.9814815 0.09927949999999999 0.035493 0.05452699999999999
