0 0.4653545 0.530466 0.21889699999999995 0.48745600000000006
0 0.0492125 0.1869775 0.098425 0.373955
0 0.215354 0.6804060000000001 0.42125999999999997 0.385902
0 0.107874 0.908602 0.10708600000000001 0.18040600000000007
0 0.38543299999999997 0.916965 0.43700799999999995 0.16368000000000005
0 0.5015745 0.7801675 0.29291300000000003 0.16965300000000005
0 0.5968505 0.1021505 0.387401 0.204301
0 0.819685 0.5639190000000001 0.35905600000000004 0.31780200000000003
0 0.89252 0.360215 0.21338599999999996 0.168458
0 0.9078740000000001 0.976105 0.182678 0.04540000000000011
