0 0.535 0.4879165 0.24374999999999997 0.34416700000000006
0 0.1734375 0.059167000000000004 0.060624999999999984 0.05
0 0.2625 0.7120835 0.19499999999999998 0.19416699999999998
0 0.2953125 0.0466665 0.051875000000000004 0.05166699999999999
0 0.3696875 0.8275 0.04562500000000003 0.07000000000000006
0 0.5009375 0.30833350000000004 0.02312499999999995 0.038333000000000006
0 0.568125 0.3329165 0.04625000000000001 0.035833000000000004
0 0.5634375 0.012083 0.021874999999999978 0.0175
0 0.5918749999999999 0.265417 0.039999999999999925 0.027500000000000024
0 0.665625 0.0220835 0.030000000000000027 0.030833
0 0.669375 0.36416649999999995 0.016249999999999987 0.033333
0 0.69 0.399583 0.011250000000000093 0.027500000000000024
0 0.7075 0.36041650000000003 0.010000000000000009 0.02583300000000005
0 0.7328125 0.32958299999999996 0.016874999999999973 0.02250000000000002
0 0.7815624999999999 0.9675 0.01937500000000003 0.05500000000000005
0 0.8075 0.2754165 0.02750000000000008 0.02083299999999999
0 0.8512500000000001 0.117917 0.039999999999999925 0.032500000000000015
0 0.88 0.194583 0.03499999999999992 0.027499999999999997
0 0.9025000000000001 0.38125 0.026249999999999996 0.02250000000000002
0 0.9053125 0.44333350000000005 0.020625000000000004 0.018332999999999988
0 0.9453125 0.25375000000000003 0.018124999999999947 0.02250000000000002
0 0.9515625 0.24625 0.018124999999999947 0.017500000000000016
0 0.9768749999999999 0.1325 0.04500000000000004 0.045
0 0.9878125 0.1825 0.023125000000000062 0.05166599999999999
0 0.9884375000000001 0.31625000000000003 0.021874999999999978 0.02250000000000002
