0 0.1165625 0.5070835 0.233125 0.5958330000000001
0 0.41625 0.5929165 0.615 0.589167
0 0.316875 0.7995835 0.3775 0.27916699999999994
0 0.355 0.24874999999999997 0.33499999999999996 0.254166
0 0.3121875 0.905417 0.244375 0.1875
0 0.4465625 0.535417 0.481875 0.6074999999999999
0 0.2890625 0.1220835 0.05812499999999998 0.060833
0 0.50625 0.52 0.47124999999999995 0.753334
0 0.55 0.815 0.54375 0.36833400000000005
0 0.53375 0.944167 0.31 0.10999999999999999
0 0.638125 0.5579165 0.38875000000000004 0.404167
0 0.536875 0.339167 0.11749999999999994 0.125
0 0.778125 0.539167 0.4425 0.56
0 0.8259375 0.847917 0.250625 0.3025
0 0.855 0.3908335 0.28875000000000006 0.29833300000000007
0 0.858125 0.2633335 0.15249999999999997 0.14333300000000002
0 0.906875 0.2375 0.18500000000000005 0.098334
0 0.9137500000000001 0.8695835000000001 0.17125 0.25916700000000004
0 0.9178125 0.4333335 0.16312499999999996 0.14833299999999994
0 0.9203125000000001 0.213333 0.15812499999999996 0.09499999999999997
