0 0.4909375 0.78125 0.22312500000000002 0.1975
0 0.1634375 0.0375 0.02562499999999998 0.053334
0 0.18343749999999998 0.0120835 0.050625 0.024167
0 0.2621875 0.5391665 0.174375 0.10333300000000006
0 0.2475 0.0120835 0.07750000000000001 0.024167
0 0.4834375 0.34750000000000003 0.17437500000000006 0.09833399999999998
0 0.44062500000000004 0.15 0.04999999999999999 0.05166599999999999
0 0.61625 0.4975 0.27999999999999997 0.20499999999999996
0 0.6225 0.16499999999999998 0.029999999999999916 0.04333400000000001
0 0.6528125 0.6445835 0.06187500000000001 0.12416700000000003
0 0.6653125 0.1329165 0.016874999999999973 0.030833
0 0.7234375 0.08249999999999999 0.016875000000000084 0.046666
0 0.739375 0.191667 0.03125 0.065
0 0.9346875 0.495417 0.12937500000000002 0.08749999999999997
0 0.8943749999999999 0.174583 0.036250000000000004 0.037500000000000006
