0 0.6309375 0.6708335000000001 0.078125 0.11333300000000002
0 0.02875 0.92875 0.0575 0.08083399999999996
0 0.0371875 0.7975 0.074375 0.09666599999999992
0 0.08812500000000001 0.7025 0.052500000000000005 0.03499999999999992
0 0.1196875 0.743333 0.09312500000000001 0.050000000000000044
0 0.10250000000000001 0.6129165000000001 0.042499999999999996 0.04083300000000001
0 0.1359375 0.69125 0.050625 0.029166000000000025
0 0.1728125 0.5958330000000001 0.02812500000000001 0.05500000000000005
0 0.1928125 0.7525 0.045625 0.03166600000000008
0 0.20687499999999998 0.683333 0.0325 0.04500000000000004
0 0.225 0.8420835 0.044999999999999984 0.02416700000000005
0 0.22625 0.4766665 0.035 0.05166699999999996
0 0.24 0.5504169999999999 0.03375000000000003 0.032500000000000084
0 0.28375 0.618333 0.08250000000000002 0.10999999999999999
0 0.341875 0.540417 0.10875000000000001 0.08250000000000002
0 0.35531250000000003 0.48291649999999997 0.05562499999999998 0.02583300000000005
0 0.3590625 0.675 0.05812499999999998 0.03500000000000003
0 0.3846875 0.8270835000000001 0.05687500000000001 0.029167000000000054
0 0.400625 0.9591665 0.06374999999999997 0.031667
0 0.4040625 0.8866665 0.06187500000000001 0.03833299999999995
0 0.4075 0.7929165 0.03875000000000001 0.019167000000000045
0 0.420625 0.624167 0.04375000000000001 0.040000000000000036
0 0.4575 0.66625 0.06124999999999997 0.02416599999999991
0 0.4690625 0.754167 0.05812499999999998 0.03500000000000003
0 0.47562499999999996 0.723333 0.04250000000000004 0.03499999999999992
0 0.4921875 0.8525 0.060624999999999984 0.04500000000000004
0 0.5253125 0.582917 0.046875 0.04249999999999998
0 0.5725 0.7637499999999999 0.06624999999999992 0.060833999999999944
0 0.610625 0.8833335 0.0675 0.03833299999999995
0 0.8968750000000001 0.6799999999999999 0.07625000000000004 0.08999999999999997
