0 0.29 0.665103 0.15624999999999997 0.133208
0 0.1221875 0.040807 0.060625 0.081614
0 0.1234375 0.513602 0.05312499999999999 0.09099400000000002
0 0.3034375 0.3864915 0.13062500000000002 0.08255099999999999
0 0.336875 0.177298 0.11499999999999999 0.06378999999999999
0 0.3484375 0.2415575 0.03562500000000002 0.05347099999999999
0 0.3828125 0.23076950000000002 0.08687500000000004 0.075047
0 0.4028125 0.445591 0.03187499999999999 0.061914000000000025
0 0.45281249999999995 0.290807 0.06562499999999999 0.090056
0 0.4540625 0.8517825 0.03687499999999999 0.07504700000000009
0 0.504375 0.174484 0.09999999999999998 0.08817999999999998
0 0.5825 0.33020649999999996 0.053749999999999964 0.09193299999999999
0 0.62375 0.270638 0.12250000000000005 0.126642
0 0.6475 0.9263604999999999 0.05500000000000005 0.09662300000000001
0 0.6903125 0.599437 0.13812500000000005 0.0919319999999999
0 0.7478125 0.5384614999999999 0.13312499999999994 0.06754300000000002
0 0.7396875 0.8625700000000001 0.0881249999999999 0.06472800000000001
0 0.8031250000000001 0.4521575 0.14125 0.10506499999999996
0 0.8171875 0.23874299999999998 0.15937499999999993 0.08724200000000001
0 0.7853125000000001 0.597561 0.09187500000000004 0.07316999999999996
0 0.955625 0.56848 0.08750000000000002 0.08442799999999995
