0 0.542318 0.104004 0.19140599999999997 0.188476
0 0.1204425 0.1123045 0.08203099999999999 0.08398499999999999
0 0.1953125 0.173828 0.06770900000000002 0.052734
0 0.2877605 0.1621095 0.080729 0.046875
0 0.345703 0.2143555 0.12630199999999997 0.05371100000000001
0 0.404297 0.135742 0.050781999999999994 0.044922000000000004
0 0.5859375 0.2871095 0.08593699999999993 0.046875
0 0.649089 0.4326175 0.18880200000000003 0.07421899999999998
0 0.615885 0.0483395 0.0625 0.043945
0 0.688802 0.0605465 0.13802000000000003 0.060547
0 0.7011715000000001 0.296387 0.11328100000000008 0.05175799999999997
0 0.7428385 0.3598635 0.09505299999999994 0.063477
0 0.7936195 0.33251949999999997 0.13671900000000003 0.05371100000000001
0 0.917318 0.104492 0.16276000000000002 0.125
