0 0.3028125 0.6139045000000001 0.286875 0.16103699999999999
0 0.1125 0.7596229999999999 0.19999999999999998 0.11154800000000009
0 0.144375 0.8122545 0.09999999999999999 0.2168110000000001
0 0.2053125 0.7674785 0.079375 0.150825
0 0.259375 0.750196 0.1575 0.05184600000000006
0 0.3409375 0.420267 0.30062500000000003 0.19952800000000004
0 0.70375 0.207384 0.20625000000000004 0.08955199999999999
0 0.7853125 0.19756449999999998 0.13937500000000003 0.132757
0 0.788125 0.6111545 0.13375000000000004 0.18224699999999994
0 0.8975 0.349568 0.14 0.12725799999999998
