0 0.00625 0.182833 0.0125 0.010008000000000017
0 0.006875 0.0816015 0.01375 0.013856999999999994
0 0.008125 0.26982249999999997 0.01625 0.022324999999999984
0 0.038125 0.143957 0.07625 0.041569999999999996
0 0.013125000000000001 0.251347 0.02375 0.017706
0 0.0278125 0.1778295 0.028125000000000004 0.013857000000000008
0 0.02375 0.286374 0.01625 0.018475999999999992
0 0.0253125 0.021170500000000002 0.016875 0.020785
0 0.0271875 0.1982295 0.020624999999999998 0.010006999999999988
0 0.026562500000000003 0.056582 0.014375000000000002 0.016166
0 0.03375 0.21131650000000002 0.024999999999999998 0.011547000000000002
0 0.0721875 0.3325635 0.090625 0.06004700000000002
0 0.033437499999999995 0.264819 0.008125 0.016936000000000007
0 0.0378125 0.06966900000000001 0.016875 0.010008000000000003
0 0.04875 0.19669 0.03375 0.010008000000000017
0 0.058125 0.0331025 0.015 0.012316999999999998
0 0.06 0.082371 0.011250000000000003 0.012317999999999996
0 0.0684375 0.2848345 0.028125000000000004 0.015396999999999994
0 0.071875 0.06966900000000001 0.021250000000000005 0.010008000000000003
0 0.07 0.0023095 0.013749999999999998 0.004619
0 0.1003125 0.0331025 0.06812499999999999 0.029253
0 0.081875 0.1778295 0.009999999999999995 0.013857000000000008
0 0.0978125 0.053118 0.019375000000000003 0.015396
0 0.0978125 0.2163205 0.019375000000000003 0.012317000000000022
0 0.11156250000000001 0.2752115 0.008125000000000007 0.006928999999999963
0 0.1275 0.251732 0.012500000000000011 0.013856000000000007
0 0.1353125 0.27444199999999996 0.02187499999999999 0.008467999999999976
0 0.14656249999999998 0.182063 0.021875000000000006 0.011548000000000003
0 0.1459375 0.055812 0.018125000000000002 0.017706
0 0.14656249999999998 0.1605085 0.014374999999999999 0.013087000000000015
0 0.1484375 0.017706 0.00687500000000002 0.013856
0 0.1590625 0.126251 0.019375000000000003 0.024634000000000003
0 0.1625 0.031563 0.012500000000000011 0.010778
0 0.17125 0.3294845 0.02375000000000002 0.012317000000000022
0 0.173125 0.38183199999999995 0.020000000000000018 0.016936000000000007
0 0.1690625 0.06697499999999999 0.008124999999999993 0.026173999999999996
0 0.1884375 0.3637415 0.02812500000000001 0.011546999999999974
0 0.19125 0.386836 0.016249999999999987 0.02078599999999997
0 0.1884375 0.0200155 0.005624999999999991 0.013857
0 0.203125 0.130485 0.023749999999999993 0.022323999999999997
0 0.2 0.008083 0.012499999999999983 0.010008
0 0.203125 0.36797500000000005 0.015000000000000013 0.016936000000000007
0 0.2059375 0.17590450000000002 0.018125000000000002 0.010007000000000016
0 0.20156249999999998 0.24711349999999999 0.006874999999999992 0.012316999999999995
0 0.20875 0.18783650000000002 0.012499999999999983 0.01385699999999998
0 0.22125 0.382602 0.023749999999999993 0.012317999999999996
0 0.23375 0.39876849999999997 0.02125000000000002 0.013856999999999953
0 0.234375 0.2721325 0.00874999999999998 0.010006999999999988
0 0.241875 0.0692845 0.023749999999999966 0.030793000000000008
0 0.2428125 0.342186 0.021874999999999978 0.017706
0 0.2421875 0.1012315 0.015625 0.011547000000000002
0 0.251875 0.387991 0.0325 0.01539600000000002
0 0.2509375 0.130485 0.019375000000000003 0.016166
0 0.306875 0.073903 0.011249999999999982 0.013855999999999993
0 0.31875 0.1020015 0.023749999999999993 0.011547000000000002
0 0.3471875 0.4099305 0.05687500000000001 0.037721000000000005
0 0.33687500000000004 0.08314099999999999 0.023749999999999993 0.015396000000000007
0 0.3753125 0.1454965 0.016874999999999973 0.013857000000000008
0 0.3746875 0.017706 0.0068749999999999645 0.012318
0 0.406875 0.148961 0.023749999999999993 0.010007999999999989
0 0.42125 0.17513499999999999 0.00874999999999998 0.010007999999999989
0 0.724375 0.1508855 0.55 0.301771
0 0.48031250000000003 0.9314855 0.019374999999999976 0.046189000000000036
0 0.6709375 0.6832175 0.07687500000000003 0.04849899999999996
0 0.7509375 0.9314855 0.028125000000000067 0.04926900000000001
0 0.8318749999999999 0.9888375 0.025000000000000022 0.020784999999999942
0 0.92625 0.6851425 0.08250000000000002 0.03387300000000004
0 0.929375 0.8587374999999999 0.07250000000000001 0.06543500000000002
0 0.9384375 0.37336400000000003 0.026874999999999982 0.020015999999999978
0 0.9450000000000001 0.9083915 0.01375000000000004 0.04772900000000002
