0 0.0325 0.5888995 0.065 0.23142099999999993
0 0.03125 0.451082 0.0475 0.036688
0 0.0453125 0.3941675 0.055624999999999994 0.05832499999999996
0 0.035625 0.515522 0.02 0.03010400000000002
0 0.0659375 0.737535 0.080625 0.06961399999999995
0 0.0459375 0.722954 0.030625 0.09501399999999993
0 0.095 0.1251175 0.10625000000000001 0.060207
0 0.0703125 0.527281 0.018125000000000002 0.03104400000000007
0 0.10375 0.4548445 0.06125 0.029162999999999994
0 0.1128125 0.5696144999999999 0.074375 0.04985899999999999
0 0.106875 0.4764815 0.03749999999999999 0.040451000000000015
0 0.1221875 0.673095 0.044375 0.03292600000000001
0 0.140625 0.7916274999999999 0.04875 0.11571100000000001
0 0.29625 0.430856 0.31875 0.24270999999999998
0 0.1771875 0.605362 0.075625 0.13264399999999998
0 0.23125 0.299153 0.15500000000000003 0.225776
0 0.19 0.2079025 0.0675 0.073377
0 0.20218750000000002 0.5042335 0.09187500000000001 0.09595500000000001
0 0.20375 0.8029165 0.056249999999999994 0.11947300000000005
0 0.2509375 0.972248 0.071875 0.05362200000000006
0 0.2709375 0.6683915 0.078125 0.04985899999999999
0 0.3559375 0.6373475 0.22812499999999997 0.16274700000000009
0 0.3259375 0.9496705000000001 0.13687499999999997 0.09313300000000002
0 0.3278125 0.381938 0.140625 0.09783600000000003
0 0.3021875 0.6815614999999999 0.030625000000000013 0.10442099999999999
0 0.3775 0.58937 0.05125000000000002 0.18156199999999995
0 0.419375 0.955315 0.057499999999999996 0.08748800000000001
0 0.4203125 0.1867355 0.02812500000000001 0.06867299999999998
0 0.57375 0.4746 0.3025 0.48447799999999996
0 0.46875 0.715428 0.08749999999999997 0.13264399999999998
0 0.4765625 0.592192 0.07187499999999997 0.09501400000000004
0 0.474375 0.939793 0.06499999999999995 0.11853200000000008
0 0.5231250000000001 0.827846 0.11625000000000002 0.071496
0 0.5059375 0.708843 0.05937500000000001 0.11194799999999994
0 0.5684374999999999 0.9317965 0.07437499999999997 0.08372500000000005
0 0.594375 0.190969 0.11250000000000004 0.07713999999999999
0 0.5790625 0.7380055000000001 0.07687500000000003 0.10442099999999999
0 0.5840624999999999 0.8518345 0.08187500000000003 0.11194699999999991
0 0.6659375 0.6665099999999999 0.130625 0.11194800000000005
0 0.6578125 0.49341500000000005 0.078125 0.03857000000000005
0 0.69875 0.41815599999999997 0.08875 0.19284999999999997
0 0.7203124999999999 0.688617 0.12687499999999996 0.13358400000000004
0 0.733125 0.39322650000000003 0.15249999999999997 0.16745099999999996
0 0.7225 0.7732829999999999 0.10250000000000004 0.07902200000000004
0 0.7103125 0.860301 0.07562500000000005 0.12135399999999996
0 0.7625 0.27939800000000004 0.10375000000000001 0.04327399999999998
0 0.7915625 0.484948 0.13812499999999994 0.10253999999999996
0 0.7621875 0.7530574999999999 0.04312499999999997 0.10065899999999994
0 0.80625 0.451082 0.10624999999999996 0.10254000000000002
0 0.808125 0.909219 0.053749999999999964 0.07243599999999994
0 0.8434375000000001 0.7201314999999999 0.11187500000000006 0.14205100000000004
0 0.823125 0.867827 0.06499999999999995 0.164628
0 0.8871875 0.1458135 0.13437500000000002 0.259643
0 0.9043749999999999 0.6999059999999999 0.15875000000000006 0.13358400000000004
0 0.8728125 0.9002825 0.08812500000000001 0.14487300000000003
0 0.926875 0.5263405 0.10375000000000001 0.11006500000000002
0 0.938125 0.36641599999999996 0.10375000000000001 0.125118
0 0.9621875 0.2841015 0.07437499999999997 0.23518300000000003
