0 0.3971875 0.40806749999999997 0.359375 0.27579699999999996
0 0.05625 0.2668855 0.1125 0.11163299999999998
0 0.1665625 0.12851800000000002 0.078125 0.135084
0 0.3096875 0.9793620000000001 0.11062499999999997 0.03939999999999999
0 0.32 0.18058200000000002 0.036250000000000004 0.089118
0 0.40125 0.35084400000000004 0.16500000000000004 0.15197
0 0.4328125 0.8841465 0.130625 0.126641
0 0.4384375 0.5844275 0.041874999999999996 0.16135100000000002
0 0.4865625 0.609756 0.13562499999999994 0.15009400000000006
0 0.4940625 0.7152905 0.11562499999999998 0.09662300000000001
0 0.49687500000000007 0.064259 0.06375000000000003 0.128518
0 0.52 0.35647300000000004 0.10499999999999998 0.09005599999999997
0 0.558125 0.2007505 0.16125000000000006 0.20637899999999998
0 0.576875 0.7757974999999999 0.08374999999999999 0.05253300000000005
0 0.6525 0.0356475 0.040000000000000036 0.071295
0 0.7259375 0.133677 0.08687500000000004 0.109756
0 0.7896875 0.7542215 0.078125 0.07504700000000009
0 0.8284374999999999 0.43152 0.03562499999999991 0.10506599999999999
0 0.911875 0.0595685 0.05875000000000008 0.092871
