0 0.1165625 0.543458 0.084375 0.326168
0 0.136875 0.565888 0.125 0.425234
0 0.2034375 0.562617 0.145625 0.525234
0 0.2578125 0.5373835 0.12187499999999998 0.482243
0 0.305 0.47429899999999997 0.10499999999999998 0.45140199999999997
0 0.36875 0.5406545 0.1225 0.714953
0 0.443125 0.535514 0.14625 0.77757
0 0.5134375 0.3976635 0.06937499999999996 0.501869
0 0.611875 0.5308415 0.1775000000000001 0.762617
0 0.725 0.42243 0.15874999999999995 0.68972
0 0.8043750000000001 0.5233645 0.20499999999999996 0.745795
0 0.901875 0.4752335 0.19500000000000006 0.7598130000000001
0 0.9475 0.2616825 0.10375000000000001 0.207477
0 0.9550000000000001 0.27616799999999997 0.08875 0.19719599999999998
0 0.9590624999999999 0.230374 0.08062500000000006 0.258878
0 0.98125 0.1831775 0.036250000000000004 0.134579
