0 0.745 0.603321 0.08666599999999991 0.15129199999999998
0 0.075 0.6512914999999999 0.043334000000000004 0.06273099999999998
0 0.0966665 0.5608855 0.05333299999999999 0.103321
0 0.2341665 0.45756450000000004 0.201667 0.22140300000000007
0 0.1666665 0.5645755 0.05333299999999999 0.11070099999999994
0 0.2283335 0.6715865000000001 0.033333 0.05904100000000001
0 0.25 0.6955720000000001 0.030000000000000027 0.04796999999999996
0 0.305 0.7822875 0.05333399999999999 0.073801
0 0.4266665 0.4501845 0.14333300000000004 0.14760100000000004
0 0.4225 0.601476 0.09499999999999997 0.14022200000000007
0 0.5025 0.7509225 0.245 0.188191
0 0.5658335000000001 0.581181 0.021666999999999992 0.0553499999999999
0 0.916667 0.8136535 0.050000000000000044 0.07749099999999998
