0 0.0959375 0.8968105 0.191875 0.204503
0 0.099375 0.6125705 0.10750000000000001 0.22701700000000002
0 0.1225 0.346623 0.11249999999999999 0.057224
0 0.1540625 0.633208 0.07812499999999999 0.2382740000000001
0 0.1890625 0.924953 0.12312499999999998 0.14821799999999996
0 0.25687499999999996 0.5909945 0.24374999999999997 0.24577899999999997
0 0.22375 0.3850845 0.13875 0.09662300000000001
0 0.25187499999999996 0.2537525 0.15875 0.04784299999999997
0 0.4109375 0.402439 0.428125 0.15384599999999998
0 0.4865625 0.606473 0.38437499999999997 0.17729800000000007
0 0.43500000000000005 0.807223 0.25125000000000003 0.25609799999999994
0 0.5746875 0.500938 0.34562500000000007 0.15009399999999995
0 0.7746875 0.149156 0.19687500000000002 0.08818
0 0.809375 0.611163 0.25375000000000003 0.34427800000000003
0 0.7875000000000001 0.455441 0.14125 0.24483999999999995
0 0.911875 0.2551595 0.17500000000000004 0.23076899999999997
0 0.9253125 0.488274 0.14812500000000006 0.12851800000000008
