0 0.4996875 0.3820835 0.999375 0.764167
0 0.14687499999999998 0.9583335 0.056249999999999994 0.033332999999999946
0 0.3296875 0.84 0.07687499999999997 0.04166599999999998
0 0.41875 0.89375 0.07374999999999998 0.04416600000000004
0 0.42000000000000004 0.811667 0.03999999999999998 0.050000000000000044
0 0.46968750000000004 0.935833 0.049375 0.06000000000000005
0 0.7475 0.7591665000000001 0.0675 0.06166700000000003
0 0.8378125000000001 0.91875 0.06187500000000001 0.032500000000000084
0 0.8571875 0.81 0.06437500000000007 0.056665999999999994
0 0.9065625 0.83875 0.05687500000000001 0.030834000000000028
0 0.9696875 0.7475 0.05937500000000007 0.061666
