0 0.6503125 0.782083 0.376875 0.38749999999999996
0 0.2684375 0.424583 0.16812499999999997 0.4525
0 0.3109375 0.766667 0.226875 0.4650000000000001
0 0.383125 0.279167 0.29999999999999993 0.42000000000000004
0 0.396875 0.63125 0.15375 0.4775
0 0.44718749999999996 0.2595835 0.159375 0.385833
0 0.5409375 0.64 0.21187499999999998 0.5149999999999999
0 0.5815625 0.27125 0.135625 0.35250000000000004
0 0.7346874999999999 0.2066665 0.1293749999999999 0.378333
0 0.80375 0.6575 0.16875000000000007 0.565
0 0.8678125 0.2833335 0.14187499999999997 0.363333
