0 0.37791699999999995 0.49375 0.1275 0.05624999999999997
0 0.41000000000000003 0.74 0.041666000000000036 0.1312500000000001
0 0.4691665 0.3828125 0.12833299999999992 0.06687500000000002
0 0.514167 0.598125 0.12 0.10375000000000001
0 0.5270835 0.8075 0.12083300000000002 0.06125000000000003
0 0.54125 0.2709375 0.12083399999999994 0.078125
0 0.6004165 0.7271875 0.12083299999999997 0.09187499999999993
0 0.7025 0.6903125 0.11166600000000004 0.11062499999999997
0 0.7562500000000001 0.3075 0.10916599999999999 0.11124999999999996
0 0.8975 0.4271875 0.09999999999999998 0.11062499999999997
