0 0.46395499999999995 0.5125125 0.881614 0.300301
0 0.0353835 0.3108105 0.070767 0.08108100000000001
0 0.151786 0.441942 0.11045 0.12712800000000002
0 0.260251 0.3808805 0.09325399999999998 0.14314300000000002
0 0.320106 0.37587550000000003 0.08730199999999999 0.07107100000000005
0 0.4616405 0.3818815 0.10714299999999999 0.08708699999999997
0 0.5039685 0.1136135 0.04761899999999997 0.04104100000000001
0 0.534722 0.2507505 0.07605800000000001 0.043043000000000026
0 0.565476 0.3448445 0.08862400000000004 0.06106100000000003
0 0.712632 0.14014 0.07208999999999999 0.124124
0 0.7906745 0.811812 0.15410099999999993 0.14414400000000005
0 0.7797620000000001 0.21671649999999998 0.07804200000000006 0.057057
0 0.7708330000000001 0.355355 0.04431200000000002 0.07007000000000002
0 0.8786375 0.683684 0.07870300000000008 0.058058000000000054
0 0.9404764999999999 0.6191195 0.11772499999999997 0.09509500000000004
0 0.9722219999999999 0.242242 0.029100000000000015 0.05605600000000002
