0 0.2021875 0.5858335 0.12937499999999996 0.11166699999999996
0 0.27812499999999996 0.5320835 0.07124999999999998 0.08083299999999999
0 0.290625 0.3829165 0.03750000000000003 0.07583300000000004
0 0.3271875 0.41875 0.09437499999999999 0.03249999999999997
0 0.35375 0.3125 0.04375000000000001 0.061666
0 0.36312500000000003 0.390833 0.04750000000000004 0.04999999999999999
0 0.38 0.5175000000000001 0.07625000000000004 0.09666600000000003
0 0.37687499999999996 0.47625 0.065 0.06583400000000006
0 0.41031249999999997 0.5462499999999999 0.06937500000000002 0.025834000000000024
0 0.4209375 0.3125 0.05687500000000001 0.04833399999999999
0 0.41625 0.44291650000000005 0.030000000000000027 0.08083299999999999
0 0.42562500000000003 0.2625 0.04124999999999995 0.061666
0 0.473125 0.561667 0.07874999999999993 0.10499999999999998
0 0.4809375 0.475 0.060624999999999984 0.10166599999999998
0 0.5265625 0.5183329999999999 0.051875000000000004 0.039999999999999925
0 0.589375 0.3791665 0.10749999999999993 0.046667000000000014
0 0.5821875000000001 0.4425 0.07437499999999997 0.05333399999999999
0 0.5856250000000001 0.47333349999999996 0.08124999999999993 0.05666699999999997
0 0.59375 0.5141665 0.08250000000000002 0.08333300000000005
0 0.6240625 0.4866665 0.06062500000000004 0.08666700000000005
0 0.6565624999999999 0.430833 0.06312499999999999 0.04999999999999999
0 0.651875 0.42375 0.026249999999999996 0.025834000000000024
0 0.8128124999999999 0.35875 0.12312500000000004 0.130834
