0 0.1296875 0.4670835 0.016875 0.024166999999999994
0 0.130625 0.58375 0.008750000000000008 0.025833999999999913
0 0.1590625 0.530417 0.009374999999999994 0.022499999999999964
0 0.16281250000000003 0.4483335 0.014374999999999999 0.01333300000000004
0 0.1753125 0.4095835 0.008124999999999993 0.005832999999999977
0 0.18562499999999998 0.5758335 0.009999999999999981 0.016666999999999987
0 0.1884375 0.53125 0.015625 0.01750000000000007
0 0.1959375 0.4054165 0.008125000000000021 0.010832999999999982
0 0.203125 0.42500000000000004 0.00874999999999998 0.01166600000000001
0 0.205625 0.6983334999999999 0.013749999999999984 0.05166700000000002
0 0.24125 0.8654165 0.05124999999999996 0.02083299999999999
0 0.224375 0.44125000000000003 0.0050000000000000044 0.017500000000000016
0 0.2521875 0.48625 0.006874999999999992 0.01083400000000001
0 0.265 0.4566665 0.00874999999999998 0.006667000000000034
0 0.280625 0.444167 0.0037499999999999756 0.014999999999999958
0 0.29781250000000004 0.44499999999999995 0.013124999999999998 0.006666000000000005
0 0.3146875 0.7749999999999999 0.030625000000000013 0.015000000000000013
0 0.37812500000000004 0.45625000000000004 0.012500000000000011 0.012500000000000011
0 0.3840625 0.43375 0.011875000000000024 0.005834000000000006
0 0.39468749999999997 0.8445834999999999 0.025624999999999953 0.02416699999999994
0 0.398125 0.7725 0.03125 0.04166599999999998
0 0.39156250000000004 0.451667 0.009374999999999967 0.010000000000000009
0 0.4096875 0.43291650000000004 0.004375000000000018 0.014166999999999985
0 0.42593749999999997 0.42833350000000003 0.008124999999999993 0.00833299999999998
0 0.461875 0.76625 0.03125 0.029166000000000025
0 0.49187499999999995 0.6320835 0.04124999999999995 0.035833000000000004
0 0.7609375 0.745833 0.05312499999999998 0.040000000000000036
0 0.9043749999999999 0.70875 0.03749999999999998 0.04083400000000004
