0 0.1064455 0.421123 0.02929699999999999 0.07219199999999998
0 0.13720700000000002 0.2820855 0.020508 0.06417099999999998
0 0.15087899999999999 0.7733955 0.04589800000000002 0.057487000000000066
0 0.2128905 0.2065505 0.035156999999999994 0.054813
0 0.25341800000000003 0.911765 0.03808600000000001 0.029411999999999994
0 0.29589849999999995 0.031417 0.054686999999999986 0.046792
0 0.34082 0.07553499999999999 0.03125 0.03342199999999999
0 0.363281 0.07754 0.03125 0.021389999999999992
0 0.400879 0.16042800000000002 0.03808600000000001 0.058824000000000015
0 0.46386700000000003 0.029412 0.025389999999999968 0.026737999999999998
0 0.4750975 0.2613635 0.032227000000000006 0.078877
0 0.533203 0.294786 0.02148400000000006 0.03609600000000002
0 0.5561525 0.069519 0.022460999999999953 0.021389999999999992
0 0.5659179999999999 0.0260695 0.03613199999999994 0.028074999999999996
0 0.5839845 0.1270055 0.05468699999999993 0.058823
0 0.5942385 0.43516049999999995 0.053711000000000064 0.06818099999999999
0 0.7587889999999999 0.237968 0.050781999999999994 0.050802000000000014
0 0.7851565 0.26738 0.046875 0.048127999999999976
0 0.789063 0.379011 0.03125 0.04144399999999998
0 0.8378909999999999 0.47593599999999997 0.07617200000000002 0.16310199999999997
0 0.8378905000000001 0.29545449999999995 0.027343000000000006 0.05080299999999999
0 0.8627929999999999 0.15307500000000002 0.024414000000000047 0.03342199999999998
0 0.9252929999999999 0.4291445 0.026368000000000058 0.061497000000000024
0 0.962402 0.09692500000000001 0.038086000000000064 0.044118000000000004
0 0.956543 0.0441175 0.02050799999999997 0.042781
