0 0.42500000000000004 0.878125 0.456666 0.12374999999999992
0 0.36583350000000003 0.54 0.341667 0.04500000000000004
0 0.3683335 0.606875 0.32333300000000004 0.06625000000000003
0 0.37583350000000004 0.6699999999999999 0.33833300000000005 0.05999999999999994
0 0.38 0.7224999999999999 0.31000000000000005 0.05999999999999994
0 0.4325 0.7925 0.36833399999999994 0.08000000000000007
0 0.4325 0.95875 0.30833400000000005 0.08000000000000007
0 0.5475 0.5125 0.361666 0.04500000000000004
0 0.5700000000000001 0.46375 0.406666 0.05249999999999999
0 0.6516664999999999 0.598125 0.29333299999999995 0.05874999999999997
0 0.69 0.5506249999999999 0.34666600000000003 0.05874999999999997
0 0.665 0.65375 0.28 0.0625
0 0.7025 0.720625 0.331666 0.06374999999999997
0 0.7575000000000001 0.880625 0.31500000000000006 0.11375000000000002
0 0.7858335 0.78875 0.338333 0.07250000000000001
