0 0.7006835 0.9700519999999999 0.13378899999999994 0.05729200000000001
0 0.70166 0.8014325 0.03417999999999999 0.08203099999999997
0 0.7094725 0.89388 0.014649000000000023 0.058594000000000035
0 0.7338865 0.9602865 0.022461000000000064 0.07682299999999997
0 0.7353514999999999 0.546875 0.011718999999999924 0.02083400000000002
0 0.7675785 0.870443 0.046875 0.058594000000000035
0 0.770508 0.7825519999999999 0.021483999999999948 0.03645799999999999
0 0.7885745 0.5611975 0.030272999999999994 0.015625
0 0.7934570000000001 0.6289065 0.03808599999999995 0.03906299999999996
0 0.7963865 0.4915365 0.0185550000000001 0.027343000000000006
0 0.807617 0.9049475 0.035155999999999965 0.015625
0 0.8095705 0.7884115 0.02343700000000004 0.037761000000000045
0 0.8168949999999999 0.9622395 0.03808599999999995 0.02864500000000003
0 0.82666 0.888672 0.03417999999999999 0.022135999999999934
0 0.8481445000000001 0.4160155 0.04003900000000005 0.01171899999999998
0 0.851074 0.8177085 0.045897999999999994 0.01302100000000006
0 0.8623045 0.5904944999999999 0.03710899999999995 0.014322999999999975
0 0.884766 0.549479 0.0625 0.03906200000000004
0 0.8740235000000001 0.922526 0.029297000000000017 0.07942799999999994
0 0.8964845 0.8574219999999999 0.052734999999999976 0.029947999999999975
0 0.934082 0.9615885 0.047852000000000006 0.040364999999999984
0 0.922363 0.3339845 0.02050800000000008 0.009114999999999984
0 0.950684 0.3776045 0.02050799999999997 0.044271000000000005
0 0.96875 0.1419275 0.015624000000000082 0.04947900000000001
0 0.9799804999999999 0.8795575 0.038085000000000035 0.040364999999999984
0 0.9838865 0.1783855 0.02636700000000003 0.05208299999999999
