0 0.1959375 0.418744 0.03562499999999999 0.03970399999999996
0 0.239375 0.25577099999999997 0.06875 0.06648199999999999
0 0.365625 0.0429365 0.044999999999999984 0.041551000000000005
0 0.443125 0.22668499999999997 0.06374999999999997 0.06001799999999999
0 0.4675 0.41689750000000003 0.03125 0.050785000000000025
0 0.5571875 0.2520775 0.04312499999999997 0.051709000000000005
0 0.5584374999999999 0.6966760000000001 0.020625000000000004 0.03970400000000007
0 0.6153125 0.026316 0.026874999999999982 0.052632
0 0.6290625000000001 0.1015695 0.020625000000000004 0.05355499999999999
0 0.7334375 0.6638965 0.03437499999999993 0.033241000000000076
0 0.7871874999999999 0.8434900000000001 0.02937500000000004 0.03785800000000006
0 0.8715625 0.5831025000000001 0.051875000000000004 0.03970499999999999
0 0.8953125 0.2927055 0.02562500000000001 0.064635
