0 0.3459595 0.23833349999999998 0.318181 0.10333299999999998
0 0.050505 0.9141665 0.09596 0.08166699999999993
0 0.068182 0.328333 0.09596 0.14
0 0.175505 0.7066665000000001 0.265152 0.146667
0 0.1262625 0.9125 0.106061 0.06499999999999995
0 0.2525255 0.7408335 0.15151499999999998 0.04833299999999996
0 0.25631349999999997 0.9716665 0.058080999999999994 0.053333000000000075
0 0.354798 0.6066665 0.23484799999999997 0.05666700000000002
0 0.361111 0.9075 0.11616199999999999 0.058334
0 0.35606099999999996 0.7275 0.06060599999999999 0.02833399999999997
0 0.36363650000000003 0.845 0.06565700000000002 0.066666
0 0.4646465 0.953333 0.166667 0.07000000000000006
0 0.449495 0.4991665 0.12626200000000004 0.04166700000000001
0 0.482323 0.84 0.045453999999999994 0.043333999999999984
0 0.493687 0.585833 0.06313199999999997 0.08500000000000008
0 0.5151515 0.776667 0.05555500000000002 0.06000000000000005
0 0.5656565 0.7416665 0.0959589999999999 0.046667000000000014
0 0.566919 0.895 0.08838399999999991 0.046665999999999985
0 0.6224745 0.9325 0.06313099999999994 0.0483340000000001
0 0.6161615 0.7658335000000001 0.03535299999999997 0.021666999999999992
0 0.6919195 0.7533335 0.11111099999999996 0.043333000000000066
0 0.705808 0.645833 0.08333400000000002 0.03499999999999992
0 0.7272725 0.6791665 0.12626300000000001 0.05166699999999991
0 0.715909 0.8041665 0.09343400000000002 0.031667
0 0.848485 0.9091665 0.07575799999999999 0.021666999999999992
0 0.9381315 0.23500000000000001 0.11868699999999999 0.07
0 0.9128785 0.525 0.037878999999999996 0.033333999999999975
0 0.9520204999999999 0.8633335 0.09090900000000002 0.053332999999999964
