0 0.0315625 0.4066605 0.028124999999999997 0.045967000000000036
0 0.2296875 0.8184804999999999 0.03687500000000002 0.03846099999999997
0 0.3675 0.296435 0.020000000000000018 0.020638000000000045
0 0.8465625 0.2856475 0.013125000000000053 0.012194999999999956
0 0.8846875 0.18902449999999998 0.02562500000000001 0.03470900000000002
0 0.8843749999999999 0.2232645 0.006249999999999978 0.020637000000000016
0 0.930625 0.35975599999999996 0.008750000000000036 0.014072000000000029
0 0.9465625 0.42166950000000003 0.010624999999999996 0.029080999999999968
0 0.9606250000000001 0.184803 0.015000000000000013 0.031894000000000006
0 0.98125 0.3273925 0.0050000000000000044 0.013133000000000006
0 0.983125 0.302064 0.006249999999999978 0.016885999999999957
