0 0.0585 0.425645 0.117 0.10470400000000002
0 0.16649999999999998 0.787557 0.091 0.103186
0 0.194 0.7139605 0.086 0.09256500000000001
0 0.20850000000000002 0.6335355 0.093 0.08042499999999997
0 0.275 0.8915025 0.098 0.10773900000000003
0 0.3815 0.7556905 0.08699999999999997 0.17905899999999997
0 0.4315 0.5235205 0.09299999999999997 0.12746500000000005
0 0.556 0.4962065 0.06999999999999995 0.10318699999999997
0 0.5765 0.6342945 0.06699999999999995 0.10318700000000003
0 0.6225 0.5515935 0.1349999999999999 0.122913
0 0.6305 0.707132 0.135 0.10622200000000004
0 0.754 0.377845 0.1120000000000001 0.11532599999999998
0 0.8115 0.689681 0.129 0.07132000000000005
0 0.819 0.588012 0.13 0.128984
0 0.893 0.5485585 0.12 0.11987899999999996
0 0.915 0.408194 0.11399999999999999 0.094082
