0 0.18937500000000002 0.489583 0.1675 0.08250000000000002
0 0.169375 0.5720835 0.04999999999999999 0.03416699999999995
0 0.30500000000000005 0.3716665 0.08625 0.166667
0 0.45343750000000005 0.695417 0.06562499999999999 0.04250000000000009
0 0.5053125 0.24 0.10187500000000005 0.096666
0 0.5175000000000001 0.74875 0.0675 0.039166000000000034
0 0.5384375 0.6154165 0.06062499999999993 0.04083300000000001
0 0.6100000000000001 0.5520835 0.0675 0.030833
0 0.8028125 0.6308335 0.046875 0.031667
0 0.8574999999999999 0.2841665 0.11124999999999996 0.05166700000000002
