0 0.00625 0.2537525 0.0125 0.03658499999999998
0 0.008125 0.344278 0.01625 0.02063799999999999
0 0.015625 0.315197 0.03125 0.024390000000000023
0 0.0178125 0.2969045 0.035625 0.02720499999999998
0 0.0234375 0.1758915 0.046875 0.03470899999999999
0 0.028125 0.3771105 0.05625 0.028142999999999974
0 0.0290625 0.0783305 0.058125 0.032833
0 0.0434375 0.902908 0.086875 0.044090000000000074
0 0.4446875 0.6674485 0.889375 0.663227
0 0.0309375 0.4174485 0.029375 0.01688500000000004
0 0.0653125 0.2246715 0.026875000000000003 0.05534699999999998
0 0.071875 0.219981 0.04 0.027204000000000006
0 0.08156250000000001 0.056285 0.025624999999999995 0.022514000000000006
0 0.0865625 0.14587250000000002 0.03312499999999999 0.029080999999999996
0 0.09875 0.1871485 0.0475 0.030957000000000012
0 0.1159375 0.8100375 0.078125 0.04409099999999999
0 0.1265625 0.17026249999999998 0.07687500000000001 0.03470900000000002
0 0.10468749999999999 0.113039 0.025624999999999995 0.021576000000000012
0 0.17781249999999998 0.5281425 0.11812500000000001 0.02814300000000003
0 0.1359375 0.074578 0.031875000000000014 0.02908
0 0.16218749999999998 0.023921 0.079375 0.047842
0 0.16875 0.726548 0.09 0.04971800000000004
0 0.15625 0.12758 0.0625 0.02626600000000001
0 0.146875 0.104597 0.03875000000000001 0.019699999999999995
0 0.1634375 0.14774900000000002 0.06687499999999999 0.021576000000000012
0 0.1546875 0.40666 0.044375 0.023451999999999973
0 0.16312500000000002 0.35881799999999997 0.047500000000000014 0.049717999999999984
0 0.170625 0.34287049999999997 0.06 0.02720499999999998
0 0.1634375 0.22467150000000002 0.040624999999999994 0.029080999999999996
0 0.169375 0.290338 0.04999999999999999 0.025328000000000017
0 0.1903125 0.188086 0.084375 0.040337999999999985
0 0.179375 0.3672605 0.05374999999999999 0.032833
0 0.23093750000000002 0.281895 0.09062499999999998 0.027204000000000006
0 0.19906249999999998 0.371013 0.021875000000000006 0.025328000000000017
0 0.2340625 0.08114450000000001 0.084375 0.034709000000000004
0 0.2284375 0.2349905 0.05562499999999998 0.02532899999999999
0 0.23249999999999998 0.281895 0.057499999999999996 0.038461999999999996
0 0.229375 0.1580675 0.05000000000000002 0.02720499999999998
0 0.24375000000000002 0.863039 0.06750000000000003 0.022513999999999923
0 0.2278125 0.3095685 0.033125000000000016 0.028142999999999974
0 0.25593750000000004 0.216698 0.06937500000000002 0.03001799999999999
0 0.2603125 0.13649150000000002 0.06812499999999999 0.025329000000000004
0 0.2765625 0.46576 0.09187500000000001 0.02345200000000003
0 0.2603125 0.0609755 0.03937500000000002 0.009381
0 0.27875 0.1580675 0.06625 0.02720499999999998
0 0.286875 0.210131 0.06374999999999997 0.024389999999999995
0 0.28625 0.03424 0.05625000000000002 0.025328
0 0.315625 0.781895 0.10375000000000001 0.040337999999999985
0 0.30156249999999996 0.262195 0.06437500000000002 0.04033800000000001
0 0.31 0.236867 0.05625000000000002 0.021575999999999984
0 0.30718749999999995 0.21576 0.013124999999999998 0.016886000000000012
0 0.32437499999999997 0.292214 0.04375000000000001 0.019699999999999995
0 0.3365625 0.27579699999999996 0.06562499999999999 0.02063799999999999
0 0.3375 0.0272045 0.06 0.020637
0 0.365 0.402439 0.11499999999999999 0.060038000000000036
0 0.33125 0.1590055 0.04625000000000001 0.02532899999999999
0 0.3503125 0.0942775 0.06812500000000005 0.027205000000000007
0 0.343125 0.218574 0.05125000000000002 0.022514000000000006
0 0.3734375 0.138368 0.070625 0.019699999999999995
0 0.3815625 0.2969045 0.06312500000000004 0.032833
0 0.3828125 0.1777675 0.059374999999999956 0.02532899999999999
0 0.4015625 0.20966200000000002 0.073125 0.042214
0 0.39875000000000005 0.1580675 0.05499999999999999 0.029081000000000023
0 0.4146875 0.217167 0.08437499999999998 0.030955999999999984
0 0.39375 0.270169 0.04125000000000001 0.016886000000000012
0 0.4078125 0.0614445 0.05562499999999998 0.047843
0 0.4125 0.30769250000000004 0.04750000000000004 0.015008999999999995
0 0.43656249999999996 0.324109 0.09062500000000001 0.02532799999999996
0 0.4371875 0.26829250000000004 0.09187500000000004 0.04878100000000002
0 0.46468750000000003 0.133677 0.08687500000000004 0.023452
0 0.4615625 0.825516 0.06312499999999999 0.07879999999999998
0 0.486875 0.1805815 0.10750000000000004 0.027205000000000007
0 0.4675 0.3850845 0.05375000000000002 0.025329000000000046
0 0.48281250000000003 0.2481235 0.08187500000000003 0.03470899999999999
0 0.4775 0.054877999999999996 0.05874999999999997 0.027204
0 0.4821875 0.2026265 0.04187500000000005 0.013132999999999978
0 0.543125 0.719981 0.10499999999999998 0.04596599999999995
0 0.5090625 0.373827 0.02437499999999998 0.021575999999999984
0 0.5175 0.2518765 0.03875000000000001 0.030957000000000012
0 0.5440625 0.20872400000000002 0.07187499999999991 0.02532799999999999
0 0.51875 0.2865855 0.012500000000000067 0.030957000000000012
0 0.5346875 0.1355535 0.04437500000000005 0.030957
0 0.5409375000000001 0.32786099999999996 0.04312499999999997 0.021575999999999984
0 0.56875 0.9094745 0.09250000000000003 0.030957000000000012
0 0.5659375 0.282833 0.07687500000000003 0.03471000000000002
0 0.57625 0.1693245 0.09499999999999997 0.038460999999999995
0 0.5675 0.09803049999999999 0.05624999999999991 0.03283299999999999
0 0.565625 0.089587 0.04500000000000004 0.04596600000000001
0 0.6109375 0.128049 0.06687500000000002 0.038461999999999996
0 0.62375 0.4075985 0.07374999999999998 0.02720499999999998
0 0.6384375 0.226548 0.08187499999999992 0.03658600000000001
0 0.6434375 0.2739215 0.07187499999999991 0.05816099999999999
0 0.6390625000000001 0.1055345 0.030625000000000013 0.036585000000000006
0 0.6465624999999999 0.2997185 0.03187499999999999 0.032833
0 0.6487499999999999 0.09052550000000001 0.016249999999999987 0.01782299999999999
0 0.698125 0.501407 0.09250000000000003 0.02908000000000005
0 0.6890624999999999 0.1810505 0.06437499999999996 0.016884999999999983
0 0.6721875 0.10272049999999999 0.02562500000000001 0.027204999999999993
0 0.6728125 0.0820825 0.026874999999999982 0.023453
0 0.6796875 0.2002815 0.02937499999999993 0.017822999999999978
0 0.681875 0.32223250000000003 0.03374999999999995 0.034709000000000045
0 0.6928125 0.129925 0.038125000000000075 0.01970000000000001
0 0.7206250000000001 0.4291745 0.09124999999999994 0.04596699999999998
0 0.701875 0.085835 0.05125000000000002 0.023452
0 0.7109375 0.2096625 0.06937499999999996 0.029081000000000023
0 0.6903125 0.26454 0.026874999999999982 0.020638000000000045
0 0.72 0.2251405 0.05125000000000002 0.052532999999999996
0 0.7671874999999999 0.12898700000000002 0.09437499999999999 0.04033800000000001
0 0.7421875 0.207786 0.034375000000000044 0.03658600000000001
0 0.760625 0.271576 0.04875000000000007 0.03658600000000001
0 0.7453125 0.31144499999999997 0.016875000000000084 0.02251399999999998
0 0.7659374999999999 0.1608815 0.045624999999999916 0.030956999999999985
0 0.7728124999999999 0.33724200000000004 0.04062500000000002 0.04409000000000002
0 0.7928124999999999 0.2143525 0.07062500000000005 0.02720499999999998
0 0.778125 0.2462475 0.039999999999999925 0.029081000000000023
0 0.7775000000000001 0.3105065 0.03749999999999998 0.028142999999999974
0 0.7846875 0.056754 0.01937500000000003 0.038461999999999996
0 0.8031250000000001 0.37195100000000003 0.05625000000000002 0.017824000000000007
0 0.8146875 0.17307699999999998 0.07687500000000003 0.02532799999999999
0 0.8159375 0.06754249999999999 0.020625000000000004 0.09380899999999999
0 0.8384375 0.3175425 0.024374999999999925 0.03658499999999998
0 0.8446875 0.218574 0.024375000000000036 0.022514000000000006
0 0.861875 0.170263 0.0412499999999999 0.023452
0 0.8728125 0.3001875 0.02937499999999993 0.01688500000000004
