0 0.06601599999999999 0.6104165 0.033594 0.027082999999999968
0 0.12460950000000001 0.6427080000000001 0.013281000000000001 0.018749999999999933
0 0.14648450000000002 0.7484375000000001 0.044531000000000015 0.03020900000000004
0 0.1472655 0.6000000000000001 0.032031000000000004 0.01666599999999996
0 0.16015600000000002 0.66875 0.037500000000000006 0.022916000000000047
0 0.1902345 0.6833335 0.030469000000000024 0.03541700000000003
0 0.289844 0.581771 0.04999999999999999 0.03645799999999999
0 0.2777345 0.723958 0.011719000000000035 0.018750000000000044
0 0.3484375 0.6572914999999999 0.026563000000000003 0.02083299999999999
0 0.3734375 0.578125 0.039063000000000014 0.033333999999999975
0 0.385547 0.7666665 0.02734399999999998 0.016666999999999987
0 0.4109375 0.49583350000000004 0.046875 0.03541700000000003
0 0.4253905 0.6630205 0.067969 0.046875
0 0.438672 0.4791665 0.027344000000000035 0.008333000000000035
0 0.46484400000000003 0.8447915 0.029687999999999992 0.03541700000000003
0 0.467578 0.6671875 0.014843999999999968 0.015625
0 0.5113285000000001 0.4380205 0.03671900000000006 0.015625
0 0.5328125 0.6484375 0.02500100000000005 0.023959000000000064
0 0.5390625 0.736979 0.024998999999999993 0.038541999999999965
0 0.5945309999999999 0.5984375 0.06406199999999995 0.05520899999999995
0 0.617578 0.4125 0.027343999999999924 0.03125
0 0.634375 0.7614585 0.04062600000000005 0.05833299999999997
0 0.696875 0.550521 0.01718799999999998 0.019792000000000032
0 0.7546875 0.6484375 0.057813 0.059374999999999956
0 0.798047 0.45625 0.019531999999999994 0.01041599999999998
0 0.864063 0.578125 0.050000000000000044 0.033333999999999975
0 0.9281250000000001 0.515625 0.02343799999999996 0.018750000000000044
