0 0.2565 0.64018 0.119 0.14093
0 0.1725 0.446777 0.07899999999999999 0.11993999999999994
0 0.16699999999999998 0.6176915000000001 0.05200000000000002 0.14992499999999997
0 0.3675 0.893553 0.23099999999999998 0.164918
0 0.493 0.4827585 0.12200000000000005 0.05697100000000005
0 0.577 0.274363 0.09999999999999998 0.04797599999999996
0 0.6795 0.39280400000000004 0.11299999999999999 0.09595199999999998
0 0.718 0.5509745 0.17200000000000004 0.14242899999999997
0 0.757 0.7946025 0.16399999999999992 0.12593699999999997
0 0.9225 0.83958 0.123 0.12293799999999999
