0 0.91625 0.565 0.11375000000000002 0.1050000000000001
0 0.0515625 0.6291665 0.103125 0.156667
0 0.18 0.40541649999999996 0.36 0.18416700000000003
0 0.16874999999999998 0.6145835 0.20124999999999998 0.11416700000000002
0 0.36 0.48624999999999996 0.12874999999999998 0.13583399999999995
0 0.5862499999999999 0.9041669999999999 0.42624999999999996 0.19000000000000006
0 0.588125 0.5158335000000001 0.18500000000000005 0.15333300000000005
0 0.596875 0.1429165 0.07625000000000004 0.075833
0 0.64625 0.22125 0.11749999999999994 0.08416599999999999
0 0.6621874999999999 0.5862499999999999 0.051875000000000004 0.16416599999999992
0 0.725 0.13624999999999998 0.11250000000000004 0.07916599999999999
0 0.8987499999999999 0.41083349999999996 0.20125000000000004 0.163333
0 0.8400000000000001 0.0616665 0.04749999999999999 0.061667
0 0.9650000000000001 0.772917 0.06874999999999998 0.08250000000000002
0 0.983125 0.17208299999999999 0.03249999999999997 0.047500000000000014
0 0.9865625 0.96875 0.02562500000000001 0.060834000000000055
