0 0.3853125 0.4995835 0.770625 0.999167
0 0.294375 0.984583 0.125 0.02750000000000008
0 0.409375 0.9283330000000001 0.12 0.04999999999999993
0 0.5759375 0.75875 0.08687500000000004 0.02416600000000002
0 0.5825 0.8079165 0.09125000000000005 0.035833000000000004
0 0.5825 0.6754165000000001 0.08125000000000004 0.019167000000000045
0 0.5909375 0.7254165 0.09062499999999996 0.029166999999999943
0 0.6425000000000001 0.6995835 0.11625000000000008 0.029166999999999943
0 0.623125 0.7604165 0.07250000000000001 0.03416699999999995
0 0.6465624999999999 0.6829164999999999 0.09562499999999996 0.02416699999999994
0 0.650625 0.6545835 0.07874999999999999 0.029166999999999943
0 0.6946875 0.02125 0.06562500000000004 0.0225
0 0.7084375 0.042083499999999996 0.07187500000000002 0.024167
0 0.7271875 0.33875 0.09187499999999993 0.029166000000000025
0 0.7350000000000001 0.3679165 0.06874999999999998 0.025832999999999995
0 0.738125 0.40375 0.07499999999999996 0.03416600000000003
0 0.7515625 0.6295835000000001 0.08687500000000004 0.04083300000000001
0 0.74 0.30208349999999995 0.06125000000000003 0.024166999999999994
0 0.75125 0.0254165 0.07750000000000001 0.030833
0 0.76 0.20375 0.09250000000000003 0.025833999999999996
0 0.755 0.5629165 0.07250000000000001 0.02416699999999994
0 0.7721875 0.4770835 0.09437499999999999 0.025832999999999995
0 0.7690625 0.1845835 0.08062499999999995 0.015833000000000014
0 0.7634375 0.160417 0.06562500000000004 0.012500000000000011
0 0.7878125 0.07166700000000001 0.09187500000000004 0.020000000000000004
0 0.780625 0.11791650000000001 0.07250000000000001 0.030833000000000013
0 0.783125 0.0058335 0.07250000000000001 0.011667
0 0.766875 0.23125 0.03749999999999998 0.022499999999999992
0 0.7821875 0.30625 0.06437499999999996 0.01916599999999996
0 0.79 0.62375 0.07999999999999996 0.03249999999999997
0 0.796875 0.5270835 0.08125000000000004 0.025832999999999995
0 0.8115625 0.2279165 0.09312500000000001 0.025832999999999995
0 0.796875 0.5829165000000001 0.06125000000000003 0.02416699999999994
0 0.8065625000000001 0.12708350000000002 0.07187500000000002 0.024167000000000008
0 0.811875 0.33875 0.07250000000000001 0.025834000000000024
0 0.82125 0.1404165 0.08124999999999993 0.02083299999999999
0 0.8253125 0.016667 0.06812499999999999 0.02
0 0.831875 0.15375 0.07374999999999998 0.025833999999999996
