0 0.043457 0.9631270000000001 0.086914 0.07079599999999997
0 0.150879 0.19690249999999998 0.301758 0.24926299999999998
0 0.251953 0.6644545 0.503906 0.12241899999999994
0 0.0576175 0.418879 0.11328099999999999 0.41592999999999997
0 0.15332 0.913717 0.298828 0.169616
0 0.2856445 0.9070795 0.508789 0.18289100000000003
0 0.143555 0.36504400000000004 0.201172 0.29646
0 0.2075195 0.1364305 0.303711 0.148967
0 0.343262 0.8797935 0.4580080000000001 0.17846699999999993
0 0.3925785 0.7927725 0.373047 0.1548670000000001
0 0.410156 0.221239 0.294922 0.27433599999999997
0 0.5200195000000001 0.3112095 0.387695 0.262537
0 0.6074215000000001 0.3134215 0.341797 0.122419
0 0.664063 0.516224 0.34374999999999994 0.40412999999999993
0 0.723633 0.677729 0.298828 0.461652
