0 0.499531 0.6384375 0.999062 0.721875
0 0.113039 0.2653125 0.085366 0.06437499999999999
0 0.219512 0.114375 0.11257 0.07
0 0.20309549999999998 0.13874999999999998 0.05347100000000002 0.041249999999999995
0 0.22467199999999998 0.301875 0.06660399999999997 0.04249999999999998
0 0.272045 0.3871875 0.16134999999999997 0.05812499999999998
0 0.606942 0.7609375 0.78424 0.249375
0 0.284709 0.1796875 0.13039399999999998 0.030625000000000013
0 0.33583450000000004 0.32 0.16135099999999997 0.07874999999999999
0 0.478424 0.315 0.09193200000000001 0.02749999999999997
0 0.530957 0.32875 0.17636000000000007 0.03749999999999998
0 0.5464355 0.2884375 0.20731699999999997 0.049375
0 0.8334895 0.18875 0.331145 0.11249999999999999
0 0.8325515 0.2109375 0.20544099999999998 0.166875
0 0.8719515 0.2896875 0.14165099999999997 0.05812499999999998
