0 0.02875 0.19125 0.0575 0.17250000000000004
0 0.1471875 0.3504165 0.294375 0.215833
0 0.2746875 0.11958300000000001 0.14437499999999998 0.1575
0 0.4040625 0.47875 0.20687499999999998 0.11916599999999994
0 0.39875 0.28500000000000003 0.04625000000000001 0.09000000000000002
0 0.44718749999999996 0.2858335 0.106875 0.08833300000000002
0 0.48906249999999996 0.685833 0.05687499999999995 0.10499999999999998
0 0.5871875 0.4754165 0.13437500000000002 0.18083300000000002
0 0.6296875 0.8733335 0.17562500000000003 0.10833300000000001
0 0.684375 0.2875 0.22499999999999998 0.221666
0 0.7196875 0.6020835 0.16937499999999994 0.13416699999999993
0 0.845 0.8712500000000001 0.30874999999999997 0.255834
0 0.803125 0.37375 0.07250000000000001 0.09416600000000003
