0 0.025694500000000002 0.5425925 0.018055 0.033332999999999946
0 0.0375 0.384259 0.027777999999999997 0.027778000000000025
0 0.0375 0.5925925 0.027777999999999997 0.03703699999999999
0 0.036111000000000004 0.28240699999999996 0.022222 0.024073999999999984
0 0.0395835 0.5092595 0.020833000000000004 0.033333
0 0.0819445 0.500926 0.044445 0.02407399999999993
0 0.0819445 0.24629649999999997 0.030555 0.040741
0 0.1118055 0.48333349999999997 0.05694500000000001 0.033333
0 0.095139 0.286111 0.018056000000000003 0.01666599999999996
0 0.097917 0.5435185 0.012499999999999997 0.02777699999999994
0 0.11388899999999999 0.337963 0.022222000000000006 0.02037
0 0.1138885 0.071296 0.011110999999999996 0.02037
0 0.1305555 0.294444 0.03333299999999999 0.025926000000000005
0 0.134722 0.34351849999999995 0.024999999999999994 0.03888900000000001
0 0.163889 0.26666650000000003 0.033334 0.033333
0 0.172222 0.416667 0.01944399999999999 0.022221999999999964
0 0.23125 0.426852 0.037500000000000006 0.02777799999999997
0 0.2569445 0.3777775 0.07777700000000001 0.059259000000000006
0 0.273611 0.287037 0.05000000000000002 0.02222200000000002
0 0.2756945 0.14722200000000002 0.04583300000000001 0.027777999999999997
0 0.3416665 0.1324075 0.06666699999999998 0.031480999999999995
0 0.32708349999999997 0.3175925 0.029167 0.053702999999999945
0 0.3645835 0.261111 0.07361099999999998 0.048148000000000024
0 0.35625 0.086111 0.03472200000000003 0.031481999999999996
0 0.3666665 0.31481499999999996 0.04166700000000001 0.02962999999999999
0 0.3881945 0.1592595 0.02361100000000005 0.03703699999999999
0 0.390972 0.025926 0.015278000000000014 0.018518
0 0.43125 0.027778 0.020833999999999964 0.029629999999999997
0 0.4402775 0.1527775 0.036111000000000004 0.04259300000000002
0 0.49236099999999994 0.052777500000000005 0.09305599999999997 0.061111000000000006
0 0.47291649999999996 0.099074 0.048611000000000015 0.024073999999999998
