0 0.22218749999999998 0.4713015 0.03562499999999999 0.04850500000000002
0 0.33187500000000003 0.5008085 0.03999999999999998 0.09620099999999998
0 0.44625000000000004 0.35287 0.18875000000000003 0.170574
0 0.380625 0.5881165 0.04125000000000001 0.277283
0 0.425 0.598626 0.05874999999999997 0.30477
0 0.4940625 0.6358125 0.06937500000000008 0.24818099999999998
0 0.49124999999999996 0.599434 0.04249999999999998 0.312854
0 0.5453125 0.5917545 0.04437500000000005 0.29102700000000004
0 0.5984375 0.5917545 0.05437499999999995 0.27647499999999997
0 0.6559375000000001 0.614794 0.07062500000000005 0.33063799999999993
0 0.7121875 0.6220695 0.05062500000000003 0.33710500000000004
