0 0.016875 0.4719485 0.03375 0.03411700000000001
0 0.0378125 0.4169825 0.036875000000000005 0.02729300000000001
0 0.050625 0.3870355 0.028750000000000005 0.03260099999999999
0 0.0740625 0.374147 0.029375 0.023502000000000023
0 0.0965625 0.16072799999999998 0.035625000000000004 0.027294000000000013
0 0.100625 0.4238055 0.0325 0.02577700000000005
0 0.12875 0.42153149999999995 0.03125 0.021228999999999998
0 0.16312500000000002 0.5735405 0.035 0.03108500000000003
0 0.1771875 0.5276725 0.03812500000000002 0.040941000000000005
0 0.18375 0.23843799999999998 0.03125 0.020470000000000016
0 0.20124999999999998 0.5629265 0.04374999999999998 0.0295669999999999
0 0.20906249999999998 0.3089465 0.050625 0.03411700000000001
0 0.24031249999999998 0.4219105 0.061874999999999986 0.03260099999999999
0 0.2834375 0.2308565 0.078125 0.03260099999999999
0 0.3046875 0.4465505 0.051875000000000004 0.03487499999999999
0 0.31375 0.3847615 0.03125 0.04473100000000002
0 0.36124999999999996 0.18043949999999997 0.02999999999999997 0.024261000000000005
0 0.3628125 0.261941 0.033125000000000016 0.02956800000000001
0 0.3925 0.2043215 0.04125000000000001 0.03411699999999998
0 0.39875 0.284306 0.04249999999999998 0.028810000000000002
0 0.44125000000000003 0.245641 0.05375000000000002 0.030325999999999992
0 0.43437499999999996 0.2903715 0.03375 0.02729300000000001
0 0.49812500000000004 0.2407125 0.05125000000000007 0.035633
0 0.504375 0.1694465 0.05249999999999999 0.031084999999999974
0 0.5390625 0.3153905 0.05062499999999992 0.03790699999999997
0 0.5434375 0.23995450000000002 0.05687500000000001 0.03411699999999998
0 0.5928125 0.10348750000000001 0.05687500000000001 0.029566999999999996
0 0.59625 0.197877 0.06375000000000008 0.028810000000000002
0 0.5978125 0.257013 0.055625000000000036 0.027294000000000013
0 0.61625 0.233889 0.05500000000000005 0.02956800000000001
0 0.63125 0.2657315 0.06499999999999995 0.037149000000000015
0 0.67625 0.294541 0.040000000000000036 0.018954000000000026
0 0.7209375 0.109553 0.083125 0.041697999999999985
0 0.7353125 0.2501895 0.04937500000000006 0.037907000000000024
0 0.729375 0.227445 0.03249999999999997 0.027294000000000013
0 0.7428125 0.443139 0.059374999999999956 0.07050800000000002
0 0.75625 0.282032 0.04125000000000001 0.039424000000000015
0 0.7925 0.222517 0.05625000000000002 0.031084
0 0.826875 0.2247915 0.043749999999999956 0.03260099999999999
0 0.8753124999999999 0.191433 0.04937500000000006 0.031084
0 0.8865624999999999 0.11637600000000001 0.03312499999999996 0.020470000000000002
0 0.8878125 0.1622445 0.03562500000000002 0.024261000000000005
0 0.894375 0.132297 0.040000000000000036 0.018954000000000013
0 0.9859375 0.558757 0.026874999999999982 0.050037999999999916
