0 0.906738 0.874817 0.17675800000000008 0.21815600000000002
0 0.247559 0.6288435 0.10058600000000001 0.1654469999999999
0 0.269043 0.352123 0.04785199999999998 0.045387999999999984
0 0.3378905 0.480966 0.14648500000000003 0.139092
0 0.3745115 0.6054174999999999 0.09863299999999997 0.10395300000000007
0 0.384277 0.39092249999999995 0.08300800000000003 0.064421
0 0.48779300000000003 0.8360175 0.245118 0.29868300000000003
0 0.43408199999999997 0.6530015 0.11425800000000003 0.16691100000000003
0 0.421875 0.4392385 0.035155999999999965 0.058565000000000034
0 0.4990235 0.30234249999999996 0.06054700000000002 0.06295699999999999
0 0.692383 0.47657399999999994 0.20117200000000002 0.273792
0 0.638184 0.2679355 0.04199200000000003 0.06442100000000003
0 0.701172 0.661786 0.058594000000000035 0.09077599999999997
0 0.719238 0.6142019999999999 0.05566400000000005 0.10395399999999999
0 0.7885745 0.712299 0.094727 0.11566600000000005
0 0.7597655 0.2122985 0.019530999999999965 0.029283000000000003
0 0.820801 0.6325035 0.08691399999999994 0.08491899999999997
0 0.796387 0.15739399999999998 0.016602000000000006 0.024889999999999995
0 0.807129 0.2445095 0.01855399999999996 0.01756900000000003
