0 0.0527345 0.734272 0.105469 0.178404
0 0.129297 0.8375585 0.258594 0.323005
0 0.1914065 0.173709 0.298437 0.347418
0 0.3257815 0.5183099999999999 0.5640630000000001 0.49953
0 0.15625 0.8197185 0.198438 0.35868500000000003
0 0.233203 0.8967134999999999 0.15703200000000003 0.20469499999999996
0 0.3332035 0.19389699999999999 0.192969 0.376526
0 0.3734375 0.6953050000000001 0.192187 0.601878
0 0.6058595 0.396244 0.211719 0.698592
0 0.6355470000000001 0.670892 0.26484399999999997 0.656338
0 0.8625 0.6868544999999999 0.27343799999999996 0.31830900000000006
0 0.9070315 0.852582 0.18437499999999996 0.29295799999999994
