0 0.1059375 0.31968 0.079375 0.049906000000000006
0 0.1875 0.45998150000000004 0.044999999999999984 0.036723000000000006
0 0.2625 0.5616760000000001 0.03125 0.04425599999999996
0 0.2953125 0.495763 0.02437499999999998 0.03860600000000003
0 0.3371875 0.5240115000000001 0.029374999999999984 0.031073000000000017
0 0.36312500000000003 0.3884185 0.04999999999999999 0.03672299999999995
0 0.36031250000000004 0.5400185 0.03437499999999999 0.042372999999999994
0 0.4140625 0.43173249999999996 0.02937500000000004 0.06120500000000001
0 0.4225 0.5696795 0.04625000000000001 0.032014999999999905
0 0.4296875 0.746704 0.03937500000000005 0.033897999999999984
0 0.4465625 0.666196 0.026875000000000038 0.040489999999999915
0 0.47875 0.8799435 0.05624999999999997 0.05367300000000008
0 0.4740625 0.5127120000000001 0.02562500000000001 0.04613999999999996
0 0.49124999999999996 0.6770245 0.03999999999999998 0.05461300000000002
0 0.5640624999999999 0.5701505 0.02937500000000004 0.03672300000000006
0 0.7275 0.980226 0.03125 0.03766400000000003
0 0.75 0.671375 0.04499999999999993 0.0847460000000001
