0 0.043456999999999996 0.8964845 0.032226 0.050780999999999965
0 0.0654295 0.7929685 0.023436999999999993 0.04947899999999994
0 0.09472649999999999 0.708333 0.033202999999999996 0.05989599999999995
0 0.09765599999999999 0.8522135 0.027343999999999993 0.037761000000000045
0 0.125 0.7916665 0.027343999999999993 0.06770899999999991
0 0.149414 0.9134115 0.054688 0.08723899999999996
0 0.186035 0.7721355 0.041992 0.06510499999999997
0 0.18945299999999998 0.8235675 0.04882800000000001 0.08203099999999997
0 0.20898450000000002 0.7630205 0.03320300000000001 0.04947900000000005
0 0.256836 0.8645835 0.04882800000000001 0.05729100000000009
0 0.278809 0.8066405000000001 0.06933600000000001 0.048177000000000025
0 0.333496 0.8157555 0.049804000000000015 0.040364999999999984
0 0.4536135 0.8040365 0.07519500000000001 0.042968999999999924
0 0.5795895 0.9459635 0.05761700000000003 0.040364999999999984
0 0.57959 0.7265625 0.02050800000000008 0.04427099999999995
0 0.59082 0.660156 0.035155999999999965 0.03645799999999999
0 0.616211 0.6992185 0.03125 0.04427100000000006
0 0.770996 0.9296875 0.030274000000000023 0.05989500000000003
0 0.8623045 0.6165365 0.03906299999999996 0.053385000000000016
0 0.9243159999999999 0.9023435 0.03808599999999995 0.04427100000000006
0 0.958496 0.8847655 0.030274000000000023 0.042969000000000035
0 0.9667965000000001 0.7076819999999999 0.042968999999999924 0.061197999999999975
0 0.979004 0.908854 0.02050799999999997 0.03645799999999999
