0 0.7224999999999999 0.2075 0.10750000000000004 0.09166599999999997
0 0.048125 0.86625 0.0325 0.134166
0 0.09125 0.8987499999999999 0.08750000000000001 0.1725
0 0.3109375 0.8258335 0.11312499999999998 0.046667000000000014
0 0.32125000000000004 0.262917 0.11125000000000002 0.07750000000000001
0 0.34562499999999996 0.3866665 0.15250000000000002 0.05333300000000002
0 0.37406249999999996 0.8929165 0.09062500000000001 0.11583300000000007
0 0.416875 0.534583 0.12875000000000003 0.057499999999999996
0 0.5284375 0.48541650000000003 0.08687500000000004 0.07583300000000004
0 0.7184375 0.6558335 0.150625 0.05833300000000008
0 0.8043750000000001 0.495 0.07750000000000001 0.04666600000000004
0 0.9103125000000001 0.5883335 0.09562499999999996 0.046667000000000014
0 0.9425 0.3779165 0.08499999999999996 0.04583300000000001
0 0.96 0.5845835 0.07874999999999999 0.04916699999999996
