0 0.1175 0.5829495 0.09624999999999999 0.04147499999999993
0 0.1065625 0.662212 0.06687500000000002 0.03041399999999994
0 0.116875 0.5626724999999999 0.06874999999999999 0.03041499999999997
0 0.136875 0.5585255 0.0625 0.06082900000000002
0 0.1596875 0.621659 0.08312500000000002 0.02119799999999994
0 0.211875 0.6502304999999999 0.09500000000000003 0.05069099999999993
0 0.2296875 0.6032255 0.076875 0.10046100000000002
0 0.23750000000000002 0.5529955 0.05375000000000002 0.057142999999999944
0 0.275625 0.775115 0.06125000000000003 0.07557600000000009
0 0.2803125 0.618433 0.046875 0.08479199999999998
0 0.290625 0.481567 0.065 0.037788000000000044
0 0.29374999999999996 0.5331795 0.07124999999999998 0.05806500000000003
0 0.3284375 0.597235 0.06187500000000001 0.08848
0 0.3628125 0.5046085 0.08187499999999998 0.08940100000000006
0 0.41874999999999996 0.5207375000000001 0.10625000000000001 0.09032300000000004
0 0.4059375 0.630415 0.03687499999999999 0.047926000000000024
0 0.450625 0.775115 0.08625000000000005 0.09032200000000001
0 0.46687500000000004 0.5700464999999999 0.10749999999999998 0.061751
0 0.48375 0.43871000000000004 0.050000000000000044 0.10322599999999998
0 0.4971875 0.766359 0.07437500000000002 0.05437800000000004
0 0.5284375 0.446544 0.080625 0.023042000000000007
0 0.5315624999999999 0.7585255 0.07562499999999994 0.06635899999999995
0 0.549375 0.6198155000000001 0.09124999999999994 0.03041499999999997
0 0.5340625 0.691705 0.034375000000000044 0.10599000000000003
0 0.569375 0.470968 0.09625000000000006 0.07004599999999994
0 0.5775 0.8248850000000001 0.10125000000000006 0.047926000000000024
0 0.5403125 0.3714285 0.024375000000000036 0.06820300000000001
0 0.5840624999999999 0.45023 0.10562499999999997 0.10783399999999999
0 0.599375 0.3235025 0.053749999999999964 0.07373299999999999
0 0.604375 0.635023 0.050000000000000044 0.097696
0 0.6487499999999999 0.405069 0.06999999999999995 0.058064000000000004
0 0.6675 0.28341 0.04875000000000007 0.05253399999999997
0 0.6653125 0.343318 0.026874999999999982 0.09861799999999998
0 0.7050000000000001 0.4364055 0.04749999999999999 0.11705100000000002
0 0.700625 0.315668 0.028749999999999942 0.09124399999999999
0 0.745 0.3248845 0.06000000000000005 0.041474999999999984
0 0.766875 0.447465 0.05500000000000005 0.03225800000000001
0 0.8106249999999999 0.37419349999999996 0.04874999999999996 0.09032299999999999
