0 0.01125 0.7579165000000001 0.015 0.02083299999999999
0 0.0171875 0.8170835 0.011875 0.025832999999999995
0 0.0184375 0.8629165 0.014374999999999999 0.02416700000000005
0 0.0365625 0.2554165 0.016874999999999998 0.035833000000000004
0 0.04625 0.8245830000000001 0.03125 0.02749999999999997
0 0.0659375 0.5974999999999999 0.019374999999999996 0.01666599999999996
0 0.07125000000000001 0.8470835 0.013749999999999998 0.02416700000000005
0 0.0746875 0.745417 0.015625 0.01750000000000007
0 0.0809375 0.3691665 0.015625 0.011666999999999983
0 0.1440625 0.48541650000000003 0.023125000000000007 0.024166999999999994
0 0.1909375 0.8016665000000001 0.015625 0.011666999999999983
0 0.1953125 0.76125 0.016874999999999973 0.014166000000000012
0 0.8071875 0.52 0.020625000000000004 0.02833399999999997
0 0.8146875 0.5495835 0.023125000000000062 0.02416700000000005
0 0.8578125000000001 0.48124999999999996 0.02937500000000004 0.02250000000000002
0 0.900625 0.42333350000000003 0.03249999999999997 0.026667000000000052
0 0.9096875 0.49916649999999996 0.01937500000000003 0.013332999999999984
0 0.9246875 0.52625 0.018124999999999947 0.019166000000000016
0 0.9284375 0.48291649999999997 0.018124999999999947 0.01916699999999999
0 0.941875 0.4183335 0.030000000000000027 0.031667
0 0.9559375 0.50125 0.026874999999999982 0.03750000000000003
0 0.9896875 0.36583299999999996 0.01937500000000003 0.02999999999999997
0 0.9903125 0.504583 0.015625 0.017500000000000016
