0 0.0671875 0.1505625 0.134375 0.11726099999999999
0 0.1471875 0.874296 0.179375 0.17448399999999997
0 0.156875 0.4000935 0.19874999999999998 0.12101299999999998
0 0.1909375 0.15947450000000002 0.174375 0.075047
0 0.26125 0.085835 0.16624999999999998 0.05722399999999999
0 0.268125 0.6571294999999999 0.14 0.16791699999999998
0 0.34500000000000003 0.848499 0.20875000000000002 0.09287000000000001
0 0.334375 0.7157595 0.16375 0.09568500000000002
0 0.4090625 0.47748599999999997 0.18312499999999998 0.13883599999999996
0 0.4475 0.9071294999999999 0.24 0.05628500000000003
0 0.4603125 0.537523 0.236875 0.15197000000000005
0 0.5015624999999999 0.37757949999999996 0.188125 0.02720499999999998
0 0.5284375 0.737805 0.21687499999999998 0.13227
0 0.5884375 0.295497 0.18562500000000004 0.08255200000000001
0 0.6609375 0.4549715 0.16437500000000005 0.07504700000000003
0 0.7012499999999999 0.380394 0.20125000000000004 0.11726000000000003
0 0.701875 0.296435 0.16374999999999995 0.08818000000000004
0 0.75125 0.923546 0.17000000000000004 0.11538400000000004
0 0.7921875 0.2012195 0.23687500000000006 0.186679
0 0.8415625 0.35975599999999996 0.16937500000000005 0.10037599999999997
0 0.8787499999999999 0.420732 0.1925 0.10975599999999996
0 0.9034375 0.7790809999999999 0.18062500000000004 0.130394
0 0.9281250000000001 0.685272 0.14249999999999996 0.104128
0 0.9590624999999999 0.7485930000000001 0.08062500000000006 0.08067600000000008
0 0.98 0.456379 0.03875000000000006 0.05346999999999996
