0 0.016406 0.526042 0.032812 0.03125
0 0.088281 0.39791699999999997 0.01718800000000001 0.04999999999999999
0 0.213281 0.61875 0.10156200000000001 0.07083400000000006
0 0.4578125 0.526042 0.07500099999999998 0.03125
0 0.44375 0.2125 0.03437600000000002 0.016666000000000014
0 0.4453125 0.375 0.024998999999999993 0.029166000000000025
0 0.4898435 0.077083 0.02343699999999993 0.024999999999999994
0 0.5164065 0.15625 0.051563000000000025 0.03749999999999998
0 0.517969 0.34479150000000003 0.02343800000000007 0.027083000000000024
0 0.571094 0.3458335 0.057811999999999975 0.029167
0 0.6007815000000001 0.545833 0.11093699999999995 0.050000000000000044
0 0.7789065 0.18125 0.4390630000000001 0.3625
0 0.589844 0.020833499999999998 0.035938000000000025 0.020833
0 0.6382815 0.0958335 0.035937 0.05416699999999999
0 0.665625 0.1770835 0.0625 0.02083299999999999
0 0.7460935 0.2020835 0.03906299999999996 0.016666999999999987
0 0.7625005 0.0875 0.06562500000000004 0.041665999999999995
0 0.7539065 0.12916650000000002 0.017186999999999952 0.020833000000000018
0 0.7726565000000001 0.173958 0.05468700000000004 0.01874999999999999
0 0.7960940000000001 0.1135415 0.06093800000000005 0.035417000000000004
0 0.8585935 0.3364585 0.057813 0.022916999999999965
0 0.855469 0.24687499999999998 0.03906200000000004 0.022915999999999992
0 0.875 0.1020835 0.06875000000000009 0.029167000000000012
0 0.916406 0.235417 0.06718799999999991 0.024999999999999994
0 0.9656255 0.0791665 0.06562500000000004 0.041667
0 0.96875 0.17604150000000002 0.03125 0.014582999999999985
