0 0.050625 0.302083 0.055 0.03249999999999997
0 0.115 0.09125 0.037500000000000006 0.007500000000000007
0 0.1546875 0.2795835 0.018125000000000002 0.01916699999999999
0 0.1965625 0.5941665 0.078125 0.06166700000000003
0 0.238125 0.1270835 0.03999999999999998 0.030832999999999985
0 0.2503125 0.313333 0.01812500000000003 0.009999999999999953
0 0.3671875 0.5604165 0.026874999999999982 0.025832999999999995
0 0.379375 0.07999999999999999 0.03875000000000001 0.015
0 0.419375 0.947917 0.05125000000000002 0.022499999999999964
0 0.4453125 0.859167 0.07187500000000002 0.05499999999999994
0 0.438125 0.1654165 0.016249999999999987 0.014166999999999985
0 0.57375 0.4425 0.016249999999999987 0.013333999999999957
0 0.5834375 0.71625 0.008125000000000049 0.03749999999999998
0 0.6040625 0.335833 0.028125000000000067 0.04500000000000004
0 0.666875 0.945417 0.10499999999999998 0.03749999999999998
0 0.6859375 0.4529165 0.016874999999999973 0.030833
