0 0.0396875 0.37206 0.079375 0.13076200000000004
0 0.0478125 0.1020695 0.095625 0.204139
0 0.05625 0.725776 0.1125 0.11759200000000003
0 0.0690625 0.6194729999999999 0.08937500000000001 0.1044219999999999
0 0.1209375 0.8711195 0.16312500000000002 0.156161
0 0.1203125 0.555033 0.141875 0.163688
0 0.1178125 0.4619 0.076875 0.071496
0 0.1346875 0.167921 0.07812499999999999 0.09689600000000001
0 0.1496875 0.236124 0.08437499999999999 0.16745
0 0.1496875 0.6556915000000001 0.07937499999999999 0.08842899999999998
0 0.19718750000000002 0.4379115 0.06687499999999999 0.14957700000000007
0 0.229375 0.026811 0.09999999999999998 0.053622
0 0.2003125 0.21825 0.03187499999999999 0.13546599999999998
0 0.249375 0.11147699999999999 0.10500000000000001 0.14205
0 0.23062499999999997 0.34948250000000003 0.05124999999999999 0.10442100000000004
0 0.2715625 0.7615240000000001 0.12812500000000002 0.13452399999999998
0 0.291875 0.593603 0.14375000000000002 0.18062
0 0.3053125 0.2676385 0.116875 0.09313300000000002
0 0.320625 0.47412999999999994 0.14249999999999996 0.12041399999999997
0 0.301875 0.357479 0.10250000000000004 0.14111
0 0.29312499999999997 0.0644405 0.05375000000000002 0.128881
0 0.320625 0.575259 0.09875 0.12511799999999995
0 0.318125 0.118062 0.04999999999999999 0.125118
0 0.361875 0.7248355 0.09375 0.134525
0 0.345625 0.21354649999999997 0.05625000000000002 0.07714099999999999
0 0.396875 0.1067735 0.13874999999999998 0.213547
0 0.4309375 0.349012 0.203125 0.238946
0 0.374375 0.0211665 0.06 0.042333
0 0.468125 0.8993415 0.19874999999999998 0.13922900000000005
0 0.4303125 0.11712149999999999 0.11312499999999998 0.192851
0 0.48343749999999996 0.6721545 0.18062499999999998 0.19661299999999993
0 0.4671875 0.5 0.130625 0.13640600000000003
0 0.459375 0.0174035 0.04750000000000004 0.034807
0 0.528125 0.389464 0.15499999999999997 0.161806
0 0.5371874999999999 0.119003 0.12687499999999996 0.18908799999999998
0 0.545625 0.039511 0.13124999999999998 0.079022
0 0.543125 0.626999 0.09000000000000002 0.110066
0 0.6178125 0.7173095 0.22187500000000004 0.260583
0 0.6312500000000001 0.215428 0.20499999999999996 0.238946
0 0.5987499999999999 0.379586 0.09875 0.14205
0 0.624375 0.1067735 0.11375000000000002 0.12135499999999999
0 0.6978125 0.516463 0.23062499999999997 0.23141999999999996
0 0.649375 0.094073 0.08499999999999996 0.099718
0 0.770625 0.3311385 0.26750000000000007 0.231421
0 0.806875 0.1147695 0.27125 0.229539
0 0.8428125 0.696143 0.264375 0.15051800000000004
0 0.951875 0.4581375 0.09499999999999997 0.15992500000000004
0 0.9603125 0.3584195 0.078125 0.12793900000000002
0 0.97375 0.4299155 0.05125000000000002 0.18062099999999998
