0 0.58 0.286119 0.20500000000000002 0.479698
0 0.145 0.53966 0.05749999999999998 0.19735599999999998
0 0.26875000000000004 0.868744 0.03875000000000001 0.08120800000000006
0 0.5137499999999999 0.737016 0.04874999999999996 0.027384000000000075
0 0.5353125 0.761568 0.04562500000000003 0.033050000000000024
0 0.6690625 0.601511 0.026874999999999982 0.08120799999999995
0 0.724375 0.6142585 0.05499999999999994 0.029272999999999993
0 0.755 0.0868745 0.040000000000000036 0.050990999999999995
0 0.84375 0.8980170000000001 0.050000000000000044 0.10009400000000002
0 0.84875 0.08876300000000001 0.04249999999999998 0.026440000000000005
0 0.880625 0.081209 0.02124999999999999 0.06609999999999999
0 0.905625 0.16052850000000002 0.022499999999999964 0.022663000000000016
0 0.9378124999999999 0.12086849999999999 0.020625000000000004 0.028328999999999993
0 0.9606250000000001 0.14400400000000002 0.036250000000000004 0.044382000000000005
