0 0.065 0.6022514999999999 0.1 0.07692299999999996
0 0.16843750000000002 0.3297375 0.12562500000000001 0.05347099999999999
0 0.17375000000000002 0.5497185 0.07125000000000001 0.13696100000000005
0 0.261875 0.6918385 0.10500000000000001 0.11350899999999997
0 0.2678125 0.11303949999999999 0.060624999999999984 0.059099
0 0.3840625 0.276735 0.07187499999999997 0.08630399999999996
0 0.43374999999999997 0.456379 0.04624999999999996 0.038461999999999996
0 0.464375 0.5928705000000001 0.09499999999999997 0.06941900000000001
0 0.4371875 0.1824575 0.03187499999999999 0.094747
0 0.503125 0.731238 0.09750000000000003 0.06097600000000003
0 0.48187500000000005 0.08536600000000001 0.04250000000000004 0.12758
0 0.5534375 0.2753285 0.06562500000000004 0.04971900000000001
0 0.5621875000000001 0.8231705 0.07937500000000008 0.11350899999999997
0 0.6765625 0.347092 0.055624999999999925 0.08067599999999997
0 0.8221875000000001 0.4287055 0.08187500000000003 0.09756100000000001
0 0.8356250000000001 0.673077 0.09875 0.10600399999999999
0 0.836875 0.047842499999999996 0.05500000000000005 0.090057
