0 0.36843750000000003 0.3424015 0.28937500000000005 0.17073100000000002
0 0.1196875 0.7307695000000001 0.130625 0.20825499999999997
0 0.19374999999999998 0.317542 0.23875 0.104128
0 0.1975 0.4765475 0.10250000000000001 0.07504699999999992
0 0.270625 0.22232649999999998 0.15125 0.06378899999999998
0 0.3090625 0.6557225 0.11562500000000003 0.09568500000000002
0 0.3265625 0.5051595 0.12562500000000004 0.12288899999999997
0 0.4771875 0.6106940000000001 0.07187500000000008 0.15572200000000003
0 0.5109375 0.8334900000000001 0.09062500000000001 0.197936
0 0.54625 0.4957785 0.10375000000000001 0.17729899999999993
0 0.6084375 0.6393059999999999 0.078125 0.21294599999999997
0 0.6934374999999999 0.446998 0.18937499999999996 0.13602200000000003
0 0.70875 0.85788 0.15625 0.17729799999999996
0 0.7306250000000001 0.6374295 0.11750000000000005 0.201689
