0 0.1703125 0.775 0.130625 0.15500000000000003
0 0.1328125 0.94375 0.02187499999999999 0.030834000000000028
0 0.1453125 0.9629165 0.02562499999999998 0.02083299999999999
0 0.2096875 0.6725 0.13937499999999997 0.09166600000000003
0 0.24343749999999997 0.798333 0.134375 0.10499999999999998
0 0.198125 0.9504165 0.028749999999999998 0.030833
0 0.273125 0.7316665 0.07499999999999998 0.05166699999999991
0 0.484375 0.3604165 0.35125 0.49916699999999997
0 0.330625 0.825 0.03249999999999997 0.020000000000000018
0 0.3403125 0.6470835 0.02562500000000001 0.025832999999999995
0 0.36406249999999996 0.86375 0.06562499999999999 0.03583400000000003
0 0.353125 0.9220835000000001 0.03125 0.015833000000000097
0 0.353125 0.68375 0.028749999999999998 0.02083400000000002
0 0.36624999999999996 0.942083 0.03875000000000001 0.02750000000000008
0 0.36812500000000004 0.6966669999999999 0.027500000000000024 0.015000000000000013
0 0.37375 0.6504165 0.03875000000000001 0.019167000000000045
0 0.3659375 0.802917 0.02062499999999995 0.02750000000000008
0 0.4165625 0.7083335 0.10312500000000002 0.15333300000000005
0 0.3828125 0.812083 0.030625000000000013 0.03249999999999997
0 0.3871875 0.934167 0.02437499999999998 0.015000000000000013
0 0.4065625 0.8258335 0.021874999999999978 0.021667000000000103
0 0.40718750000000004 0.927083 0.023125000000000007 0.022499999999999964
0 0.4603125 0.6520835 0.030625000000000013 0.019167000000000045
0 0.49312500000000004 0.74125 0.04250000000000004 0.03249999999999997
0 0.49093749999999997 0.6466665 0.021874999999999978 0.018333000000000044
0 0.5171875 0.7629170000000001 0.05187499999999995 0.02749999999999997
0 0.54375 0.8129165 0.04500000000000004 0.010832999999999982
0 0.5565625000000001 0.7929165 0.05312499999999998 0.029166999999999943
0 0.5784374999999999 0.8329165000000001 0.016875000000000084 0.019167000000000045
0 0.676875 0.665 0.19500000000000006 0.10333400000000004
