0 0.10058600000000001 0.299701 0.027343999999999993 0.055305999999999966
0 0.344238 0.4925265 0.05175799999999997 0.037368999999999986
0 0.3378905 0.246637 0.025390999999999997 0.04185400000000003
0 0.36816400000000005 0.3101645 0.041016 0.040359000000000034
0 0.388672 0.606876 0.03515600000000002 0.05381199999999997
0 0.416504 0.16442449999999997 0.014647999999999994 0.041853
0 0.48291 0.3863975 0.05957000000000001 0.04334899999999997
0 0.5190425000000001 0.4947685 0.04003900000000005 0.05680099999999999
0 0.558594 0.461136 0.03125 0.034379999999999966
0 0.5668949999999999 0.3804185 0.024414000000000047 0.04334899999999997
0 0.583008 0.2092675 0.02343799999999996 0.023916999999999994
