0 0.678812 0.5952385 0.137652 0.099379
0 0.2580975 0.32401650000000004 0.09784100000000001 0.03519699999999998
0 0.2746285 0.492236 0.09986499999999998 0.065218
0 0.4035085 0.440476 0.105263 0.054866000000000026
0 0.47874500000000003 0.34782599999999997 0.08704400000000001 0.04347799999999996
0 0.6261810000000001 0.6909935 0.13225399999999998 0.06521699999999997
0 0.714575 0.818323 0.12415600000000004 0.07142800000000005
0 0.8326585 0.6449275000000001 0.10931100000000005 0.051759
0 0.8387315 0.4689445 0.10661299999999996 0.037266999999999995
0 0.8535765 0.8291925 0.13360300000000003 0.05383099999999996
0 0.88529 0.703416 0.12145800000000007 0.065218
0 0.8923749999999999 0.9642855 0.12348199999999998 0.06314700000000006
0 0.925101 0.765528 0.021591999999999945 0.01966800000000002
0 0.9817815000000001 0.8618015 0.03508699999999998 0.03209100000000009
0 0.987179 0.7355075 0.022942000000000018 0.019668999999999937
