0 0.0194445 0.501397 0.035185 0.030725999999999976
0 0.037963 0.3645255 0.061112 0.03631300000000004
0 0.041666499999999995 0.793296 0.061111 0.0502800000000001
0 0.0398145 0.308659 0.016667 0.030725999999999976
0 0.0805555 0.4539105 0.03888900000000001 0.03631300000000004
0 0.101852 0.7220675000000001 0.05185200000000001 0.07541900000000001
0 0.1055555 0.984637 0.059259000000000006 0.02513999999999994
0 0.0972225 0.33379899999999996 0.035184999999999994 0.025139999999999996
0 0.1185185 0.8170390000000001 0.059259000000000006 0.04189999999999994
0 0.13611099999999998 0.560056 0.053704 0.04190000000000005
0 0.13425900000000002 0.31703950000000003 0.027777999999999997 0.05865899999999996
0 0.1444445 0.4385475 0.029629000000000016 0.039107
0 0.1537035 0.37988849999999996 0.01111100000000001 0.05027900000000002
0 0.172222 0.310056 0.029630000000000017 0.033519999999999994
0 0.17870350000000002 0.3910615 0.035184999999999994 0.033518999999999965
0 0.174074 0.349162 0.018518000000000007 0.03910600000000003
0 0.2259255 0.43435749999999995 0.03703699999999999 0.030727000000000004
0 0.2435185 0.586592 0.053703 0.033519999999999994
0 0.237037 0.36592199999999997 0.033333999999999975 0.03910600000000003
0 0.251852 0.4120115 0.025926000000000032 0.05865899999999996
0 0.275 0.47625700000000004 0.03888799999999998 0.04189999999999999
0 0.300926 0.4441345 0.04999999999999999 0.027932999999999986
0 0.2962965 0.2877095 0.03703699999999999 0.033518999999999965
0 0.29814799999999997 0.5600555 0.02222200000000002 0.05865900000000002
0 0.30277750000000003 0.4148045 0.012963000000000002 0.041898999999999964
0 0.3472225 0.72905 0.08333299999999999 0.07262599999999997
0 0.3185185 0.4594975 0.011110999999999982 0.03631300000000004
0 0.328704 0.405028 0.02407400000000004 0.044691999999999954
0 0.3416665 0.4818435 0.012963000000000002 0.081005
0 0.3564815 0.416201 0.04259299999999999 0.033519999999999994
0 0.36851849999999997 0.400838 0.033333 0.025139999999999996
0 0.385185 0.3044695 0.05185200000000001 0.05027899999999996
0 0.38888900000000004 0.761173 0.02962999999999999 0.04190000000000005
0 0.47592599999999996 0.3393855 0.044443999999999984 0.030727000000000004
0 0.489815 0.361732 0.053703999999999974 0.05307200000000001
0 0.5518514999999999 0.18296099999999998 0.06296299999999999 0.047486
0 0.577778 0.3128495 0.05555599999999994 0.05027899999999996
0 0.5842590000000001 0.37290500000000004 0.046296000000000004 0.05865999999999999
0 0.6120369999999999 0.379888 0.057408000000000015 0.033519999999999994
0 0.6296295000000001 0.1927375 0.05555499999999991 0.078213
0 0.712037 0.3980445 0.061111999999999944 0.041898999999999964
0 0.7055555 0.33100549999999995 0.04444500000000007 0.036312999999999984
0 0.7231485 0.515363 0.061111000000000026 0.06424600000000003
0 0.7425925 0.5977655 0.040740999999999916 0.050279000000000074
0 0.793519 0.805866 0.050000000000000044 0.06424600000000003
0 0.8148150000000001 0.4148045 0.025926000000000005 0.041898999999999964
0 0.8574075 0.7402235 0.07777699999999999 0.05027899999999996
0 0.888889 0.618715 0.07407399999999997 0.058659999999999934
0 0.9277774999999999 0.7835195 0.06296299999999999 0.081005
0 0.9592590000000001 0.460894 0.07777800000000001 0.05028000000000005
