0 0.537445 0.6068285 0.343612 0.37885499999999994
0 0.0293685 0.3122245 0.022027 0.01872299999999999
0 0.0624085 0.29185 0.008811 0.02202599999999999
0 0.0671805 0.326542 0.012480999999999999 0.01651999999999998
0 0.075991 0.4526435 0.012481999999999993 0.030837000000000003
0 0.15859 0.4102425 0.033774 0.02753300000000003
0 0.187959 0.046255500000000005 0.013215999999999978 0.028635
0 0.216226 0.2995595 0.03597600000000001 0.022026999999999963
0 0.2522025 0.247247 0.02569699999999997 0.051761999999999975
0 0.5631425 0.857379 0.01908899999999991 0.029735999999999985
0 0.5844345 0.1079295 0.04405300000000001 0.030837000000000003
0 0.608297 0.7769824999999999 0.03450799999999998 0.04955900000000002
0 0.8832599999999999 0.49724650000000004 0.04111600000000004 0.04295100000000002
