0 0.4496875 0.15337699999999999 0.27312500000000006 0.237336
0 0.05 0.12242 0.1 0.169794
0 0.100625 0.0515945 0.20125 0.103189
0 0.18375 0.6252345 0.11625000000000002 0.08724299999999996
0 0.3115625 0.5492495 0.329375 0.254221
0 0.3571875 0.03424 0.08187500000000003 0.06848
0 0.474375 0.8287990000000001 0.15999999999999998 0.12476600000000004
0 0.4821875 0.5905255 0.09312500000000007 0.08348900000000004
0 0.5662499999999999 0.022514 0.19499999999999995 0.045028
0 0.5565625000000001 0.3316135 0.09562499999999996 0.11913699999999999
0 0.548125 0.17260799999999998 0.06125000000000003 0.06941800000000001
0 0.6871875000000001 0.275328 0.12187500000000007 0.263602
