0 0.365625 0.5960635 0.14125000000000004 0.03936300000000004
0 0.36124999999999996 0.6780695 0.10749999999999998 0.10028100000000006
0 0.3325 0.5820055 0.03750000000000003 0.01499499999999998
0 0.34875 0.5665415 0.06 0.04592300000000005
0 0.3725 0.5571695 0.057499999999999996 0.05154700000000001
0 0.4175 0.6504220000000001 0.125 0.07310199999999989
0 0.41875 0.555295 0.057499999999999996 0.042173999999999934
0 0.49124999999999996 0.610122 0.14749999999999996 0.0880979999999999
0 0.4625 0.5688845 0.08500000000000002 0.06560500000000002
0 0.48562500000000003 0.5276475 0.06625000000000003 0.06935300000000005
0 0.588125 0.6068415 0.09624999999999995 0.04592300000000005
