0 0.27685550000000003 0.1660155 0.147461 0.102865
0 0.0214845 0.8404945 0.042969 0.019530999999999965
0 0.04541 0.2395835 0.09082 0.05208299999999999
0 0.0473635 0.7845055 0.063477 0.019530999999999965
0 0.2670895 0.3541665 0.09863300000000003 0.05468700000000004
0 0.35888699999999996 0.5221355000000001 0.08691399999999999 0.02343700000000004
0 0.36328150000000003 0.3971355 0.09570300000000004 0.044271000000000005
0 0.4277345 0.048828 0.07226499999999997 0.097656
0 0.5063475000000001 0.4082035 0.06542900000000001 0.048177000000000025
0 0.519531 0.27474 0.08007800000000004 0.059896000000000005
0 0.5253905 0.357422 0.08789099999999994 0.06640600000000002
0 0.563965 0.4628905 0.14160200000000006 0.07161499999999998
0 0.6450195000000001 0.42513 0.17089900000000002 0.12109400000000003
0 0.595215 0.09505200000000001 0.06542999999999999 0.07552
0 0.604004 0.813802 0.05957000000000001 0.06510400000000005
0 0.68457 0.41862 0.125 0.08723999999999998
0 0.655762 0.26171849999999997 0.06542999999999999 0.054686999999999986
0 0.6689449999999999 0.32486950000000003 0.07617200000000002 0.14192699999999997
0 0.709473 0.779297 0.06933600000000006 0.055989999999999984
0 0.7382815 0.722005 0.07421900000000003 0.053385999999999934
0 0.737793 0.6061194999999999 0.04980399999999996 0.045572999999999975
0 0.739746 0.0253905 0.04980399999999996 0.050781
0 0.824219 0.3834635 0.12890599999999997 0.07682299999999997
0 0.7841795 0.7428385 0.042969000000000035 0.045572999999999975
0 0.7963865 0.6380205000000001 0.063477 0.05208299999999999
0 0.8183595 0.8932295 0.05468699999999993 0.04427099999999995
0 0.8671875 0.5579430000000001 0.10156300000000007 0.06380200000000003
0 0.882812 0.530599 0.125 0.055989999999999984
0 0.873047 0.703776 0.06835999999999998 0.058593999999999924
0 0.8745115 0.8541665 0.0498050000000001 0.07552100000000006
0 0.905762 0.7890625 0.07324199999999992 0.05989500000000003
0 0.9355469999999999 0.9153645 0.11132799999999998 0.07552099999999995
0 0.9282225 0.1328125 0.07714900000000002 0.07291700000000001
0 0.9487305 0.68099 0.092773 0.06510400000000005
0 0.9511715000000001 0.876302 0.09570299999999998 0.09114599999999995
0 0.955566 0.628906 0.08300799999999997 0.09114600000000006
0 0.9785155 0.261719 0.041015000000000024 0.03906200000000001
0 0.9824215000000001 0.49023400000000006 0.029297000000000017 0.03515600000000002
