0 0.7203124999999999 0.20753149999999998 0.20937499999999998 0.12719699999999998
0 0.021875 0.4702925 0.04375 0.05188300000000001
0 0.026875 0.384937 0.05375 0.06359799999999999
0 0.0365625 0.076987 0.073125 0.065272
0 0.073125 0.3288705 0.14625 0.11380699999999999
0 0.1015625 0.6543935000000001 0.203125 0.254393
0 0.13875 0.0635985 0.2775 0.127197
0 0.1325 0.1953975 0.21125 0.191631
0 0.19406250000000003 0.47154850000000004 0.23437500000000003 0.158159
0 0.15031250000000002 0.9698745 0.10062499999999999 0.05857699999999999
0 0.24093749999999997 0.7577404999999999 0.18687499999999999 0.14811699999999994
0 0.251875 0.580335 0.17250000000000001 0.10627599999999993
0 0.2778125 0.3974895 0.18562499999999998 0.12050300000000003
0 0.27 0.6008370000000001 0.13874999999999998 0.10376599999999991
0 0.3328125 0.380753 0.244375 0.12385000000000002
0 0.39937500000000004 0.2748955 0.26125000000000004 0.149791
0 0.44375000000000003 0.132636 0.29625 0.154812
0 0.44875000000000004 0.773222 0.275 0.286192
0 0.45375 0.6748955 0.22375000000000006 0.16820100000000004
0 0.5040625 0.2514645 0.24437499999999995 0.193305
0 0.4984375 0.2598325 0.19937500000000002 0.08619299999999999
0 0.5215624999999999 0.5062765 0.18937499999999996 0.11715499999999995
0 0.4984375 0.4158995 0.10437500000000005 0.043515000000000026
0 0.5946875 0.6506275 0.18937499999999996 0.08284500000000006
0 0.7265625 0.527615 0.244375 0.221758
0 0.71 0.6179915 0.1925 0.14811700000000005
0 0.7153125 0.6464435 0.19562499999999994 0.16652699999999998
0 0.7178125 0.9096235 0.15937499999999993 0.179079
0 0.756875 0.049791 0.19125000000000003 0.099582
0 0.7975 0.1100415 0.1875 0.21338900000000002
0 0.8503125 0.8585775 0.229375 0.16401700000000008
0 0.8831249999999999 0.4870295 0.23250000000000004 0.172385
0 0.934375 0.2514645 0.13 0.09623500000000001
0 0.9678125 0.497071 0.06312499999999999 0.06359799999999993
0 0.98 0.352301 0.036250000000000004 0.06359799999999999
0 0.9834375 0.83682 0.03187499999999999 0.04853599999999991
