0 0.0298295 0.5 0.059659 0.23106000000000004
0 0.0397725 0.6761360000000001 0.079545 0.12121199999999999
0 0.0518465 0.867424 0.103693 0.26136400000000004
0 0.0625 0.357955 0.125 0.375
0 0.0916195 0.1732955 0.183239 0.206439
0 0.127841 0.095644 0.255682 0.16856
0 0.105824 0.3276515 0.149148 0.257575
0 0.3288355 0.6183715 0.589489 0.456439
0 0.40625 0.429924 0.630682 0.31818199999999996
0 0.34446 0.7793559999999999 0.50142 0.308712
0 0.328125 0.9185605 0.46591000000000005 0.1590910000000001
0 0.29261400000000004 0.069129 0.349432 0.138258
0 0.2741475 0.28125 0.278409 0.24053000000000002
0 0.262784 0.1875 0.24431799999999998 0.155304
0 0.327415 0.032197 0.14346599999999998 0.064394
0 0.4978695 0.8873105 0.373579 0.2215910000000001
0 0.503551 0.6287879999999999 0.30823799999999996 0.19696999999999998
0 0.59446 0.8096589999999999 0.36221600000000004 0.27462200000000003
0 0.572443 0.0539775 0.23863599999999996 0.107955
0 0.6605115 0.241477 0.267045 0.25189399999999995
0 0.6946025 0.2234845 0.22727300000000006 0.272727
0 0.7372160000000001 0.5757574999999999 0.25852200000000003 0.19318099999999994
0 0.762784 0.711174 0.26988600000000007 0.17992399999999997
0 0.743608 0.399621 0.18039799999999995 0.24242399999999997
0 0.7627839999999999 0.26799249999999997 0.201704 0.331439
0 0.731534 0.036932 0.125 0.073864
0 0.8011365 0.9583335 0.264205 0.07954500000000009
0 0.8018465 0.8352275 0.25994300000000004 0.166667
0 0.808949 0.2613635 0.25142 0.32954500000000003
0 0.8572445 0.095644 0.282671 0.191288
0 0.8366475 0.5104165 0.14772699999999994 0.15340900000000002
0 0.9069605000000001 0.9356059999999999 0.18323900000000004 0.10984800000000006
0 0.9190345 0.808712 0.15909099999999998 0.16666599999999998
0 0.900568 0.6051135000000001 0.107954 0.09659099999999998
0 0.9332389999999999 0.7045455 0.13068200000000008 0.1704549999999999
0 0.9410514999999999 0.5 0.11505700000000008 0.06060599999999999
0 0.9438925 0.2973485 0.109375 0.234849
0 0.9446025 0.440341 0.10795500000000002 0.107954
0 0.951705 0.590909 0.09375 0.174242
0 0.9630685 0.214962 0.07102300000000006 0.14204599999999998
