0 0.0315625 0.5717665000000001 0.063125 0.04258700000000004
0 0.0878125 0.6549685000000001 0.06562499999999999 0.027602999999999933
0 0.12875 0.5082805 0.12 0.11908499999999994
0 0.17625000000000002 0.9018135 0.215 0.145899
0 0.18906250000000002 0.723975 0.178125 0.04416399999999998
0 0.2140625 0.3631705 0.114375 0.06545699999999999
0 0.2471875 0.490142 0.14437500000000003 0.04495199999999999
0 0.22249999999999998 0.7310730000000001 0.0875 0.04416399999999998
0 0.27375 0.617508 0.07750000000000001 0.07886399999999993
0 0.3153125 0.436909 0.14687499999999998 0.04416399999999998
0 0.35062499999999996 0.19164 0.10625000000000001 0.026814000000000004
0 0.38656250000000003 0.3521295 0.12687500000000002 0.04968499999999998
0 0.420625 0.7085965000000001 0.13499999999999995 0.10646699999999998
0 0.41593749999999996 0.6305205 0.12312499999999998 0.10488900000000001
0 0.4465625 0.536672 0.161875 0.04810799999999993
0 0.4025 0.46451149999999997 0.057499999999999996 0.055205000000000004
0 0.4425 0.229495 0.10250000000000004 0.03470000000000001
0 0.4853125 0.473186 0.125625 0.04100999999999999
0 0.5384375 0.5891165 0.17687499999999995 0.09463699999999997
0 0.5284375 0.4112775 0.11812500000000004 0.04810700000000001
0 0.5425 0.3903785 0.12000000000000005 0.023658999999999986
0 0.569375 0.3020505 0.17000000000000004 0.03943300000000005
0 0.5762499999999999 0.407729 0.15125 0.048895999999999995
0 0.6565624999999999 0.47279150000000003 0.22187499999999993 0.048106999999999955
0 0.6290625 0.5398265 0.161875 0.06545699999999999
0 0.625 0.475158 0.10499999999999998 0.06388000000000005
0 0.6359375 0.321767 0.12437500000000001 0.04416400000000004
0 0.6378125 0.35015799999999997 0.09812500000000002 0.053627999999999953
0 0.6368750000000001 0.4298105 0.07874999999999999 0.03785500000000003
0 0.6646875 0.23462100000000002 0.13187499999999996 0.04179800000000003
0 0.684375 0.583202 0.14750000000000008 0.06545800000000002
0 0.691875 0.5102525 0.13749999999999996 0.05520499999999995
0 0.7096875 0.4077285 0.08562499999999995 0.03785499999999997
0 0.7396875 0.42586749999999995 0.14312500000000006 0.055205000000000004
0 0.781875 0.6569404999999999 0.20875 0.05520500000000006
0 0.775625 0.229495 0.10375000000000001 0.026814000000000004
0 0.7928124999999999 0.5055205 0.11562499999999998 0.03785500000000003
0 0.7953125 0.195189 0.055625000000000036 0.033912
0 0.8859375 0.2973185 0.15812499999999996 0.05993700000000002
0 0.895625 0.1849365 0.16625 0.062303
0 0.9181250000000001 0.520505 0.16249999999999998 0.06151400000000001
0 0.91875 0.6648265 0.16125 0.05362699999999998
0 0.9237500000000001 0.481861 0.15125 0.05362800000000001
0 0.94125 0.6072555 0.11624999999999996 0.0441649999999999
0 0.961875 0.4499215 0.07500000000000007 0.03075699999999998
