0 0.3596875 0.53 0.109375 0.15999999999999998
0 0.0653125 0.32375 0.025625000000000002 0.02083400000000002
0 0.166875 0.44166700000000003 0.035 0.02999999999999997
0 0.1740625 0.5504169999999999 0.02562500000000001 0.032500000000000084
0 0.18343749999999998 0.39249999999999996 0.016875 0.034999999999999976
0 0.1928125 0.60625 0.029374999999999984 0.02083400000000002
0 0.24031249999999998 0.4529165 0.024375000000000008 0.030833
0 0.24031249999999998 0.5208335 0.016875 0.033332999999999946
0 0.2521875 0.58875 0.029374999999999984 0.02750000000000008
0 0.2740625 0.5683335 0.019374999999999976 0.016666999999999987
0 0.2825 0.0225 0.03624999999999995 0.045
0 0.32718749999999996 0.59125 0.026875000000000038 0.022500000000000075
0 0.7075 0.4395835 0.028750000000000053 0.029167
0 0.7790625 0.305 0.05312500000000009 0.04833399999999999
0 0.8315625 0.447083 0.013125000000000053 0.022499999999999964
0 0.9146875 0.30208349999999995 0.01187500000000008 0.03916700000000001
