0 0.0703125 0.500833 0.140625 0.14499999999999996
0 0.06875 0.5916665 0.1225 0.09166699999999994
0 0.18062499999999998 0.43208349999999995 0.11374999999999999 0.07583299999999998
0 0.335625 0.335 0.12124999999999997 0.066666
0 0.31875 0.7970835000000001 0.07749999999999996 0.0791670000000001
0 0.7093750000000001 0.5991664999999999 0.25625 0.12166700000000008
0 0.6615625 0.374583 0.05312499999999998 0.16749999999999998
0 0.765625 0.7308334999999999 0.10375000000000001 0.053332999999999964
0 0.8928125 0.6120835 0.13812500000000005 0.0741670000000001
0 0.8946875 0.48124999999999996 0.14187499999999997 0.11583399999999994
0 0.8709374999999999 0.76625 0.02937500000000004 0.134166
