0 0.475047 0.621875 0.396422 0.1775
0 0.061676 0.0521875 0.123352 0.104375
0 0.210923 0.7246874999999999 0.421846 0.17437500000000006
0 0.148776 0.439375 0.14877600000000002 0.14125
0 0.31497200000000003 0.4965625 0.326742 0.12937500000000002
0 0.4449155 0.8553125 0.328625 0.28812499999999996
0 0.7387005 0.8578125000000001 0.509417 0.249375
0 0.7471749999999999 0.830625 0.34745799999999993 0.2287499999999999
0 0.8145005000000001 0.618125 0.24482100000000007 0.18625000000000003
0 0.8841805 0.45406250000000004 0.22975500000000004 0.12187500000000001
0 0.8968925 0.561875 0.20433100000000004 0.09749999999999992
0 0.9369115 0.3603125 0.12429299999999999 0.114375
0 0.971751 0.189375 0.05461400000000005 0.09375
