0 0.0278125 0.7697 0.055625 0.11163200000000006
0 0.2209375 0.502345 0.23312500000000003 0.19418400000000002
0 0.2584375 0.2833025 0.135625 0.163227
0 0.304375 0.856473 0.13875000000000004 0.17635999999999996
0 0.3190625 0.074578 0.13437499999999997 0.149156
0 0.4246875 0.4427765 0.07687500000000003 0.13883699999999993
0 0.4709375 0.781426 0.11312499999999998 0.28142600000000006
0 0.5146875 0.3109755 0.12312500000000004 0.10225099999999998
0 0.50625 0.0619135 0.08374999999999999 0.123827
0 0.605 0.530019 0.09624999999999995 0.22138799999999997
0 0.6453125 0.8738275 0.11812499999999992 0.08911899999999995
0 0.6715625000000001 0.075516 0.11687499999999995 0.09287000000000001
0 0.7740625 0.44746699999999995 0.13937500000000003 0.13133199999999995
0 0.7746875 0.9418385 0.06937499999999996 0.09380900000000003
0 0.8343750000000001 0.7598499999999999 0.15000000000000002 0.15384600000000004
0 0.8162499999999999 0.2331145 0.09124999999999994 0.25422100000000003
0 0.8728125 0.0187615 0.12937500000000002 0.037523
0 0.9771875 0.553471 0.04437500000000005 0.10131400000000002
