0 0.0784375 0.5820825000000001 0.128125 0.11913699999999994
0 0.0875 0.0797375 0.03874999999999999 0.07692299999999999
0 0.25406249999999997 0.4075985 0.11812499999999998 0.13039300000000004
0 0.3334375 0.283771 0.06687500000000002 0.20168799999999998
0 0.375 0.154315 0.09624999999999995 0.192308
0 0.3940625 0.5717639999999999 0.12687500000000002 0.10975600000000008
0 0.370625 0.033771 0.020000000000000018 0.067542
0 0.48375 0.19606 0.04749999999999993 0.213884
0 0.495 0.6594745 0.058750000000000024 0.07317099999999999
0 0.503125 0.619137 0.057499999999999996 0.061913999999999914
0 0.5025 0.849906 0.03375000000000006 0.06941800000000009
0 0.5146875 0.773921 0.041874999999999996 0.133208
0 0.5390625 0.6266415000000001 0.03687499999999999 0.06941900000000001
0 0.5384374999999999 0.7115385000000001 0.030625000000000013 0.08536500000000002
0 0.57375 0.8738275 0.06499999999999995 0.05159500000000006
0 0.5603125 0.6913695 0.03312500000000007 0.05628500000000003
0 0.5796874999999999 0.8517825 0.020625000000000004 0.07692300000000007
0 0.6312500000000001 0.16979349999999999 0.057499999999999996 0.08067500000000002
0 0.700625 0.5511255 0.09124999999999994 0.05909900000000001
