0 0.0684375 0.716501 0.03437500000000001 0.028536000000000006
0 0.116875 0.6743174999999999 0.03749999999999999 0.045904999999999974
0 0.188125 0.646402 0.03874999999999998 0.03473999999999999
0 0.2440625 0.627171 0.02437499999999998 0.038461999999999996
0 0.3028125 0.6389575000000001 0.03687499999999999 0.019850999999999952
0 0.37906249999999997 0.6501239999999999 0.030624999999999958 0.03225800000000001
0 0.48281250000000003 0.787221 0.04062500000000002 0.038461999999999996
0 0.5671875 0.8281635 0.030625000000000013 0.023572999999999955
0 0.5865625 0.7915635000000001 0.02562500000000001 0.019850999999999952
0 0.600625 0.7171215 0.036250000000000004 0.029777000000000053
0 0.6396875 0.6172455 0.03187499999999999 0.03846100000000008
0 0.6475 0.7289085 0.03249999999999997 0.023572999999999955
0 0.6628125 0.78598 0.034375000000000044 0.02605400000000002
0 0.6659375000000001 0.6563275 0.038125000000000075 0.019850999999999952
0 0.6890625 0.7040945000000001 0.02562500000000001 0.04094300000000006
