0 0.6468750000000001 0.24125000000000002 0.10999999999999999 0.099166
0 0.0825 0.1333335 0.048749999999999995 0.03666699999999999
0 0.279375 0.665833 0.04249999999999998 0.050000000000000044
0 0.30656249999999996 0.78 0.07937500000000003 0.06000000000000005
0 0.2846875 0.2229165 0.03187499999999999 0.030833
0 0.2878125 0.17625000000000002 0.018125000000000002 0.024165999999999993
0 0.37687499999999996 0.1695835 0.11125000000000002 0.08083299999999999
0 0.3465625 0.623333 0.03187499999999999 0.050000000000000044
0 0.4396875 0.08708350000000001 0.014375000000000027 0.02583300000000001
0 0.561875 0.73625 0.15250000000000008 0.124166
0 0.5178125 0.218333 0.06187499999999996 0.09999999999999998
0 0.6287499999999999 0.08583350000000001 0.026249999999999996 0.06166700000000001
0 0.7696875 0.18916699999999997 0.08812500000000001 0.09
0 0.7715625 0.3020835 0.07937499999999997 0.07416699999999998
