0 0.1508785 0.778646 0.02246100000000001 0.02604200000000001
0 0.275391 0.592448 0.03125 0.03385400000000005
0 0.29296849999999997 0.38346349999999996 0.01171899999999998 0.01953100000000002
0 0.3066405 0.934896 0.025390999999999997 0.02343799999999996
0 0.30908199999999997 0.6458335 0.012695999999999985 0.04166700000000001
0 0.3256835 0.452474 0.010743000000000003 0.019531999999999994
0 0.3486325 0.671875 0.01953100000000002 0.0364580000000001
0 0.41064449999999997 0.44661449999999997 0.11816500000000002 0.13281299999999996
0 0.498535 0.3795575 0.22168 0.19661499999999998
0 0.4047855 0.6145835 0.026366999999999974 0.04947899999999994
0 0.4541015 0.5397135 0.019530999999999965 0.024738999999999955
0 0.4682615 0.6445315 0.016600999999999977 0.04166700000000001
0 0.47216800000000003 0.533854 0.02441399999999999 0.02343799999999996
0 0.505371 0.6770835 0.038086000000000064 0.05729100000000009
0 0.5073245 0.5527344999999999 0.026366999999999974 0.045572999999999975
0 0.5463865 0.5540365 0.02636700000000003 0.042968999999999924
0 0.5717775 0.8847655 0.061522999999999994 0.055989000000000066
0 0.6181645 0.8040365 0.0644530000000001 0.048177000000000025
0 0.6220705 0.7298175 0.05468700000000004 0.040364999999999984
0 0.612793 0.561849 0.02050799999999997 0.035156000000000076
0 0.6215820000000001 0.5201819999999999 0.03417999999999999 0.029947999999999975
0 0.6411135 0.541667 0.03613299999999997 0.03385400000000005
0 0.6386715 0.442708 0.015625 0.033853999999999995
0 0.6469725 0.48307300000000003 0.022460999999999953 0.03906200000000004
0 0.648926 0.44205700000000003 0.01074200000000003 0.02994800000000003
0 0.6743165 0.9694015 0.018554999999999988 0.045572999999999975
0 0.681641 0.559245 0.03125 0.053385999999999934
0 0.7055665 0.90625 0.032227000000000006 0.0364580000000001
0 0.7148435 0.88737 0.042969000000000035 0.061198000000000086
0 0.7265625 0.6373694999999999 0.05468699999999993 0.048177000000000025
0 0.7353514999999999 0.594401 0.025391000000000052 0.032552000000000025
0 0.7358395 0.7141930000000001 0.02636700000000003 0.029947999999999975
0 0.8442385 0.6627605 0.022461000000000064 0.02604099999999998
0 0.9331054999999999 0.969401 0.07324300000000006 0.058593999999999924
