0 0.46906250000000005 0.1533775 0.16312500000000002 0.121013
0 0.0665625 0.6144465 0.133125 0.15009300000000003
0 0.05125 0.28752350000000004 0.051250000000000004 0.023453
0 0.059375 0.503752 0.03 0.06378999999999996
0 0.0690625 0.174953 0.03312500000000001 0.029079999999999995
0 0.0946875 0.06379 0.015625 0.024389999999999995
0 0.1490625 0.15619149999999998 0.053125000000000006 0.040336999999999984
0 0.1509375 0.480769 0.045625 0.040337999999999985
0 0.1459375 0.606942 0.015625 0.015009999999999968
0 0.16593750000000002 0.580206 0.02687500000000001 0.042213999999999974
0 0.194375 0.13930599999999999 0.04125000000000001 0.04971800000000001
0 0.19093749999999998 0.32692350000000003 0.028124999999999983 0.05534699999999998
0 0.2228125 0.3442775 0.03562500000000002 0.08255099999999999
0 0.27718750000000003 0.151501 0.019374999999999976 0.038461999999999996
0 0.29125 0.037054500000000004 0.04249999999999998 0.047843000000000004
0 0.2984375 0.48733550000000003 0.020625000000000004 0.030956999999999957
0 0.3515625 0.165572 0.03687499999999999 0.040337999999999985
0 0.4609375 0.4437145 0.06687500000000002 0.07317099999999999
0 0.4790625 0.3320825 0.03562500000000002 0.07692299999999996
0 0.52875 0.5262665 0.053750000000000075 0.09943699999999994
0 0.60625 0.4165105 0.10875000000000001 0.05816100000000002
0 0.7140625 0.409944 0.08562499999999995 0.06754200000000005
0 0.9196875 0.24343350000000002 0.11312499999999992 0.141651
0 0.9428125 0.1041275 0.07187500000000002 0.12570299999999998
