0 0.1725 0.2309135 0.05666600000000002 0.07884900000000003
0 0.2125 0.3836045 0.10833399999999999 0.09637099999999998
0 0.26375 0.2459325 0.07249999999999998 0.07384299999999999
0 0.289583 0.5181475 0.07750000000000001 0.05506899999999998
0 0.2916665 0.31602 0.07333299999999998 0.088862
0 0.3054165 0.7190235 0.05416700000000002 0.076345
0 0.3145835 0.8285355000000001 0.06416700000000003 0.07759700000000003
0 0.3195835 0.240926 0.059167000000000025 0.08635799999999999
0 0.365 0.934293 0.10833399999999999 0.091364
0 0.3275 0.47434299999999996 0.018334000000000017 0.0801
0 0.38833300000000004 0.29474350000000005 0.07 0.081351
0 0.3954165 0.23592000000000002 0.060833000000000026 0.07384199999999999
0 0.3995835 0.44493150000000004 0.06416700000000003 0.08886100000000002
0 0.3958335 0.794743 0.04166700000000001 0.075094
0 0.401667 0.49249050000000005 0.04500000000000004 0.03629500000000002
0 0.4125 0.9430540000000001 0.05166599999999999 0.0588240000000001
0 0.42374999999999996 0.8141425 0.060834 0.04881099999999994
0 0.42333299999999996 0.377347 0.02999999999999997 0.046308000000000016
0 0.44375 0.74781 0.05416599999999999 0.091364
0 0.44625 0.167084 0.057499999999999996 0.05632000000000001
0 0.444167 0.560701 0.03999999999999998 0.075094
0 0.45 0.545682 0.02833399999999997 0.07008799999999993
0 0.4670835 0.347935 0.04416700000000001 0.050061999999999995
0 0.4833335 0.14580700000000002 0.05166700000000002 0.05632000000000001
0 0.4970835 0.8147685 0.06583300000000003 0.05006299999999997
0 0.490833 0.2390485 0.04500000000000004 0.032541000000000014
0 0.5191665 0.8372965 0.026666999999999996 0.04755899999999991
0 0.5295835 0.347935 0.03416700000000006 0.052566
0 0.5391665 0.324781 0.036667000000000005 0.06383
0 0.58 0.68398 0.08166600000000002 0.10137600000000002
0 0.623333 0.6051314999999999 0.06499999999999995 0.056320999999999954
0 0.6112500000000001 0.52816 0.03749999999999998 0.04005000000000003
0 0.70375 0.894243 0.05249999999999999 0.056319999999999926
0 0.7316665 0.180225 0.093333 0.07008799999999998
0 0.7233335000000001 0.7809765 0.06333299999999997 0.06508100000000006
0 0.7329165 0.7202755000000001 0.04083300000000001 0.07133899999999993
