0 0.3296875 0.63625 0.043125000000000024 0.08083400000000007
0 0.33625 0.27125 0.03249999999999997 0.04249999999999998
0 0.413125 0.40125 0.04125000000000001 0.03416600000000003
0 0.4421875 0.7454165 0.05812499999999998 0.06583300000000003
0 0.48124999999999996 0.4745835 0.03875000000000001 0.025832999999999995
0 0.5925 0.3158335 0.04874999999999996 0.05666700000000002
0 0.5918749999999999 0.413333 0.04500000000000004 0.04500000000000004
0 0.5984375 0.4766665 0.05312499999999998 0.05166699999999996
0 0.609375 0.6312500000000001 0.03624999999999989 0.025834000000000024
0 0.7621875 0.2554165 0.208125 0.24083299999999996
0 0.6990625 0.5491665 0.06562500000000004 0.061666999999999916
0 0.693125 0.495 0.03125 0.05666600000000005
0 0.7528125 0.452083 0.09812500000000002 0.04249999999999998
0 0.7346874999999999 0.4891665 0.030625000000000013 0.04166700000000001
0 0.7734375 0.535833 0.05687500000000001 0.05499999999999994
