0 0.338379 0.63737 0.15527400000000002 0.19401000000000002
0 0.0615235 0.54362 0.123047 0.21223999999999998
0 0.023926 0.9485675 0.045898 0.07682300000000009
0 0.180176 0.8671875 0.110352 0.21093699999999993
0 0.26904300000000003 0.391927 0.288086 0.22135400000000005
0 0.251953 0.7766925 0.21289 0.14192699999999991
0 0.521484 0.373047 0.15624999999999994 0.19401000000000002
0 0.6762695000000001 0.351563 0.10839900000000002 0.15625
0 0.7338865 0.234375 0.14746100000000006 0.171874
0 0.847656 0.44466150000000004 0.19726600000000005 0.17838500000000007
