0 0.021875 0.2743955 0.04375 0.046704999999999997
0 0.04 0.42618849999999997 0.0725 0.04003300000000004
0 0.0975 0.8736444999999999 0.15375 0.077565
0 0.1065625 0.5750625 0.135625 0.06588899999999998
0 0.10625 0.677648 0.11000000000000001 0.06755599999999995
0 0.15031250000000002 0.203086 0.05812500000000001 0.05588000000000001
0 0.1984375 0.46372 0.09562499999999999 0.05671399999999999
0 0.25625 0.210175 0.07624999999999998 0.055045999999999984
0 0.266875 0.4090905 0.04124999999999998 0.03252700000000003
0 0.309375 0.293578 0.07750000000000001 0.05671400000000004
0 0.31156249999999996 0.1067555 0.050624999999999976 0.038364999999999996
0 0.3490625 0.5975809999999999 0.09437499999999999 0.06255200000000005
0 0.3528125 0.2514595 0.06812500000000005 0.04086699999999999
0 0.385 0.44411999999999996 0.07874999999999999 0.065888
0 0.4075 0.5533775 0.08249999999999996 0.039198999999999984
0 0.42593749999999997 0.794829 0.10062500000000002 0.053377999999999926
0 0.44718749999999996 0.632193 0.06562499999999999 0.058381999999999934
0 0.4696875 0.1263555 0.06187500000000001 0.042535
0 0.4975 0.45037499999999997 0.10750000000000004 0.050041999999999975
0 0.49749999999999994 0.525855 0.04999999999999999 0.04253600000000002
0 0.5621875000000001 0.31192699999999995 0.07937500000000008 0.05337799999999998
0 0.578125 0.2297745 0.05624999999999991 0.03919900000000001
0 0.573125 0.437448 0.04125000000000001 0.040868000000000015
0 0.634375 0.4845705 0.08374999999999999 0.06672299999999992
0 0.6265624999999999 0.2243535 0.02937500000000004 0.050041
0 0.66 0.5191825 0.050000000000000044 0.01918299999999995
0 0.6915625000000001 0.202252 0.06437499999999996 0.039199999999999985
0 0.73875 0.8653044999999999 0.14125 0.07422899999999999
0 0.7503124999999999 0.452043 0.10687499999999994 0.05337799999999998
0 0.7309375 0.4157635 0.055625000000000036 0.03586299999999998
0 0.7403124999999999 0.737698 0.06312499999999999 0.06422000000000005
0 0.7437499999999999 0.49332750000000003 0.04500000000000004 0.029191000000000022
0 0.7809375000000001 0.5646370000000001 0.10062500000000008 0.05504600000000004
0 0.78125 0.1334445 0.08624999999999994 0.053376999999999994
0 0.8243750000000001 0.7585489999999999 0.12124999999999997 0.10091799999999995
0 0.823125 0.263136 0.0774999999999999 0.03753199999999998
0 0.8628125 0.6559634999999999 0.109375 0.07256099999999999
0 0.8478125 0.5450375000000001 0.06937499999999996 0.025855000000000072
0 0.8478125000000001 0.2814845 0.05437499999999995 0.035863000000000034
0 0.911875 0.3961635 0.11250000000000004 0.05504500000000001
0 0.9359375000000001 0.593411 0.12687499999999996 0.07422799999999996
0 0.9156249999999999 0.194329 0.07625000000000004 0.05838199999999999
0 0.9175 0.262302 0.05125000000000002 0.039199999999999985
0 0.9596875 0.1271895 0.07937499999999997 0.044203000000000006
0 0.9671875 0.6597165 0.055625000000000036 0.048373
0 0.9746874999999999 0.30692200000000003 0.04937500000000006 0.05671399999999999
