0 0.18531250000000002 0.885 0.341875 0.21500000000000008
0 0.21781250000000002 0.7725 0.08812500000000004 0.04999999999999993
0 0.25093750000000004 0.40625 0.06562499999999999 0.269166
0 0.265625 0.0345835 0.04125000000000001 0.069167
0 0.3471875 0.4391665 0.09812500000000002 0.11333300000000002
0 0.37375 0.826667 0.04250000000000004 0.14500000000000002
0 0.424375 0.9308335000000001 0.11624999999999996 0.13666699999999998
0 0.421875 0.36583350000000003 0.08750000000000002 0.10833299999999996
0 0.440625 0.0679165 0.07374999999999998 0.060833000000000005
0 0.4484375 0.3870835 0.04562500000000003 0.13083300000000003
0 0.5459375 0.53125 0.10062499999999996 0.06749999999999995
0 0.5525 0.29625 0.03374999999999995 0.034165999999999974
0 0.6203125 0.05500000000000001 0.03187499999999999 0.061666000000000006
0 0.71 0.0291665 0.03125 0.058333
