0 0.8421875000000001 0.25188299999999997 0.09312500000000001 0.12335199999999999
0 0.1196875 0.637006 0.09312500000000001 0.27212800000000004
0 0.1603125 0.701036 0.075625 0.09510400000000008
0 0.240625 0.619586 0.10000000000000003 0.16384200000000004
0 0.314375 0.4472695 0.03749999999999998 0.169491
0 0.3596875 0.34887 0.020625000000000004 0.046140000000000014
0 0.41812499999999997 0.4124295 0.08124999999999999 0.050846999999999976
0 0.48343749999999996 0.358286 0.12937499999999996 0.12335200000000002
0 0.5018750000000001 0.349341 0.09750000000000003 0.14877600000000002
0 0.5196875 0.44915249999999995 0.128125 0.08474500000000001
0 0.5225 0.2725985 0.06124999999999997 0.136535
0 0.57125 0.519303 0.13375000000000004 0.11393599999999998
0 0.5475 0.649247 0.040000000000000036 0.11393600000000004
0 0.574375 0.7208095000000001 0.0625 0.115819
0 0.579375 0.41054599999999997 0.05249999999999999 0.17325799999999997
0 0.5834375 0.309322 0.05812500000000009 0.055555999999999994
0 0.6325000000000001 0.25706249999999997 0.09750000000000003 0.07156299999999999
0 0.6109375 0.3879475 0.04812499999999997 0.16007499999999997
0 0.6584375 0.483522 0.06687500000000002 0.12335199999999996
0 0.700625 0.6624295 0.1362500000000001 0.29472699999999996
0 0.6678125 0.8455745 0.06812499999999999 0.21092299999999997
0 0.6775 0.350753 0.05624999999999991 0.11958600000000003
0 0.78625 0.398776 0.0462499999999999 0.08945399999999998
0 0.794375 0.4896425 0.05124999999999991 0.16572500000000007
