0 0.115274 0.7560555 0.18443800000000002 0.155709
0 0.08933750000000001 0.5692045 0.126801 0.18339100000000003
0 0.148415 0.351211 0.244956 0.15571000000000002
0 0.0979825 0.114187 0.13832899999999998 0.200692
0 0.167147 0.9238755000000001 0.178674 0.14532899999999993
0 0.29250699999999996 0.09342550000000001 0.22766599999999998 0.152249
0 0.3040345 0.614187 0.22766499999999998 0.17647000000000002
0 0.315562 0.2802765 0.19308400000000003 0.145329
0 0.3602305 0.8062285 0.11527300000000001 0.17993100000000006
0 0.3602305 0.980969 0.08069100000000001 0.031142000000000003
0 0.45244949999999995 0.41868500000000003 0.201729 0.20761200000000002
0 0.465418 0.131488 0.13544599999999996 0.20761200000000002
0 0.5576369999999999 0.8494809999999999 0.21037399999999995 0.204152
0 0.559078 0.5916954999999999 0.103746 0.16608900000000004
0 0.6628244999999999 0.0899655 0.19596500000000006 0.138409
0 0.668588 0.249135 0.149856 0.17301
0 0.7146975 0.437716 0.20749299999999993 0.20415200000000006
0 0.704611 0.7387539999999999 0.17579199999999995 0.16954999999999998
0 0.8126805 0.9775085 0.09221900000000005 0.03806299999999996
0 0.8616714999999999 0.147059 0.17867500000000003 0.17647000000000002
0 0.8832855 0.8719725 0.193083 0.159169
0 0.8962535 0.596886 0.15561900000000006 0.17647000000000002
0 0.92219 0.366782 0.10951 0.17993000000000003
