0 0.031875 0.4868665 0.06375 0.07129500000000005
0 0.044062500000000004 0.628987 0.078125 0.10787999999999998
0 0.0509375 0.5173544999999999 0.079375 0.04784299999999997
0 0.08062499999999999 0.415572 0.09 0.06379000000000001
0 0.0775 0.333021 0.05499999999999999 0.06754199999999999
0 0.083125 0.6322705 0.06625 0.07879899999999995
0 0.113125 0.62242 0.09625 0.08724200000000004
0 0.133125 0.48780500000000004 0.10750000000000001 0.084428
0 0.134375 0.445122 0.05875000000000001 0.04596600000000001
0 0.2028125 0.35600350000000003 0.06812499999999999 0.09662299999999996
0 0.236875 0.434803 0.04374999999999998 0.042213999999999974
0 0.260625 0.334897 0.060000000000000026 0.08442799999999995
0 0.3278125 0.42401500000000003 0.09187500000000004 0.075046
0 0.33406250000000004 0.52955 0.06937500000000002 0.038461999999999996
0 0.3528125 0.6974675 0.070625 0.11726100000000006
0 0.361875 0.24155749999999998 0.08875 0.05534700000000001
0 0.36875 0.6247655000000001 0.08249999999999996 0.07504699999999997
0 0.37124999999999997 0.47607849999999996 0.08749999999999997 0.051595
0 0.38625 0.34943749999999996 0.09625 0.05534699999999998
0 0.41500000000000004 0.207317 0.10500000000000004 0.07317000000000001
0 0.4028125 0.605066 0.06812499999999999 0.06754199999999999
0 0.4375 0.38789850000000003 0.10875000000000001 0.09474699999999997
0 0.43343750000000003 0.4863975 0.05812500000000004 0.03658499999999998
0 0.4496875 0.37335850000000004 0.07687499999999997 0.080675
0 0.4915625 0.22326449999999998 0.133125 0.131333
0 0.48281250000000003 0.300188 0.07187500000000002 0.065666
0 0.5353125 0.44652899999999995 0.11812499999999998 0.084428
0 0.605625 0.785647 0.20750000000000002 0.19418400000000002
0 0.5153125000000001 0.633677 0.024374999999999925 0.040337999999999985
0 0.576875 0.467636 0.14249999999999996 0.11538400000000004
0 0.5803125 0.3424015 0.125625 0.14258900000000002
0 0.5653125 0.6857415 0.08062499999999995 0.07504700000000009
0 0.595 0.526266 0.04249999999999998 0.06379000000000001
0 0.613125 0.35600350000000003 0.050000000000000044 0.04971900000000001
0 0.645625 0.371482 0.04125000000000001 0.06941800000000004
0 0.6653125 0.5483115000000001 0.08062499999999995 0.09662300000000001
0 0.6890625 0.434803 0.05687500000000001 0.03471000000000002
0 0.6771875 0.4713885 0.026875000000000093 0.02720499999999998
0 0.7359375 0.3550655 0.078125 0.098499
0 0.754375 0.297373 0.11499999999999999 0.06754199999999999
0 0.8446875 0.749531 0.06812499999999999 0.060037999999999925
0 0.8825000000000001 0.25891200000000003 0.13875000000000004 0.08255200000000001
0 0.9065624999999999 0.833959 0.026875000000000093 0.06379000000000001
