0 0.14781249999999999 0.365 0.253125 0.28166599999999997
0 0.1 0.1791665 0.2 0.261667
0 0.3753125 0.7745835000000001 0.17062500000000003 0.17916699999999997
0 0.4321875 0.495 0.260625 0.176666
0 0.3846875 0.8975 0.13437500000000002 0.20333400000000001
0 0.750625 0.5795835 0.3087500000000001 0.225833
0 0.7268749999999999 0.42666649999999995 0.16000000000000003 0.158333
0 0.8325 0.4054165 0.07750000000000001 0.170833
0 0.920625 0.15041649999999998 0.15749999999999997 0.22583299999999998
0 0.9437500000000001 0.6895835 0.11124999999999996 0.16416699999999995
