0 0.47968750000000004 0.6909375 0.43187500000000006 0.281875
0 0.07062500000000001 0.9606250000000001 0.0925 0.07500000000000007
0 0.0528125 0.718125 0.053125000000000006 0.05125000000000002
0 0.0859375 0.8221875000000001 0.078125 0.038125000000000075
0 0.1459375 0.355 0.07187500000000001 0.03875000000000001
0 0.1721875 0.5378125 0.053125000000000006 0.08687500000000004
0 0.2715625 0.5196875000000001 0.076875 0.08187500000000003
0 0.31125 0.183125 0.04124999999999995 0.065
0 0.329375 0.4771875 0.06375000000000003 0.05437500000000001
0 0.44906250000000003 0.8162499999999999 0.18312500000000004 0.11750000000000005
0 0.464375 0.2584375 0.07374999999999998 0.078125
0 0.47875 0.37375 0.06125000000000003 0.04999999999999999
0 0.5590625 0.27812499999999996 0.04062500000000002 0.02250000000000002
0 0.5703125 0.16375 0.03562500000000002 0.022499999999999992
0 0.6196875 0.1165625 0.0668749999999999 0.040624999999999994
0 0.625625 0.22 0.06499999999999995 0.04249999999999998
0 0.739375 0.765 0.2849999999999999 0.10125000000000006
0 0.625625 0.27718750000000003 0.05499999999999994 0.030624999999999958
0 0.674375 0.13968750000000002 0.036250000000000004 0.029375000000000012
0 0.7359375 0.0809375 0.04937499999999995 0.034375
0 0.895 0.0365625 0.06000000000000005 0.030624999999999996
