0 0.49833350000000004 0.5229165 0.843333 0.829167
0 0.0275 0.3979165 0.055 0.064583
0 0.035 0.4734375 0.07 0.05937500000000007
0 0.06625 0.32760449999999997 0.1325 0.06562499999999999
0 0.08499999999999999 0.547917 0.118334 0.06874999999999998
0 0.12125 0.3833335 0.1375 0.07291700000000001
0 0.1795835 0.5932295000000001 0.095833 0.05937500000000007
0 0.195417 0.570833 0.12749999999999997 0.0625
0 0.1975 0.39947900000000003 0.101666 0.06354200000000004
0 0.2070835 0.5109375 0.12083300000000002 0.07812500000000006
0 0.256667 0.434375 0.15 0.06458399999999997
0 0.2966665 0.5791665 0.128333 0.05833299999999997
0 0.35375 0.4572915 0.08083400000000002 0.08333299999999999
0 0.405 0.4296875 0.08000000000000002 0.05520899999999995
0 0.5166665 0.6677085 0.12333299999999997 0.07291700000000001
0 0.523333 0.7088540000000001 0.04999999999999993 0.05729200000000001
0 0.5466664999999999 0.8031250000000001 0.06333299999999997 0.07916599999999996
0 0.629167 0.7614585 0.135 0.07708300000000001
0 0.6425000000000001 0.408854 0.08666600000000002 0.06979199999999997
0 0.7050000000000001 0.628125 0.07500000000000007 0.05208400000000002
0 0.72 0.4375 0.050000000000000044 0.060416000000000025
0 0.7583335 0.5984375 0.10166699999999995 0.06562499999999993
0 0.7625 0.6640625 0.08999999999999997 0.06562500000000004
0 0.7666665 0.5260415 0.098333 0.054166999999999965
0 0.7695835 0.483854 0.099167 0.05520799999999998
0 0.7975000000000001 0.418229 0.04833399999999999 0.03645799999999999
0 0.8125 0.43697949999999997 0.03499999999999992 0.02812500000000001
0 0.8354165 0.806771 0.06416700000000009 0.08020800000000006
0 0.8645835 0.6973955000000001 0.11916699999999991 0.06562499999999993
0 0.8820835 0.590625 0.14083299999999999 0.07083399999999995
0 0.835 0.329167 0.043333999999999984 0.03125
0 0.872083 0.650521 0.0625 0.04895800000000006
0 0.8758330000000001 0.484896 0.06999999999999995 0.057292000000000065
0 0.914167 0.8890625000000001 0.135 0.082291
0 0.9029165 0.2833335 0.029166999999999943 0.03958299999999998
0 0.9237500000000001 0.5208335 0.04916599999999993 0.07083300000000003
0 0.9304165 0.3322915 0.04583300000000001 0.04166700000000001
0 0.9550000000000001 0.971354 0.08833400000000002 0.055208000000000035
0 0.9270835 0.278646 0.030833 0.038541999999999965
0 0.9466665000000001 0.3885415 0.033332999999999946 0.04166700000000001
0 0.9645835 0.7645835000000001 0.06916699999999998 0.07291700000000001
0 0.9862500000000001 0.510417 0.025834000000000024 0.050000000000000044
