0 0.052 0.582505 0.104 0.723658
0 0.07600000000000001 0.526839 0.128 0.373758
0 0.1386665 0.6878725 0.20266699999999999 0.5288269999999999
0 0.20733300000000002 0.7365805000000001 0.196 0.506959
0 0.342667 0.492048 0.16800000000000004 0.16898599999999997
0 0.4053335 0.7326045 0.226667 0.43538699999999997
0 0.416667 0.404573 0.21199999999999997 0.22067599999999998
0 0.558 0.49701799999999996 0.185334 0.21868799999999994
0 0.6553329999999999 0.7176935 0.2360000000000001 0.409543
0 0.7073335 0.37574549999999995 0.217333 0.198807
0 0.8266665 0.4930415 0.23733300000000002 0.246521
0 0.8733335 0.718688 0.21866699999999994 0.379722
0 0.972667 0.5487075 0.051999999999999935 0.19483099999999998
0 0.9793335 0.8409545 0.03866700000000001 0.3021870000000001
