0 0.5581595 0.6666665 0.289931 0.135417
0 0.1024305 0.5371095 0.204861 0.050780999999999965
0 0.21875 0.517578 0.22569399999999998 0.06119800000000003
0 0.1805555 0.783203 0.14236100000000002 0.09765599999999997
0 0.2612845 0.735026 0.10937499999999997 0.11848999999999998
0 0.296875 0.5891930000000001 0.13194399999999998 0.15755200000000003
0 0.350694 0.5097655000000001 0.21875 0.048177000000000025
0 0.6006945 0.5403645 0.267361 0.04427099999999995
0 0.6788195 0.516276 0.23263900000000004 0.06900999999999996
0 0.7378475 0.8040365 0.135417 0.121093
0 0.846354 0.8554685 0.09201399999999993 0.17447899999999994
0 0.878472 0.950521 0.15625 0.09635399999999994
0 0.9600695 0.544271 0.07638900000000004 0.06510399999999994
