0 0.444336 0.408203 0.03125 0.113282
0 0.48828099999999997 0.2591145 0.04882800000000004 0.07812500000000003
0 0.51416 0.6334635 0.07910199999999995 0.053385000000000016
0 0.486328 0.5175784999999999 0.021484000000000003 0.07942700000000003
0 0.520508 0.688151 0.08007800000000004 0.042968000000000006
0 0.5024415 0.489583 0.02246100000000001 0.065104
0 0.5253905 0.2819015 0.05664099999999994 0.04557300000000003
0 0.546875 0.39778650000000004 0.07812599999999992 0.08723900000000001
0 0.5473635 0.71875 0.07714899999999991 0.05208400000000002
0 0.53418 0.5175785 0.04101599999999994 0.11328100000000002
0 0.536621 0.467448 0.038086000000000064 0.09114599999999995
0 0.5815429999999999 0.451172 0.05957000000000001 0.05859399999999998
0 0.6040035 0.6966144999999999 0.06738299999999997 0.07291700000000001
0 0.5849610000000001 0.6074219999999999 0.017577999999999983 0.09244799999999997
0 0.717285 0.777344 0.06152400000000002 0.09895799999999999
