0 0.7609375 0.4625 0.14312500000000006 0.15999999999999998
0 0.066875 0.7620835 0.12625 0.09083299999999994
0 0.1565625 0.09833349999999999 0.06312499999999999 0.09666699999999999
0 0.25687499999999996 0.2554165 0.11874999999999997 0.129167
0 0.356875 0.35208300000000003 0.050000000000000044 0.08749999999999997
0 0.40531249999999996 0.13874999999999998 0.13437499999999997 0.0875
0 0.465625 0.95 0.11625000000000008 0.09833400000000003
0 0.495 0.6920835000000001 0.12749999999999995 0.12416700000000003
0 0.5706249999999999 0.35291700000000004 0.14499999999999996 0.08249999999999996
0 0.8703125 0.1741665 0.16812499999999997 0.10333300000000001
