0 0.54 0.5818749999999999 0.47624999999999995 0.27874999999999994
0 0.624375 0.289375 0.013749999999999929 0.01375000000000004
0 0.6346875000000001 0.255 0.020625000000000004 0.013750000000000012
0 0.6468750000000001 0.221875 0.01375000000000004 0.013750000000000012
0 0.6509375 0.16125 0.011874999999999969 0.013749999999999984
0 0.6534375 0.0678125 0.0068749999999999645 0.011874999999999997
0 0.6559375000000001 0.27375 0.011874999999999969 0.010000000000000009
0 0.6637500000000001 0.2609375 0.019999999999999907 0.011874999999999969
0 0.6959375000000001 0.1046875 0.020625000000000004 0.010624999999999996
0 0.69875 0.026250000000000002 0.015000000000000013 0.009999999999999998
0 0.7125 0.03875 0.008750000000000036 0.018750000000000003
0 0.72 0.12593749999999998 0.01749999999999996 0.011874999999999997
0 0.7303124999999999 0.0321875 0.010624999999999996 0.019375000000000003
0 0.7346874999999999 0.06218750000000001 0.008125000000000049 0.010625000000000002
0 0.7424999999999999 0.0040625 0.01375000000000004 0.006875
0 0.794375 0.0278125 0.012500000000000067 0.010625000000000002
