0 0.0071875 0.525332 0.014375 0.032391999999999976
0 0.0203125 0.45431900000000003 0.040625 0.04817200000000005
0 0.031875 0.39742500000000003 0.06375 0.06229199999999996
0 0.051875 0.6349670000000001 0.10375 0.10049800000000009
0 0.0728125 0.497093 0.145625 0.044020000000000004
0 0.13437500000000002 0.439784 0.0975 0.07391999999999999
0 0.203125 0.653239 0.11750000000000002 0.07059799999999994
0 0.1978125 0.388289 0.060624999999999984 0.07225999999999999
0 0.2471875 0.495432 0.09187500000000001 0.07724199999999998
0 0.2909375 0.517857 0.084375 0.112126
0 0.3175 0.7487545 0.10875000000000001 0.034053
0 0.34875 0.6856310000000001 0.0625 0.10880400000000001
0 0.3734375 0.5261625 0.06187499999999996 0.07225900000000002
0 0.4609375 0.53613 0.11062499999999997 0.05896999999999997
0 0.526875 0.464286 0.09750000000000003 0.06146199999999996
0 0.515625 0.35299 0.07125000000000004 0.14285799999999998
0 0.5628124999999999 0.541113 0.05937500000000007 0.08056399999999997
0 0.61 0.7063955 0.08374999999999999 0.15697700000000003
0 0.641875 0.4833885 0.14 0.08305699999999999
0 0.7115625000000001 0.28696 0.114375 0.24169399999999996
0 0.6875 0.7250829999999999 0.03750000000000009 0.13953399999999994
0 0.8184374999999999 0.6549 0.166875 0.10880400000000001
0 0.8684375 0.53696 0.13937500000000003 0.11710999999999999
