0 0.12625 0.700833 0.24625000000000002 0.3350000000000001
0 0.009375 0.030833 0.01875 0.05
0 0.025 0.138333 0.05 0.11
0 0.0396875 0.48750000000000004 0.079375 0.21000000000000002
0 0.1540625 0.287917 0.308125 0.2475
0 0.1021875 0.5104165 0.13062500000000002 0.13416700000000004
0 0.071875 0.070833 0.04625 0.09999999999999999
0 0.148125 0.95375 0.16249999999999998 0.09083400000000008
0 0.4890625 0.1854165 0.844375 0.370833
0 0.21750000000000003 0.863333 0.23500000000000001 0.15500000000000003
0 0.17625 0.54625 0.14500000000000002 0.12083399999999994
0 0.4403125 0.33125000000000004 0.641875 0.344166
0 0.1859375 0.95375 0.029374999999999984 0.09083400000000008
0 0.629375 0.8270835000000001 0.6575 0.344167
0 0.865 0.7658335000000001 0.26875000000000004 0.4216669999999999
0 0.87625 0.8570835 0.07999999999999996 0.13916700000000004
0 0.9068750000000001 0.3370835 0.14125 0.10916700000000001
0 0.9184375 0.15875 0.06312499999999999 0.07583400000000001
