0 0.1601565 0.22708299999999998 0.19843700000000003 0.15
0 0.209375 0.328125 0.41875 0.38333400000000006
0 0.4558595 0.24322899999999997 0.09296900000000002 0.08854199999999998
0 0.4421875 0.490104 0.046875 0.057292000000000065
0 0.45781249999999996 0.300521 0.02812500000000001 0.06354199999999999
0 0.4707035 0.8614585 0.04921900000000001 0.039582999999999924
0 0.5253905 0.3557295 0.09921899999999995 0.078125
0 0.6957035 0.1427085 0.042969000000000035 0.09166699999999998
0 0.7402345 0.28645849999999995 0.025781000000000054 0.060417
0 0.8027345 0.23281249999999998 0.07265699999999997 0.08229099999999998
0 0.904297 0.14270850000000002 0.07265600000000005 0.10208300000000001
