0 0.021875 0.5395835 0.04375 0.035833000000000004
0 0.0384375 0.635417 0.049375 0.07250000000000001
0 0.104375 0.422083 0.04875 0.027500000000000024
0 0.14375 0.47875 0.027499999999999997 0.017500000000000016
0 0.204375 0.4666665 0.07374999999999998 0.031667
0 0.219375 0.7775 0.033749999999999974 0.063334
0 0.2653125 0.6854165000000001 0.109375 0.060833000000000026
0 0.2559375 0.8575 0.026874999999999982 0.020000000000000018
0 0.2959375 0.60625 0.09437500000000001 0.07916599999999996
0 0.27531249999999996 0.734583 0.029374999999999984 0.03249999999999997
0 0.3115625 0.4975 0.03187499999999999 0.058334
0 0.37406249999999996 0.4666665 0.06437500000000002 0.04166700000000001
0 0.38625 0.6725000000000001 0.07874999999999999 0.056665999999999994
0 0.37875000000000003 0.5395835 0.05250000000000005 0.035833000000000004
0 0.4134375 0.44499999999999995 0.09187499999999998 0.04999999999999999
0 0.3921875 0.7737499999999999 0.018125000000000002 0.029165999999999914
0 0.4271875 0.53 0.028124999999999956 0.05166599999999999
0 0.4340625 0.7554165 0.02437499999999998 0.025832999999999995
0 0.4921875 0.593333 0.060624999999999984 0.040000000000000036
0 0.4825 0.470833 0.036250000000000004 0.040000000000000036
0 0.4828125 0.87375 0.02812500000000001 0.029166000000000025
0 0.49187499999999995 0.833333 0.028749999999999998 0.03499999999999992
0 0.50875 0.38125 0.04375000000000001 0.02916599999999997
0 0.5259375000000001 0.8987499999999999 0.05812500000000004 0.02749999999999997
0 0.515625 0.8225 0.016250000000000098 0.043333999999999984
0 0.55375 0.5020830000000001 0.04125000000000001 0.03250000000000003
0 0.575 0.8200000000000001 0.07625000000000004 0.05500000000000005
0 0.5834375 0.5716665000000001 0.09312500000000001 0.05166700000000002
0 0.5821875 0.899583 0.046875 0.03249999999999997
0 0.5853124999999999 0.7112499999999999 0.021874999999999978 0.01749999999999996
0 0.6221875 0.47791649999999997 0.046875 0.03916700000000001
0 0.6578124999999999 0.904583 0.02937500000000004 0.022499999999999964
0 0.6578125 0.6895830000000001 0.024375000000000036 0.022500000000000075
0 0.6803125 0.5554165 0.015625 0.025832999999999995
0 0.7065625 0.38916649999999997 0.01937500000000003 0.041666999999999954
0 0.7321875 0.524167 0.05687500000000001 0.04999999999999993
0 0.7268749999999999 0.7112499999999999 0.036250000000000004 0.02749999999999997
0 0.7409375 0.3995835 0.02312499999999995 0.034167
0 0.7784375 0.274583 0.08812500000000001 0.03250000000000003
0 0.80375 0.469167 0.03500000000000003 0.030000000000000027
0 0.8746875000000001 0.8858334999999999 0.05062500000000003 0.043332999999999955
0 0.8784375 0.5700000000000001 0.021874999999999978 0.04500000000000004
0 0.9121875 0.4975 0.04562500000000003 0.04500000000000004
0 0.95875 0.7925 0.07874999999999999 0.05166599999999999
