0 0.1921875 0.7252745 0.354375 0.25745699999999994
0 0.0425 0.37912100000000004 0.085 0.182104
0 0.114375 0.9124805 0.22875 0.17346899999999998
0 0.23093750000000002 0.1354005 0.323125 0.270801
0 0.26875 0.41836700000000004 0.305 0.268446
0 0.3859375 0.8912875 0.249375 0.20329700000000006
0 0.5596875 0.648744 0.29062499999999997 0.17504000000000008
0 0.5825 0.43406599999999995 0.28875000000000006 0.240188
0 0.578125 0.178964 0.27499999999999997 0.21506999999999998
0 0.665625 0.8551805 0.27 0.22370500000000004
0 0.678125 0.034144499999999994 0.28374999999999995 0.066719
0 0.820625 0.252747 0.1875 0.17739400000000002
0 0.8540625 0.6538465 0.208125 0.21350099999999994
0 0.8809375 0.45054950000000005 0.22312500000000002 0.197803
0 0.900625 0.879121 0.1975 0.20251200000000003
0 0.9178125 0.0451335 0.16312499999999996 0.090267
0 0.95625 0.2295915 0.08625000000000005 0.17503899999999997
