0 0.7370795 0.7576875000000001 0.22231299999999998 0.312423
0 0.074241 0.48278 0.148482 0.190652
0 0.107055 0.5418205 0.209188 0.11685099999999993
0 0.325267 0.426814 0.30927 0.15990200000000004
0 0.42739950000000004 0.584256 0.180475 0.20172199999999996
0 0.587367 0.1488315 0.24774399999999996 0.20910300000000004
0 0.6000825 0.47109500000000004 0.240361 0.17712200000000006
0 0.5484005000000001 0.8979090000000001 0.09762100000000007 0.115622
0 0.7046760000000001 0.099631 0.16735 0.09839999999999999
0 0.6964725 0.8696185000000001 0.10172300000000001 0.07134099999999999
