0 0.1771875 0.3020835 0.026874999999999982 0.009167000000000036
0 0.354375 0.36958349999999995 0.03500000000000003 0.029167
0 0.440625 0.39166650000000003 0.03249999999999997 0.021667000000000047
0 0.4615625 0.4529165 0.016874999999999973 0.01416700000000004
0 0.49968749999999995 0.45625 0.015624999999999944 0.02416600000000002
0 0.5184375 0.25375 0.043125000000000024 0.01916599999999999
0 0.5115624999999999 0.5604165 0.01937500000000003 0.025832999999999995
0 0.5196875 0.5395835 0.016874999999999973 0.015832999999999986
0 0.5393749999999999 0.5004165 0.03375000000000006 0.01583300000000004
0 0.5634375 0.37625 0.021874999999999978 0.02250000000000002
0 0.5974999999999999 0.28125 0.036250000000000004 0.029166000000000025
0 0.653125 0.33833349999999995 0.028749999999999942 0.018332999999999988
0 0.669375 0.4108335 0.03500000000000003 0.011666999999999983
0 0.7893749999999999 0.37625 0.03500000000000003 0.01583399999999996
0 0.81875 0.42041649999999997 0.03875000000000006 0.020833000000000046
