0 0.7518750000000001 0.4375 0.09875 0.16166600000000003
0 0.0275 0.36 0.055 0.07666600000000001
0 0.026875 0.415833 0.033749999999999995 0.044999999999999984
0 0.11812500000000001 0.1908335 0.07375 0.04833299999999999
0 0.188125 0.3466665 0.11875 0.11666700000000002
0 0.37375 0.2341665 0.15999999999999998 0.11833300000000002
0 0.458125 0.9591665 0.07125000000000004 0.05166700000000002
0 0.4725 0.40166650000000004 0.07999999999999996 0.096667
0 0.605 0.0433335 0.09250000000000003 0.086667
0 0.610625 0.4625 0.05625000000000002 0.07500000000000001
0 0.655 0.12 0.09499999999999997 0.076666
0 0.651875 0.0491665 0.07125000000000004 0.061667
0 0.849375 0.42833350000000003 0.05125000000000002 0.05666699999999997
0 0.8825000000000001 0.07 0.04500000000000004 0.043334
0 0.9412499999999999 0.9266665000000001 0.02749999999999997 0.053332999999999964
0 0.981875 0.3941665 0.03375000000000006 0.048333000000000015
