0 0.605 0.8866670000000001 0.15500000000000003 0.16000000000000003
0 0.0940625 0.1404165 0.088125 0.13916699999999999
0 0.09375 0.4141665 0.03125 0.146667
0 0.1584375 0.48541650000000003 0.046875 0.12416699999999997
0 0.17875000000000002 0.32125 0.037500000000000006 0.11583399999999999
0 0.2515625 0.37375 0.10812499999999997 0.08249999999999996
0 0.221875 0.9145835 0.03375 0.16916700000000007
0 0.2675 0.46166699999999994 0.037500000000000006 0.14499999999999996
0 0.315625 0.5441665 0.03249999999999997 0.18666699999999997
0 0.355 0.25916649999999997 0.04625000000000001 0.10166700000000001
0 0.3575 0.5425 0.04125000000000001 0.09666600000000003
0 0.3903125 0.43374999999999997 0.026874999999999982 0.1175
0 0.4525 0.8720835 0.10999999999999993 0.029166999999999943
0 0.451875 0.1266665 0.08000000000000002 0.09833299999999999
0 0.489375 0.4158335 0.15500000000000003 0.098333
0 0.4403125 0.925 0.023125000000000007 0.14833400000000008
0 0.4478125 0.61125 0.03562500000000002 0.124166
0 0.5078125 0.34875 0.016874999999999973 0.08083399999999996
0 0.5525 0.3566665 0.053749999999999964 0.05833299999999997
0 0.5840624999999999 0.110417 0.05312499999999998 0.027499999999999997
0 0.6034375000000001 0.6912499999999999 0.08687499999999992 0.08083399999999996
0 0.6009375 0.30500000000000005 0.05062499999999992 0.05499999999999999
0 0.6284375 0.3629165 0.05437500000000006 0.07916700000000004
0 0.6184375 0.6087499999999999 0.02562500000000001 0.14916600000000002
0 0.638125 0.18333349999999998 0.03500000000000003 0.10833299999999998
0 0.6865625 0.3158335 0.09812500000000002 0.05333300000000002
0 0.680625 0.63625 0.07750000000000001 0.09416599999999997
0 0.7475 0.937917 0.12374999999999992 0.12250000000000005
0 0.7546875 0.6633335 0.125625 0.05166700000000002
0 0.7306250000000001 0.114167 0.026249999999999996 0.05000000000000002
0 0.79 0.5508335 0.0675 0.04833299999999996
0 0.78125 0.6791670000000001 0.03374999999999995 0.16000000000000003
0 0.78375 0.1808335 0.036250000000000004 0.10333300000000001
0 0.81375 0.1341665 0.040000000000000036 0.051667000000000005
0 0.87 0.6783335 0.07250000000000001 0.19333299999999998
0 0.8909374999999999 0.0558335 0.04437499999999994 0.053333000000000005
0 0.9184375 0.40249999999999997 0.06062499999999993 0.051666000000000045
0 0.9425 0.20458300000000001 0.08499999999999996 0.12749999999999997
0 0.9109375 0.36041650000000003 0.016875000000000084 0.029167
0 0.981875 0.432917 0.03500000000000003 0.04249999999999998
