0 0.383789 0.363392 0.27343799999999996 0.22880200000000003
0 0.038086 0.8209955 0.076172 0.11574700000000004
0 0.074707 0.4697175 0.108398 0.11036299999999999
0 0.0668945 0.5800810000000001 0.020506999999999997 0.04845200000000005
0 0.2094725 0.6473755000000001 0.125977 0.09421299999999999
0 0.19140600000000002 0.7281295000000001 0.05468799999999999 0.05921900000000002
0 0.4003905 0.27658099999999997 0.11523500000000003 0.05248999999999998
0 0.412598 0.629879 0.11425800000000003 0.09421199999999996
0 0.5600590000000001 0.18304199999999998 0.08691400000000005 0.08075400000000002
0 0.585449 0.4266485 0.13574200000000003 0.16689100000000007
0 0.5732425 0.049125 0.015625 0.02826399999999999
0 0.6611325 0.3418575 0.042969000000000035 0.067295
0 0.6943360000000001 0.31830400000000003 0.04101600000000005 0.04979799999999995
0 0.741211 0.4461645 0.126954 0.117093
0 0.7470705 0.252355 0.025391000000000052 0.04710599999999998
