0 0.2028125 0.348448 0.11812500000000004 0.10539199999999999
0 0.21125 0.579248 0.024999999999999994 0.03268000000000004
0 0.2528125 0.404003 0.081875 0.12009800000000004
0 0.23375 0.677696 0.0325 0.04166599999999998
0 0.2765625 0.525735 0.11062499999999997 0.08741799999999994
0 0.295625 0.614379 0.05375000000000002 0.037582000000000004
0 0.28500000000000003 0.5743465 0.027500000000000024 0.03104499999999999
0 0.33781249999999996 0.3921565 0.06937500000000002 0.117647
0 0.33781249999999996 0.595588 0.04562499999999997 0.034313999999999956
0 0.3834375 0.506536 0.08187499999999998 0.08496799999999993
0 0.3615625 0.634804 0.03562500000000002 0.024510000000000032
0 0.364375 0.5882350000000001 0.02749999999999997 0.031046000000000018
0 0.366875 0.5686275000000001 0.02749999999999997 0.02287500000000009
0 0.36875 0.6642159999999999 0.03125 0.02777799999999997
0 0.3771875 0.6339870000000001 0.038124999999999964 0.022876000000000007
0 0.3996875 0.619281 0.033125000000000016 0.02777799999999997
0 0.42562500000000003 0.3835785 0.07624999999999998 0.085785
0 0.40249999999999997 0.6323529999999999 0.027500000000000024 0.026144000000000056
0 0.40625 0.64951 0.030000000000000027 0.026144000000000056
0 0.4246875 0.3868465 0.05437500000000001 0.07924900000000001
0 0.4359375 0.521242 0.041874999999999996 0.078432
0 0.48062499999999997 0.38357850000000004 0.07124999999999998 0.07598100000000002
0 0.55 0.506536 0.06999999999999995 0.156862
0 0.5875 0.4791665 0.028750000000000053 0.059640999999999944
0 0.604375 0.5257355 0.03125 0.015522999999999954
0 0.7106250000000001 0.415441 0.07500000000000007 0.08905200000000002
0 0.7009375 0.6523695 0.05312500000000009 0.051470999999999933
0 0.7475 0.591095 0.10124999999999995 0.125
0 0.7271875 0.47835 0.05812499999999998 0.08088200000000001
0 0.7471875 0.5012255 0.08687500000000004 0.048202999999999996
0 0.7849999999999999 0.4550655 0.05500000000000005 0.040849000000000024
0 0.780625 0.426879 0.04125000000000001 0.07761400000000002
0 0.8121875000000001 0.25898699999999997 0.06437499999999996 0.093138
0 0.8325 0.4240195 0.05249999999999999 0.09640499999999996
0 0.8396874999999999 0.5069445 0.03312499999999996 0.051471000000000044
0 0.855 0.457108 0.04249999999999998 0.051470000000000016
0 0.87 0.5510619999999999 0.04875000000000007 0.051470000000000016
0 0.8887499999999999 0.49509800000000004 0.04874999999999996 0.03758200000000006
0 0.8965624999999999 0.5208335 0.04062500000000002 0.04166700000000001
0 0.909375 0.457925 0.04625000000000001 0.07597999999999999
0 0.92125 0.6131535 0.07000000000000006 0.051471000000000044
0 0.95125 0.607843 0.07374999999999998 0.05882399999999999
0 0.9325000000000001 0.5531045 0.026249999999999996 0.03104499999999999
0 0.940625 0.594363 0.026249999999999996 0.07598000000000005
0 0.94625 0.510621 0.02749999999999997 0.07353000000000004
0 0.96625 0.5718955 0.025000000000000022 0.05555500000000002
0 0.981875 0.5167485 0.03500000000000003 0.08251700000000001
0 0.9884375000000001 0.5804735 0.021874999999999978 0.023692999999999964
0 0.9896875 0.606209 0.01937500000000003 0.05882399999999999
