0 0.292333 0.7484999999999999 0.57 0.493
0 0.0506665 0.077 0.101333 0.044000000000000004
0 0.1496665 0.44899999999999995 0.083333 0.05399999999999999
0 0.2003335 0.067 0.15933300000000003 0.03200000000000001
0 0.155667 0.41200000000000003 0.062 0.043999999999999984
0 0.184333 0.098 0.11399999999999999 0.06
0 0.20800000000000002 0.41000000000000003 0.07466599999999998 0.03999999999999998
0 0.254 0.1795 0.14 0.069
0 0.22799999999999998 0.46099999999999997 0.07333399999999998 0.062
0 0.276 0.404 0.10266599999999998 0.05199999999999999
0 0.306333 0.118 0.12200000000000003 0.062
0 0.32166649999999997 0.5215000000000001 0.10866700000000001 0.03700000000000003
0 0.329667 0.27 0.11399999999999999 0.05399999999999999
0 0.3326665 0.36850000000000005 0.06933300000000003 0.069
0 0.3936665 0.247 0.091333 0.08799999999999997
0 0.42233350000000003 0.483 0.092667 0.055999999999999994
0 0.4403335 0.384 0.12066699999999997 0.09199999999999997
0 0.524 0.351 0.10266599999999998 0.04999999999999999
0 0.538 0.4615 0.11333399999999993 0.04099999999999998
0 0.5413330000000001 0.399 0.05999999999999994 0.04199999999999998
0 0.624333 0.097 0.08599999999999997 0.041999999999999996
0 0.6393329999999999 0.28 0.11599999999999999 0.11600000000000002
0 0.724 0.639 0.17200000000000004 0.052000000000000046
0 0.7126665000000001 0.169 0.06133299999999997 0.064
0 0.781667 0.0415 0.1180000000000001 0.083
0 0.8606665 0.5609999999999999 0.23733300000000002 0.15400000000000003
0 0.806333 0.23349999999999999 0.08199999999999996 0.123
0 0.8143335 0.772 0.091333 0.05600000000000005
0 0.8360000000000001 0.8105 0.10266600000000004 0.08299999999999996
0 0.8323335000000001 0.348 0.091333 0.09800000000000003
0 0.884 0.9159999999999999 0.065334 0.04799999999999993
0 0.8939999999999999 0.435 0.07866600000000001 0.052000000000000046
0 0.8973329999999999 0.734 0.07999999999999996 0.10399999999999998
0 0.94 0.32599999999999996 0.11866600000000005 0.066
0 0.937333 0.354 0.03600000000000003 0.08600000000000002
0 0.986333 0.027 0.026000000000000023 0.052
