0 0.52 0.1393055 0.10125000000000006 0.10037499999999999
0 0.0221875 0.45591000000000004 0.044375 0.05253199999999997
0 0.0428125 0.5281425 0.085625 0.05816100000000002
0 0.0446875 0.303002 0.089375 0.050656000000000034
0 0.0234375 0.35788 0.044375 0.029079999999999995
0 0.05375 0.594278 0.105 0.04408999999999996
0 0.0390625 0.7007505 0.019375000000000003 0.08067499999999994
0 0.08374999999999999 0.4427765 0.08875 0.07879900000000001
0 0.1175 0.4066605 0.09250000000000001 0.045967000000000036
0 0.1190625 0.5389305 0.06937499999999999 0.05159500000000006
0 0.143125 0.3405255 0.105 0.06003700000000001
0 0.1290625 0.1482175 0.07187500000000001 0.071295
0 0.1421875 0.5914634999999999 0.069375 0.04596699999999998
0 0.1471875 0.50985 0.07437500000000001 0.059099999999999986
0 0.176875 0.6336775 0.105 0.03846100000000008
0 0.1709375 0.8883675 0.080625 0.07504699999999997
0 0.18375 0.5792685 0.0625 0.055347000000000035
0 0.2221875 0.252814 0.080625 0.04596600000000001
0 0.23031249999999998 0.609756 0.071875 0.04502799999999996
0 0.2553125 0.4047845 0.114375 0.03470899999999999
0 0.255 0.8569415 0.1 0.053471000000000046
0 0.259375 0.3635085 0.08875000000000002 0.051595
0 0.2759375 0.23874299999999998 0.11187499999999997 0.059100000000000014
0 0.266875 0.6702625 0.06749999999999998 0.03470899999999999
0 0.27656250000000004 0.4967165 0.03812500000000002 0.036585000000000034
0 0.3059375 0.471388 0.09437500000000004 0.066604
0 0.321875 0.620544 0.10125 0.04971799999999993
0 0.3309375 0.7453095 0.083125 0.057223000000000024
0 0.3425 0.3639775 0.10125 0.07504699999999997
0 0.349375 0.517355 0.10999999999999999 0.04409000000000002
0 0.344375 0.9695125 0.06125000000000003 0.05909900000000001
0 0.36875 0.70591 0.09249999999999997 0.040337999999999985
0 0.37593750000000004 0.304409 0.085625 0.040337999999999985
0 0.38687499999999997 0.380394 0.09749999999999998 0.038461999999999996
0 0.36250000000000004 0.869606 0.04375000000000001 0.05628600000000006
0 0.41437500000000005 0.6683865 0.09625 0.023452999999999946
0 0.4034375 0.780019 0.06437499999999996 0.038461999999999996
0 0.443125 0.477955 0.10999999999999999 0.049717999999999984
0 0.4409375 0.784709 0.075625 0.09099400000000002
0 0.4515625 0.32786150000000003 0.083125 0.05722299999999997
0 0.45218749999999996 0.4479365 0.08437500000000003 0.029081000000000023
0 0.48406249999999995 0.413696 0.09687499999999999 0.09005600000000002
0 0.47125 0.771107 0.06874999999999998 0.060038000000000036
0 0.4890625 0.35506550000000003 0.07437499999999997 0.05347099999999999
0 0.49687499999999996 0.7120074999999999 0.08249999999999996 0.06754300000000002
0 0.49906249999999996 0.25797349999999997 0.07812499999999994 0.052532999999999996
0 0.498125 0.609756 0.06874999999999998 0.08255200000000007
0 0.5071875 0.7359285 0.05937500000000001 0.027204999999999924
0 0.516875 0.316604 0.06 0.027204000000000006
0 0.5078125 0.8686674999999999 0.029374999999999984 0.07692299999999996
0 0.546875 0.5243905 0.09749999999999998 0.058161000000000074
0 0.5328124999999999 0.44136949999999997 0.06187500000000001 0.03846100000000002
0 0.5571875 0.32879899999999995 0.06937500000000008 0.047841999999999996
0 0.5700000000000001 0.6144464999999999 0.08500000000000008 0.061912999999999996
0 0.57875 0.7579735000000001 0.10250000000000004 0.06003700000000001
0 0.5915625 0.27814249999999996 0.08687500000000004 0.09287099999999998
0 0.606875 0.651501 0.10249999999999992 0.038461999999999996
0 0.6084375 0.4521575 0.09187500000000004 0.06003700000000001
0 0.6115625 0.41275799999999996 0.08562500000000006 0.05065599999999998
0 0.620625 0.22044999999999998 0.09624999999999995 0.061914
0 0.62375 0.169325 0.08999999999999997 0.10975600000000002
0 0.6290625 0.6937150000000001 0.07937499999999997 0.04971800000000004
0 0.6499999999999999 0.05863 0.0675 0.023452
0 0.6737500000000001 0.6829265 0.09750000000000003 0.03189500000000001
0 0.6596875 0.3850845 0.059374999999999956 0.032833
0 0.67875 0.521107 0.09750000000000003 0.05534799999999995
0 0.6671875 0.424484 0.038125000000000075 0.04221400000000003
0 0.6975 0.3405255 0.08624999999999994 0.071295
0 0.6909375 0.5586305 0.07062499999999994 0.027205000000000035
0 0.720625 0.644465 0.10375000000000001 0.06379000000000001
0 0.7175 0.394465 0.05625000000000002 0.040337999999999985
0 0.7409375 0.336773 0.03687499999999999 0.03189399999999998
0 0.7596875000000001 0.24155700000000002 0.06937500000000008 0.06472800000000004
0 0.7775000000000001 0.5187620000000001 0.08999999999999997 0.06941800000000004
0 0.799375 0.403377 0.09999999999999998 0.06941799999999998
0 0.8106249999999999 0.13883700000000002 0.10999999999999999 0.067542
0 0.80875 0.5919325 0.09375 0.07317099999999999
0 0.8440624999999999 0.425891 0.05937500000000007 0.06191399999999997
0 0.858125 0.47607900000000003 0.036250000000000004 0.04596600000000001
0 0.8665624999999999 0.553002 0.041874999999999996 0.04971799999999993
