0 0.1020835 0.16875 0.100833 0.046249999999999986
0 0.11458349999999999 0.2290625 0.120833 0.03437499999999999
0 0.16625 0.051250000000000004 0.145834 0.06875
0 0.24916699999999997 0.1015625 0.12999999999999998 0.06312499999999999
0 0.5608335 0.27 0.5533330000000001 0.39625
0 0.6008335 0.049374999999999995 0.13166699999999998 0.04625
0 0.70375 0.1115625 0.16416600000000003 0.040624999999999994
0 0.80125 0.2765625 0.3325 0.13812500000000003
0 0.82875 0.40656250000000005 0.240834 0.075625
0 0.90375 0.586875 0.19083400000000006 0.05625000000000002
0 0.8991665 0.9046875000000001 0.13666699999999998 0.04312499999999997
0 0.9195835 0.468125 0.15916700000000006 0.10250000000000004
0 0.9445835 0.2075 0.10916700000000001 0.08749999999999997
0 0.9491670000000001 0.098125 0.09999999999999998 0.0975
0 0.95375 0.335625 0.09083400000000008 0.08374999999999999
