0 0.053813 0.22999999999999998 0.10335 0.0325
0 0.1454025 0.5709375 0.149679 0.07687500000000003
0 0.1553815 0.21250000000000002 0.021382999999999985 0.027499999999999997
0 0.2049185 0.37625 0.023521000000000014 0.013749999999999984
0 0.305417 0.22875 0.024946000000000024 0.018750000000000017
0 0.557733 0.310625 0.10905200000000004 0.04625000000000001
0 0.6610835 0.47625 0.06628699999999998 0.022499999999999964
0 0.7234499999999999 0.5393749999999999 0.10121199999999997 0.036250000000000004
0 0.796151 0.42593749999999997 0.06414799999999998 0.02437499999999998
0 0.7826085 0.20375 0.03278700000000001 0.027499999999999997
0 0.87598 0.2028125 0.037063999999999986 0.02562500000000001
