0 0.013672 0.803385 0.027344 0.03385400000000005
0 0.227539 0.2233075 0.455078 0.446615
0 0.0112305 0.5553385 0.014648999999999999 0.014322999999999975
0 0.0200195 0.482422 0.014649 0.02213599999999999
0 0.051758 0.156901 0.027344 0.022136000000000017
0 0.067383 0.4908855 0.017578000000000003 0.015625
0 0.1572265 0.5957030000000001 0.06835899999999999 0.074218
0 0.8833005 0.4433595 0.02636699999999992 0.01692699999999997
0 0.886719 0.092448 0.013672000000000017 0.023438
0 0.894531 0.041666499999999995 0.017577999999999983 0.013020999999999998
0 0.912109 0.932943 0.03125 0.035155999999999965
0 0.9082034999999999 0.47916650000000005 0.019531000000000076 0.013021000000000005
0 0.953125 0.05859350000000001 0.017578000000000094 0.015625000000000007
0 0.956543 0.44986950000000003 0.016602000000000006 0.01432300000000003
0 0.9755860000000001 0.14388 0.013672000000000017 0.029948000000000002
0 0.9912105 0.1191405 0.015625 0.016926999999999998
