0 0.2491935 0.75625 0.454839 0.15749999999999997
0 0.1149195 0.3021875 0.229839 0.08687500000000004
0 0.113306 0.1278125 0.225 0.18312499999999998
0 0.160887 0.5984375 0.310484 0.08937499999999998
0 0.1495965 0.448125 0.279839 0.14375000000000004
0 0.42217699999999997 0.2496875 0.35725799999999996 0.21187500000000004
0 0.46370999999999996 0.09687499999999999 0.432258 0.09374999999999999
0 0.4959675 0.8975 0.45161300000000004 0.13
0 0.44637099999999996 0.51125 0.24274199999999996 0.31750000000000006
0 0.737097 0.7496875000000001 0.4145160000000001 0.08687499999999992
0 0.759274 0.37031250000000004 0.400806 0.179375
0 0.7737905 0.5984375 0.399193 0.17062499999999992
0 0.805242 0.15749999999999997 0.22499999999999998 0.21874999999999997
