0 0.7566405 0.7796875 0.142969 0.23229100000000003
0 0.2320315 0.28229150000000003 0.04062500000000002 0.06666699999999998
0 0.3691405 0.0703125 0.025781 0.023959
0 0.4265625 0.1765625 0.067187 0.048959
0 0.4722655 0.4239585 0.025781 0.033333
0 0.535156 0.9291665 0.13125000000000003 0.06458300000000006
0 0.5148435 0.34322949999999997 0.046875 0.05937500000000001
0 0.5078125 0.3083335 0.02968700000000002 0.014583000000000013
0 0.5562499999999999 0.7484375 0.09999999999999998 0.08854099999999998
0 0.5222655 0.2708335 0.02421899999999999 0.05416699999999999
0 0.608203 0.011979 0.027343999999999924 0.023958
0 0.623438 0.258854 0.03125 0.05729199999999998
0 0.659375 0.5270835 0.0625 0.04166700000000001
0 0.6640625 0.377083 0.04843700000000006 0.043749999999999956
0 0.664844 0.0859375 0.018750000000000044 0.02812500000000001
0 0.7898435 0.441146 0.046875 0.06354199999999999
0 0.783203 0.253125 0.010156000000000054 0.02083399999999999
0 0.7871095 0.1625 0.010156999999999972 0.045833999999999986
0 0.7894535 0.049479499999999996 0.011719000000000035 0.028125000000000004
0 0.8671875 0.719792 0.07187499999999991 0.0625
0 0.8464845000000001 0.30208349999999995 0.022657000000000038 0.095833
0 0.9078125 0.5322915 0.06093700000000002 0.10833300000000001
0 0.9210935 0.2828125 0.015625 0.057291000000000036
