0 0.7640625 0.473611 0.13020900000000002 0.11666599999999999
0 0.00625 0.1993055 0.0125 0.04583300000000001
0 0.0130205 0.2958335 0.021875 0.030555
0 0.0307295 0.220833 0.053125000000000006 0.05277799999999999
0 0.021354 0.037500000000000006 0.023958 0.025
0 0.07395850000000001 0.2569445 0.085417 0.069445
0 0.09687499999999999 0.3465275 0.102084 0.101389
0 0.0895835 0.1479165 0.07291699999999998 0.070833
0 0.1395835 0.29374999999999996 0.03958299999999999 0.065278
0 0.184896 0.20694449999999998 0.073958 0.063889
0 0.20468750000000002 0.49097199999999996 0.080209 0.11249999999999999
0 0.2213545 0.3152775 0.021875000000000006 0.036111000000000004
0 0.24895849999999997 0.282639 0.07291699999999998 0.07083400000000001
0 0.2546875 0.16527750000000002 0.05729100000000001 0.058332999999999996
0 0.282292 0.186111 0.07500000000000001 0.069444
0 0.328125 0.03125 0.03958399999999995 0.043056
0 0.3609375 0.2631945 0.05312500000000003 0.05694500000000002
0 0.3932295 0.46805549999999996 0.07187500000000002 0.06944499999999992
0 0.39375 0.21666649999999998 0.066666 0.061111
0 0.4 0.28055549999999996 0.07916600000000001 0.058333000000000024
0 0.459375 0.175 0.06458400000000003 0.058334
0 0.465104 0.323611 0.03645799999999999 0.047221999999999986
0 0.4546875 0.10625 0.01354099999999997 0.026387999999999995
0 0.494792 0.25416700000000003 0.05624999999999997 0.07500000000000001
0 0.5026045 0.45972199999999996 0.05937500000000001 0.12499999999999994
0 0.5020830000000001 0.3006945 0.03749999999999998 0.04027699999999995
0 0.515625 0.2243055 0.045833999999999986 0.045832999999999985
0 0.5760415 0.192361 0.06041699999999994 0.059722
0 0.5598955 0.30625 0.015625 0.056943999999999995
0 0.5979165 0.395139 0.08541699999999997 0.08194400000000002
0 0.5916665 0.24791649999999998 0.06666700000000003 0.05138899999999999
0 0.5875 0.08611150000000001 0.03125 0.03888899999999999
0 0.61875 0.156944 0.022915999999999936 0.025000000000000022
0 0.6182295 0.3152775 0.015625 0.03888900000000001
0 0.6447915 0.3055555 0.05833299999999997 0.06388900000000003
0 0.6770835 0.28402799999999995 0.0791670000000001 0.065278
0 0.6885414999999999 0.024999999999999998 0.05208299999999999 0.041666
0 0.7296875 0.23680600000000002 0.11145900000000009 0.06250000000000003
0 0.7229165 0.167361 0.07291700000000001 0.068056
0 0.7557290000000001 0.3055555 0.08854200000000001 0.058333000000000024
0 0.7395835 0.349306 0.04166700000000001 0.03749999999999998
0 0.797396 0.5194445 0.07604199999999994 0.09166699999999994
0 0.7822914999999999 0.35 0.04166700000000001 0.04722200000000004
0 0.8265625 0.3131945 0.07604100000000003 0.04583300000000001
0 0.8875 0.4506945 0.129166 0.07638900000000004
0 0.878125 0.304861 0.04791599999999996 0.04583400000000004
0 0.9020835 0.1465275 0.08958299999999997 0.070833
0 0.8963540000000001 0.3472225 0.05729200000000001 0.03888900000000001
0 0.90625 0.276389 0.07291599999999998 0.05277799999999999
0 0.9140625 0.0118055 0.03020899999999993 0.023611
0 0.965625 0.26458349999999997 0.066666 0.05416700000000002
