0 0.528726 0.1415625 0.8009999999999999 0.25437499999999996
0 0.40424649999999995 0.6625 0.512073 0.17625000000000002
0 0.215654 0.858125 0.08826 0.12
0 0.436303 0.34750000000000003 0.46627799999999997 0.13999999999999996
0 0.5641134999999999 0.504375 0.716903 0.22249999999999998
0 0.629892 0.8309375000000001 0.593672 0.239375
0 0.744796 0.6828125 0.059118000000000004 0.07687499999999992
0 0.755204 0.36031250000000004 0.04829400000000006 0.07687499999999997
0 0.8780185 0.2840625 0.10241500000000003 0.09562499999999999
0 0.8905080000000001 0.64375 0.08243199999999995 0.11750000000000005
