0 0.6065625 0.39416700000000005 0.29437500000000005 0.195
0 0.7515625 0.5179165 0.026874999999999982 0.04583300000000001
0 0.796875 0.471667 0.0475000000000001 0.050000000000000044
0 0.82375 0.41208350000000005 0.040000000000000036 0.034167
0 0.83625 0.5345835000000001 0.03125 0.030833
0 0.891875 0.6625000000000001 0.07250000000000001 0.056665999999999994
0 0.91125 0.3829165 0.0462499999999999 0.04083300000000001
0 0.93375 0.5858335 0.050000000000000044 0.03833299999999995
0 0.9571875 0.6920835000000001 0.04812499999999997 0.07083300000000003
0 0.9862500000000001 0.6875 0.026249999999999996 0.03833400000000009
0 0.9928125 0.7370835 0.013125000000000053 0.025832999999999995
