0 0.7975000000000001 0.7533335000000001 0.3375 0.291667
0 0.1771875 0.2729165 0.24687499999999998 0.16416699999999998
0 0.205 0.3408335 0.2375 0.141667
0 0.300625 0.40625 0.2225 0.130834
0 0.3165625 0.160833 0.17687500000000003 0.14999999999999997
0 0.384375 0.19625 0.19875000000000004 0.16583399999999998
0 0.41562499999999997 0.24625000000000002 0.18374999999999997 0.24416600000000002
0 0.47124999999999995 0.419167 0.22749999999999998 0.09499999999999997
0 0.548125 0.52 0.31375 0.09666599999999997
0 0.514375 0.2804165 0.19 0.18583300000000003
0 0.5446875 0.5920835 0.25062500000000004 0.18583300000000003
0 0.5878125000000001 0.29874999999999996 0.218125 0.16416599999999998
0 0.7071875 0.6475 0.25312500000000004 0.15833399999999997
0 0.6925 0.3829165 0.0787500000000001 0.229167
0 0.7771875 0.445 0.13937500000000003 0.21166600000000002
0 0.861875 0.5141665 0.12750000000000006 0.218333
0 0.9393750000000001 0.954167 0.12 0.09000000000000008
