0 0.035 0.496491 0.06875 0.280702
0 0.034375 0.9271929999999999 0.065 0.11754399999999998
0 0.16875 0.924123 0.1725 0.15000000000000002
0 0.17781249999999998 0.60307 0.05562500000000001 0.17806999999999995
0 0.415625 0.834649 0.35375 0.17631600000000003
0 0.3921875 0.6473685 0.12312499999999998 0.07192900000000002
0 0.681875 0.329386 0.635 0.395614
0 0.4225 0.6048245000000001 0.10125 0.109649
0 0.4634375 0.048684 0.16562500000000002 0.097368
0 0.5340625 0.15833350000000002 0.17812500000000003 0.155263
0 0.5896875 0.5592105 0.24562500000000004 0.19035100000000005
0 0.5340625 0.7473685 0.11937500000000001 0.04912300000000003
0 0.6090625000000001 0.6592105 0.12312500000000004 0.078071
0 0.78375 0.8701755 0.375 0.257895
0 0.9137500000000001 0.208772 0.14125 0.126316
