0 0.338287 0.7096875 0.178322 0.10562499999999997
0 0.41520999999999997 0.8996875 0.162588 0.09062499999999996
0 0.417832 0.893125 0.134616 0.10124999999999995
0 0.45847899999999997 0.676875 0.04283200000000004 0.1399999999999999
0 0.49868900000000005 0.7 0.08129400000000003 0.17625000000000002
0 0.5205415 0.7709375 0.09003500000000003 0.16437500000000005
0 0.5467655 0.7590625 0.11451100000000003 0.259375
0 0.719843 0.6796875 0.16521000000000008 0.1143749999999999
0 0.71285 0.7446875 0.05506999999999995 0.12812499999999993
0 0.8347899999999999 0.7625 0.27447600000000005 0.13
0 0.8583915 0.844375 0.241259 0.11624999999999996
