0 0.5856250000000001 0.21199250000000003 0.13249999999999995 0.09159500000000001
0 0.0109375 0.2474035 0.021875 0.02266299999999999
0 0.4996875 0.639282 0.999375 0.7101040000000001
0 0.0265625 0.253541 0.023125 0.019830000000000014
0 0.083125 0.0339945 0.1025 0.067989
0 0.0678125 0.320113 0.06437500000000002 0.03210600000000002
0 0.1509375 0.2091595 0.045625 0.038715
0 0.28500000000000003 0.24457050000000002 0.04999999999999999 0.024551000000000017
0 0.438125 0.2082155 0.04375000000000001 0.029272999999999993
0 0.8359375 0.25920699999999997 0.12187499999999996 0.04626999999999998
0 0.856875 0.210104 0.03375000000000006 0.02549599999999999
0 0.9884375000000001 0.2417375 0.021874999999999978 0.04721500000000001
