0 0.4219625 0.3284375 0.23271099999999995 0.16937500000000003
0 0.1733645 0.6246875000000001 0.268225 0.22187499999999993
0 0.18972 0.6809375 0.07102799999999998 0.09937499999999999
0 0.206075 0.28375 0.07383200000000001 0.05625000000000002
0 0.20327099999999998 0.3521875 0.058878000000000014 0.05937500000000001
0 0.3042055 0.18125 0.10747699999999999 0.10749999999999998
0 0.36962649999999997 0.7790625 0.15607500000000002 0.15187499999999998
0 0.43224300000000004 0.5296875 0.21028000000000008 0.18937500000000002
0 0.576168 0.505 0.13551400000000002 0.20124999999999998
0 0.546262 0.11562499999999999 0.03831799999999996 0.05124999999999999
0 0.6121495 0.754375 0.11028100000000007 0.1775
0 0.6967289999999999 0.1965625 0.09439199999999992 0.10062500000000002
0 0.7350465 0.4665625 0.04392499999999999 0.09062499999999996
0 0.8154205 0.1984375 0.04579500000000003 0.053125000000000006
0 0.877103 0.2171875 0.086916 0.15187500000000004
0 0.931308 0.58875 0.13551400000000002 0.20500000000000002
0 0.9850464999999999 0.2590625 0.02803699999999998 0.044375
