0 0.35125 0.28625 0.27749999999999997 0.18583399999999997
0 0.0171875 0.32375 0.034375 0.069166
0 0.051875 0.47 0.03749999999999999 0.044999999999999984
0 0.1365625 0.129167 0.06437500000000002 0.05500000000000001
0 0.148125 0.070417 0.05374999999999999 0.0375
0 0.47906249999999995 0.5700000000000001 0.21187499999999998 0.19000000000000006
0 0.6384375 0.67125 0.145625 0.07916600000000007
0 0.745625 0.4441665 0.27749999999999997 0.206667
0 0.6671875 0.14375 0.09562499999999996 0.070834
0 0.76875 0.1654165 0.04249999999999998 0.034167
