0 0.134375 0.42083349999999997 0.08124999999999999 0.14666700000000005
0 0.225 0.11875000000000001 0.044999999999999984 0.04083400000000001
0 0.248125 0.58125 0.027500000000000024 0.03583400000000003
0 0.303125 0.041249999999999995 0.026249999999999996 0.020834
0 0.38 0.09625 0.040000000000000036 0.02083399999999999
0 0.44156249999999997 0.04875 0.05437500000000001 0.019166000000000002
0 0.4715625 0.12916650000000002 0.026874999999999982 0.013333000000000012
0 0.4846875 0.09125 0.05062500000000003 0.044166
0 0.4821875 0.19125 0.029374999999999984 0.02083400000000002
0 0.493125 0.15416649999999998 0.03874999999999995 0.008333000000000007
0 0.5209375 0.1341665 0.05812500000000004 0.016666999999999987
0 0.51625 0.206667 0.03374999999999995 0.035
0 0.5284375 0.2375 0.05062499999999992 0.01999999999999999
0 0.5678125 0.01375 0.028125000000000067 0.020834000000000002
0 0.590625 0.24625 0.029999999999999916 0.017500000000000016
0 0.5984375 0.179167 0.026874999999999982 0.010000000000000009
0 0.6240625 0.11624999999999999 0.04562500000000003 0.012499999999999997
0 0.6221875 0.1695835 0.03562500000000002 0.015832999999999986
0 0.6184375 0.1420835 0.02562500000000001 0.025832999999999995
0 0.6415625 0.20625 0.05687500000000001 0.02083399999999999
0 0.6428125 0.25125 0.051875000000000004 0.027500000000000024
0 0.6446875 0.1883335 0.024375000000000036 0.008333000000000007
0 0.650625 0.0745835 0.023749999999999938 0.015833
0 0.6950000000000001 0.0979165 0.039999999999999925 0.024166999999999994
0 0.7324999999999999 0.180417 0.04500000000000004 0.027499999999999997
0 0.7353125 0.1054165 0.04562500000000003 0.025832999999999995
0 0.7537499999999999 0.28583349999999996 0.03375000000000006 0.013332999999999984
0 0.780625 0.2295835 0.04249999999999998 0.01916699999999999
0 0.78375 0.07208300000000001 0.04625000000000001 0.027500000000000004
0 0.788125 0.2120835 0.040000000000000036 0.024166999999999994
0 0.8009375000000001 0.257917 0.06312499999999999 0.027499999999999997
0 0.7953125 0.19375 0.046875 0.015834000000000015
0 0.8075 0.1495835 0.02750000000000008 0.030833
0 0.81375 0.24125 0.040000000000000036 0.024165999999999965
0 0.8434375000000001 0.30708349999999995 0.01937500000000003 0.01916699999999999
0 0.8515625 0.134583 0.02937499999999993 0.027499999999999997
0 0.8825000000000001 0.14458300000000002 0.04250000000000009 0.027499999999999997
0 0.8978125 0.20375 0.026874999999999982 0.01916599999999999
0 0.9053125 0.3125 0.020625000000000004 0.01833399999999996
0 0.9199999999999999 0.2575 0.04749999999999999 0.04999999999999996
0 0.921875 0.13624999999999998 0.023749999999999938 0.027499999999999997
0 0.9459375000000001 0.32625 0.05312499999999998 0.025834000000000024
0 0.9465625 0.21125 0.051875000000000004 0.025833999999999996
0 0.9725 0.2779165 0.04125000000000001 0.029167
