0 0.04 0.5638885 0.053334000000000006 0.02111099999999999
0 0.08124999999999999 0.798889 0.044166 0.026665999999999968
0 0.097083 0.758889 0.057499999999999996 0.022221999999999964
0 0.1429165 0.598889 0.04416700000000001 0.02444399999999991
0 0.21125 0.258889 0.024165999999999993 0.024443999999999994
0 0.2283335 0.44611100000000004 0.021666999999999992 0.02999999999999997
0 0.2470835 0.5800000000000001 0.044166999999999984 0.026665999999999968
0 0.2508335 0.6077775000000001 0.04166699999999998 0.033332999999999946
0 0.2666665 0.2466665 0.04166699999999998 0.024444999999999967
0 0.274167 0.48277749999999997 0.030000000000000027 0.01888899999999999
0 0.27375 0.1566665 0.022499999999999964 0.026667000000000024
0 0.28375 0.552222 0.03416600000000003 0.022221999999999964
0 0.28875 0.5800000000000001 0.04416600000000004 0.039999999999999925
0 0.30625 0.264444 0.03916599999999998 0.020000000000000018
0 0.30333350000000003 0.2177775 0.028332999999999997 0.026667000000000024
0 0.31375 0.5466664999999999 0.04250000000000004 0.028889000000000054
0 0.31583300000000003 0.29611149999999997 0.02999999999999997 0.021111000000000046
0 0.32291650000000005 0.267222 0.024166999999999994 0.025556000000000023
0 0.32625000000000004 0.068889 0.02250000000000002 0.017778000000000002
0 0.3308335 0.1777775 0.031667 0.028888999999999998
0 0.3416665 0.5127775 0.05333300000000002 0.021111000000000102
0 0.3308335 0.401111 0.028332999999999997 0.033333999999999975
0 0.3375 0.4427775 0.041666000000000036 0.02111099999999999
0 0.3404165 0.09833349999999999 0.01916699999999999 0.021111000000000005
0 0.3479165 0.166667 0.025832999999999995 0.017777999999999988
0 0.3633335 0.38 0.041666999999999954 0.026665999999999968
0 0.35750000000000004 0.122222 0.016666000000000014 0.022222000000000006
0 0.3620835 0.183889 0.02416700000000005 0.016666000000000014
0 0.36458349999999995 0.0794445 0.029167 0.016667
0 0.3716665 0.47 0.04333300000000001 0.019999999999999962
0 0.367917 0.0955555 0.03249999999999997 0.022222999999999993
0 0.37 0.031111 0.023333999999999966 0.033334
0 0.3791665 0.512778 0.04166700000000001 0.02777799999999997
0 0.38833300000000004 0.5438885 0.04999999999999999 0.0411109999999999
0 0.385 0.2466665 0.03500000000000003 0.024444999999999967
0 0.385 0.3238885 0.03500000000000003 0.021111000000000046
0 0.385 0.403333 0.03500000000000003 0.03777799999999998
0 0.38333300000000003 0.13333299999999998 0.02999999999999997 0.01999999999999999
0 0.3933335 0.4261115 0.031667 0.021111000000000046
0 0.396667 0.22999999999999998 0.030000000000000027 0.022221999999999992
0 0.4045835 0.3761115 0.035833000000000004 0.02111099999999999
0 0.41125 0.4394445 0.04583400000000004 0.027776999999999996
0 0.41125 0.328889 0.039166000000000034 0.02444400000000002
0 0.4220835 0.01 0.03416699999999995 0.02
0 0.4325 0.6705555 0.05166599999999999 0.025554999999999994
0 0.4329165 0.568333 0.04583300000000001 0.02777799999999997
0 0.4416665 0.09833349999999999 0.026666999999999996 0.014445
0 0.4575 0.35666699999999996 0.04166599999999998 0.017778000000000016
0 0.47625 0.033889 0.019166000000000016 0.016666000000000004
0 0.47750000000000004 0.012222 0.02166600000000002 0.015556
0 0.499583 0.3516665 0.03750000000000003 0.014445000000000041
0 0.50875 0.233333 0.02250000000000002 0.022221999999999992
0 0.5404169999999999 0.04 0.03749999999999998 0.022221999999999995
0 0.5591665 0.08111099999999999 0.036667000000000005 0.020000000000000004
0 0.5808329999999999 0.016667 0.029999999999999916 0.017778
