0 0.35125 0.7233335000000001 0.09750000000000003 0.22380900000000004
0 0.11499999999999999 0.0414285 0.04625 0.06380899999999999
0 0.1625 0.157619 0.017500000000000016 0.03523799999999999
0 0.22 0.0133335 0.048750000000000016 0.026667
0 0.2790625 0.2461905 0.05937500000000001 0.044760999999999995
0 0.3090625 0.09095249999999999 0.014374999999999971 0.02761899999999999
0 0.3515625 0.3519045 0.016874999999999973 0.018094999999999972
0 0.40593749999999995 0.107619 0.05437500000000001 0.06476200000000001
0 0.4403125 0.12238099999999999 0.023125000000000007 0.04285799999999999
0 0.641875 0.079524 0.053749999999999964 0.05047599999999999
0 0.6509375 0.13 0.028125000000000067 0.046666
0 0.700625 0.098095 0.028749999999999942 0.09523800000000002
0 0.7990625 0.09095249999999999 0.030625000000000013 0.04285699999999999
