0 0.7395835 0.139323 0.10069500000000009 0.098958
0 0.032118 0.7695315 0.03992999999999999 0.02083299999999999
0 0.064236 0.37890650000000003 0.027777999999999997 0.044271000000000005
0 0.2265625 0.26171849999999997 0.03645900000000002 0.054686999999999986
0 0.3515625 0.8177085 0.06423699999999999 0.03645899999999991
0 0.359375 0.1145835 0.06597200000000003 0.054687
0 0.40451400000000004 0.0292965 0.12847199999999998 0.042969
0 0.4149305 0.252604 0.045138999999999985 0.05468799999999999
0 0.458333 0.45768200000000003 0.09722199999999998 0.02994800000000003
0 0.45659700000000003 0.792969 0.069444 0.02604200000000001
0 0.486979 0.2910155 0.06770799999999999 0.05078100000000002
0 0.49392400000000003 0.3652345 0.032986000000000015 0.01953100000000002
0 0.49826400000000004 0.8359375 0.031250000000000056 0.03385499999999997
0 0.516493 0.8053385 0.06770800000000005 0.019531000000000076
0 0.5225695 0.6289065 0.05555500000000002 0.03906299999999996
0 0.578125 0.4570315 0.15972199999999998 0.11197899999999994
0 0.532986 0.5911455 0.05208400000000002 0.04427099999999995
0 0.5590280000000001 0.1946615 0.09027799999999997 0.05598899999999998
0 0.5494795 0.777344 0.04340300000000008 0.03385399999999994
0 0.5668405000000001 0.1634115 0.05034700000000003 0.07161500000000001
0 0.573785 0.6634115 0.06076400000000004 0.03255299999999994
0 0.579861 0.3372395 0.05902799999999997 0.054686999999999986
0 0.5859375 0.719401 0.0607629999999999 0.032552000000000025
0 0.588542 0.753255 0.05902800000000008 0.029948000000000086
0 0.592014 0.5201825 0.06597200000000003 0.042969000000000035
0 0.598958 0.218099 0.0625 0.082032
0 0.6015625 0.28450549999999997 0.06770900000000002 0.07421899999999998
0 0.610243 0.5807295 0.08159800000000006 0.10677099999999995
0 0.638889 0.796224 0.10069399999999995 0.08984399999999992
0 0.6336805 0.6204425 0.04513900000000004 0.048176999999999914
0 0.6684030000000001 0.264323 0.10069399999999995 0.059896000000000005
0 0.6605905 0.688802 0.046875 0.02864599999999995
0 0.666667 0.6582030000000001 0.05902800000000008 0.032552000000000025
0 0.6640625 0.4134115 0.03993099999999994 0.045572999999999975
0 0.671875 0.3535155 0.05555599999999994 0.07421899999999998
0 0.673611 0.5540365 0.05902799999999997 0.040364999999999984
0 0.671007 0.4388025 0.03993000000000002 0.046875
0 0.6779515 0.8782555000000001 0.04340299999999997 0.016927000000000025
0 0.6953125 0.5794275 0.05034699999999992 0.046875
0 0.694444 0.5976565 0.03125 0.04166700000000001
0 0.7135415 0.6660155 0.04166700000000001 0.037760999999999934
0 0.733507 0.735026 0.08159800000000006 0.032552000000000025
0 0.731771 0.8430985 0.02951399999999993 0.016927000000000025
0 0.7387155000000001 0.4746095 0.03993100000000005 0.035156999999999994
