0 0.21187499999999998 0.691839 0.37 0.41182
0 0.2984375 0.487805 0.179375 0.17260799999999998
0 0.3803125 0.4174485 0.186875 0.14446499999999995
0 0.4809375 0.628049 0.37562499999999993 0.36491599999999996
0 0.47625 0.8878985 0.2975 0.20731699999999997
0 0.4278125 0.4193245 0.176875 0.09756100000000001
0 0.5078125 0.227017 0.27812499999999996 0.25516
0 0.548125 0.3780485 0.195 0.09568500000000002
0 0.605 0.47701649999999995 0.14500000000000002 0.13977499999999993
0 0.7046874999999999 0.8025329999999999 0.23062499999999997 0.344278
0 0.7834375 0.383208 0.38312499999999994 0.35178200000000004
0 0.78 0.4540335 0.34624999999999995 0.13696100000000005
0 0.7909375000000001 0.696529 0.35187500000000005 0.19418400000000002
0 0.809375 0.5773925 0.26625 0.12101300000000004
0 0.82375 0.5028144999999999 0.26875000000000004 0.16135099999999997
0 0.9140625 0.143058 0.17062500000000003 0.286116
