0 0.363125 0.6108335 0.51625 0.701667
0 0.058750000000000004 0.2766665 0.115 0.10333299999999998
0 0.10250000000000001 0.6783335 0.11750000000000001 0.07666700000000004
0 0.143125 0.1866665 0.15375 0.10666699999999998
0 0.485 0.338333 0.13000000000000006 0.07999999999999996
0 0.7825 0.733333 0.4325 0.53
0 0.6425000000000001 0.29 0.12 0.063334
0 0.713125 0.4725 0.17125 0.12166599999999994
0 0.735625 0.1116665 0.17625000000000002 0.10666700000000001
0 0.745625 0.31333350000000004 0.17874999999999996 0.096667
0 0.825625 0.4833335 0.18624999999999992 0.14333300000000004
0 0.8456250000000001 0.1591665 0.04625000000000001 0.058332999999999996
0 0.89625 0.215 0.06499999999999995 0.056665999999999994
