0 0.0184375 0.741088 0.021875 0.016885999999999957
0 0.0515625 0.6782364999999999 0.019374999999999996 0.007504999999999984
0 0.0571875 0.835366 0.030624999999999993 0.014071999999999973
0 0.13625 0.879456 0.1675 0.21294600000000008
0 0.0690625 0.8649155 0.028125000000000004 0.018760999999999917
0 0.0734375 0.8180115 0.016875 0.03189500000000001
0 0.115625 0.7110695 0.013749999999999998 0.01500900000000005
0 0.1290625 0.654784 0.030625 0.005627999999999966
0 0.15718749999999998 0.7246715 0.030624999999999986 0.012194999999999956
0 0.2675 0.6782365 0.215 0.15572300000000006
0 0.19 0.8766415 0.03999999999999998 0.004691000000000001
0 0.1925 0.7678235 0.016249999999999987 0.029080999999999912
0 0.2053125 0.803471 0.011874999999999997 0.042214000000000085
0 0.3546875 0.2992495 0.02562500000000001 0.018761000000000028
0 0.39031249999999995 0.4423075 0.023125000000000007 0.05909900000000001
0 0.41031249999999997 0.39258950000000004 0.02437499999999998 0.05534699999999998
0 0.46062499999999995 0.435741 0.05499999999999999 0.06472800000000001
0 0.513125 0.585366 0.04500000000000004 0.08067600000000008
0 0.5353125 0.44559099999999996 0.08687499999999998 0.084428
0 0.6384375 0.782833 0.109375 0.10787999999999998
