0 0.4871795 0.405722 0.008755000000000013 0.02532799999999996
0 0.5059415 0.45684800000000003 0.017510999999999943 0.02251399999999998
0 0.5118825 0.37242 0.019387000000000043 0.02251399999999998
0 0.539087 0.5581615 0.012507999999999964 0.009380999999999973
0 0.5478419999999999 0.4010315 0.028768000000000016 0.03470899999999999
0 0.553471 0.5281425 0.01000600000000007 0.02626699999999993
0 0.5547219999999999 0.4840525 0.012508000000000075 0.015008999999999995
0 0.555347 0.459662 0.008755999999999986 0.016886000000000012
0 0.558474 0.544559 0.01000599999999996 0.017824000000000062
0 0.561601 0.553002 0.01625999999999994 0.015948000000000073
0 0.5672295 0.4493435 0.010006999999999988 0.007504999999999984
0 0.861476 0.4155725 0.275798 0.39774899999999996
