0 0.6053125 0.48843749999999997 0.42187500000000006 0.26437499999999997
0 0.0471875 0.5059375 0.094375 0.22562500000000002
0 0.07156249999999999 0.715625 0.141875 0.39125
0 0.20375 0.599375 0.32125000000000004 0.13874999999999993
0 0.1884375 0.4146875 0.174375 0.05312499999999998
0 0.2121875 0.4828125 0.21187499999999998 0.07687499999999997
0 0.1765625 0.3559375 0.09937500000000002 0.08187499999999998
0 0.255 0.2534375 0.10250000000000004 0.15062499999999998
0 0.4940625 0.2653125 0.188125 0.249375
0 0.8025 0.3146875 0.18999999999999995 0.08187500000000003
0 0.9046875000000001 0.464375 0.18937499999999996 0.135
0 0.919375 0.31156249999999996 0.16000000000000003 0.12312499999999998
0 0.9403125 0.36624999999999996 0.08187499999999992 0.10249999999999998
