0 0.30062500000000003 0.5491665 0.17250000000000001 0.143333
0 0.1359375 0.8729165 0.029375000000000012 0.01416700000000004
0 0.443125 0.68125 0.03500000000000003 0.019166000000000016
0 0.4878125 0.6499999999999999 0.033125000000000016 0.015000000000000013
0 0.51625 0.6475 0.028750000000000053 0.020000000000000018
0 0.5696874999999999 0.8 0.021874999999999978 0.015000000000000013
0 0.5884375 0.6854169999999999 0.020625000000000004 0.01749999999999996
0 0.60625 0.598333 0.03500000000000003 0.030000000000000027
0 0.6790625 0.61625 0.013125000000000053 0.02749999999999997
0 0.6834375 0.659583 0.016874999999999973 0.01749999999999996
0 0.68875 0.6333335 0.01375000000000004 0.0033330000000000304
0 0.7059375000000001 0.69625 0.020625000000000004 0.022499999999999964
0 0.7250000000000001 0.58375 0.03749999999999998 0.02750000000000008
0 0.746875 0.7233335 0.04749999999999999 0.05833299999999997
0 0.7559375 0.524583 0.026874999999999982 0.03249999999999997
0 0.8109375 0.46499999999999997 0.028124999999999956 0.016666000000000014
0 0.8346875 0.5895835 0.026874999999999982 0.025832999999999995
0 0.8903125000000001 0.49958349999999996 0.03187499999999999 0.024166999999999994
