0 0.7246875 0.405957 0.09812500000000002 0.08000000000000002
0 0.081875 0.307234 0.16375 0.09021199999999996
0 0.11125 0.2114895 0.2225 0.164255
0 0.1171875 0.487234 0.234375 0.10468
0 0.1215625 0.528936 0.079375 0.05872399999999994
0 0.24281250000000001 0.0523405 0.278125 0.104681
0 0.2875 0.13361699999999999 0.32625 0.08851
0 0.23 0.37914899999999996 0.15750000000000003 0.164256
0 0.240625 0.5523404999999999 0.048750000000000016 0.07489299999999999
0 0.30281250000000004 0.5289365 0.080625 0.12851100000000004
0 0.3265625 0.52 0.06687499999999996 0.08340400000000003
0 0.4065625 0.507234 0.046875 0.05446800000000007
0 0.9265625 0.178298 0.13187500000000008 0.091064
