0 0.10375000000000001 0.2565055 0.179166 0.168525
0 0.0320835 0.772615 0.064167 0.08550200000000008
0 0.0991665 0.5285005 0.198333 0.14250299999999994
0 0.1229165 0.9114005000000001 0.245833 0.17472100000000002
0 0.195 0.6771995 0.365 0.147459
0 0.21208349999999998 0.0402725 0.329167 0.080545
0 0.321667 0.140644 0.41 0.14993800000000002
0 0.30374999999999996 0.27509300000000003 0.2575 0.11152400000000001
0 0.342083 0.578067 0.2675 0.10532800000000009
0 0.46333349999999995 0.345725 0.418333 0.14622000000000002
0 0.5095835 0.8952915 0.345833 0.20693899999999998
0 0.6766665 0.732962 0.471667 0.24411399999999994
0 0.6095835000000001 0.4975215 0.31916700000000003 0.12267700000000004
0 0.6979165 0.44299849999999996 0.434167 0.140025
0 0.65 0.2081785 0.30833399999999994 0.09665500000000002
0 0.81375 0.8878565 0.34750000000000003 0.11028500000000008
0 0.8725 0.371128 0.25333400000000006 0.10285
0 0.8933335 0.1784385 0.21166700000000005 0.12887300000000002
0 0.895 0.2726145 0.20833400000000002 0.128873
0 0.94625 0.8178435 0.10583399999999998 0.101611
0 0.9745835 0.9789345 0.04916700000000007 0.03965300000000005
0 0.9783335 0.723048 0.04166700000000001 0.08797999999999995
