0 0.612745 0.6758575 0.15032599999999996 0.15073500000000006
0 0.1928105 0.9240195 0.06209100000000001 0.10784299999999991
0 0.21732050000000003 0.425858 0.09803900000000002 0.091912
0 0.262255 0.0974265 0.08660199999999998 0.060049000000000005
0 0.2998365 0.411152 0.09640499999999996 0.08945999999999998
0 0.4019605 0.5545344999999999 0.10457499999999997 0.116421
0 0.3986925 0.1366425 0.08823500000000001 0.064951
0 0.5367645 0.1838235 0.08333300000000005 0.06372499999999998
0 0.5915035 0.2126225 0.10457499999999997 0.08455900000000002
0 0.6707515 0.334559 0.14215699999999998 0.09068600000000004
