0 0.508125 0.335563 0.2525 0.16830999999999996
0 0.0284375 0.5285215 0.056875 0.06549299999999997
0 0.0321875 0.680986 0.064375 0.06478800000000007
0 0.0321875 0.7802815 0.064375 0.04084500000000002
0 0.0396875 0.616549 0.079375 0.04295800000000005
0 0.063125 0.7373235 0.11249999999999999 0.07183099999999998
0 0.0684375 0.8161975 0.108125 0.07887299999999997
0 0.0690625 0.975352 0.106875 0.04788799999999993
0 0.048437499999999994 0.086972 0.050624999999999996 0.03591599999999999
0 0.066875 0.4640845 0.0775 0.053520999999999985
0 0.11562499999999999 0.160211 0.1475 0.11338000000000001
0 0.078125 0.234859 0.05125 0.035916000000000003
0 0.12 0.0609155 0.11125 0.051409
0 0.135 0.7580985 0.0925 0.07253500000000002
0 0.16875 0.8978875 0.14125 0.07042300000000001
0 0.18 0.5669010000000001 0.13375 0.12535200000000002
0 0.3546875 0.6091549999999999 0.09437499999999999 0.078874
0 0.3653125 0.8352109999999999 0.09437499999999999 0.03802800000000006
0 0.3640625 0.9514085 0.051875000000000004 0.09577499999999994
0 0.4565625 0.8859155000000001 0.11562500000000003 0.04647900000000005
0 0.4453125 0.9859155 0.08687500000000004 0.026760999999999924
0 0.49187500000000006 0.672535 0.08500000000000002 0.05492999999999992
0 0.5259375 0.925352 0.046875 0.03239399999999992
0 0.5703125 0.9422535000000001 0.10812500000000003 0.04647900000000005
0 0.5625 0.8640845 0.08624999999999994 0.03098500000000004
0 0.590625 0.744014 0.10375000000000001 0.05140800000000001
0 0.5959375 0.6172535 0.114375 0.05140900000000004
0 0.5874999999999999 0.820775 0.07874999999999999 0.050000000000000044
0 0.6234375 0.644014 0.10812500000000003 0.04295800000000005
0 0.64375 0.9422535000000001 0.07874999999999999 0.042252999999999985
0 0.6390625 0.7827465 0.06687500000000002 0.03591499999999992
0 0.6546875000000001 0.7073944999999999 0.073125 0.03591500000000003
0 0.7068749999999999 0.7651410000000001 0.13249999999999995 0.05140800000000001
0 0.6703125000000001 0.649296 0.05312499999999998 0.056338
0 0.696875 0.697183 0.08499999999999996 0.029578000000000104
0 0.8028124999999999 0.693662 0.104375 0.049296000000000006
