0 0.7218575 0.404375 0.17729899999999998 0.08250000000000002
0 0.050188 0.23531249999999998 0.087242 0.06312499999999999
0 0.2002815 0.35843749999999996 0.12476500000000001 0.03937499999999999
0 0.215291 0.7581249999999999 0.059100000000000014 0.04999999999999993
0 0.2349905 0.6890625 0.07223299999999999 0.06812499999999999
0 0.296435 0.739375 0.08255199999999996 0.03875000000000006
0 0.3015945 0.6259375 0.030957000000000012 0.020625000000000004
0 0.355535 0.7334375 0.133208 0.04437499999999994
0 0.43996250000000003 0.24125000000000002 0.04690500000000003 0.047500000000000014
0 0.5351779999999999 0.15 0.08724199999999993 0.028749999999999998
0 0.7668855 0.4496875 0.464353 0.899375
