0 0.0829165 0.5596875 0.045833 0.04812499999999997
0 0.21291700000000002 0.7334375 0.17750000000000002 0.34062500000000007
0 0.18 0.3984375 0.03833400000000001 0.03562500000000002
0 0.17875000000000002 0.358125 0.0325 0.04750000000000004
0 0.2325 0.471875 0.07500000000000001 0.05249999999999999
0 0.250833 0.4971875 0.07500000000000001 0.03937499999999999
0 0.3258335 0.62375 0.21166700000000002 0.07499999999999996
0 0.2733335 0.541875 0.098333 0.05249999999999999
0 0.335833 0.514375 0.20000000000000004 0.07375000000000004
0 0.379583 0.45999999999999996 0.23250000000000004 0.06
0 0.4020835 0.40875 0.14083299999999999 0.06125000000000003
0 0.46375 0.5743750000000001 0.12749999999999995 0.06500000000000006
0 0.47833349999999997 0.88875 0.148333 0.07374999999999998
0 0.48041649999999997 0.49312500000000004 0.08416699999999999 0.05125000000000002
0 0.4979165 0.3778125 0.09083299999999994 0.03937499999999999
0 0.50375 0.323125 0.10250000000000004 0.05249999999999999
0 0.5341665 0.6443749999999999 0.11833300000000002 0.05500000000000005
0 0.567083 0.5325 0.10250000000000004 0.050000000000000044
0 0.5958335 0.7025 0.11833300000000002 0.050000000000000044
0 0.6116665 0.76125 0.141667 0.04249999999999998
0 0.5879165 0.5828125 0.06583299999999992 0.07187500000000002
0 0.611667 0.4621875 0.10499999999999998 0.07687499999999997
0 0.6708335 0.4496875 0.11833300000000002 0.03437499999999999
0 0.6754169999999999 0.665 0.12249999999999994 0.09375
0 0.6983334999999999 0.5103125 0.12333300000000003 0.06312499999999999
0 0.70625 0.39437500000000003 0.10750000000000004 0.03250000000000003
0 0.6958329999999999 0.5753125 0.04999999999999993 0.05312500000000009
0 0.712083 0.89625 0.07750000000000001 0.15874999999999995
0 0.7858335000000001 0.7784375 0.14833299999999994 0.05687500000000001
0 0.772083 0.8228125 0.10250000000000004 0.08062500000000006
0 0.7483335 0.6734375 0.036667000000000005 0.06687500000000002
0 0.8041670000000001 0.5871875 0.07999999999999996 0.04437500000000005
0 0.844167 0.5540625 0.15500000000000003 0.03937499999999994
0 0.850833 0.6690625 0.10999999999999999 0.04812499999999997
0 0.905417 0.635 0.12749999999999995 0.03374999999999995
0 0.9183335 0.5871875 0.11166699999999996 0.04812499999999997
0 0.93625 0.8465625 0.125834 0.07687500000000003
