0 0.0159375 0.50875 0.031875 0.029166000000000025
0 0.0396875 0.48125 0.015625 0.019166000000000016
0 0.07125000000000001 0.491667 0.013749999999999998 0.015000000000000013
0 0.16812500000000002 0.773333 0.037500000000000006 0.04500000000000004
0 0.5925 0.8758334999999999 0.81375 0.24666700000000008
0 0.21468749999999998 0.5716669999999999 0.048125 0.03500000000000003
0 0.42656249999999996 0.5974999999999999 0.02437499999999998 0.058334
0 0.4665625 0.5504165 0.021874999999999978 0.025832999999999995
0 0.4890625 0.5554165 0.015625 0.029166999999999943
0 0.5459375 0.42125 0.018125000000000058 0.03249999999999997
0 0.6153124999999999 0.47250000000000003 0.04937500000000006 0.041666000000000036
0 0.6234375 0.5504165000000001 0.015625 0.019167000000000045
0 0.6625 0.52125 0.03875000000000006 0.025833999999999913
0 0.66625 0.5983335000000001 0.03875000000000006 0.033332999999999946
0 0.82375 0.5020830000000001 0.023749999999999938 0.02250000000000002
0 0.860625 0.46291649999999995 0.02749999999999997 0.024166999999999994
0 0.86625 0.562083 0.026249999999999996 0.022499999999999964
0 0.9496875 0.5504165 0.016874999999999973 0.029166999999999943
