0 0.305 0.695833 0.16749999999999998 0.15500000000000003
0 0.0178125 0.42 0.035625 0.14500000000000002
0 0.4996875 0.2641665 0.999375 0.521667
0 0.030625 0.6775 0.056249999999999994 0.08499999999999996
0 0.08281250000000001 0.43208349999999995 0.065625 0.095833
0 0.2140625 0.5587500000000001 0.03562499999999999 0.0675
0 0.3471875 0.095417 0.18312499999999998 0.11249999999999999
0 0.303125 0.6116665 0.08249999999999996 0.05166699999999991
0 0.4153125 0.297917 0.09562500000000002 0.12750000000000003
0 0.41500000000000004 0.4620835 0.08124999999999999 0.07416700000000004
0 0.4515625 0.9383334999999999 0.05687500000000001 0.11666699999999997
0 0.48406249999999995 0.439583 0.10812499999999997 0.07750000000000001
0 0.4840625 0.539167 0.030625000000000013 0.05500000000000005
0 0.5371874999999999 0.55 0.05437499999999995 0.09166599999999991
0 0.5634375 0.527083 0.07937499999999997 0.08249999999999996
0 0.611875 0.4845835 0.053750000000000075 0.07083300000000003
0 0.643125 0.8108335 0.11625000000000008 0.10666700000000007
0 0.6471875 0.5116665 0.06062500000000004 0.058333000000000024
0 0.6453125 0.5483335 0.04937500000000006 0.046667000000000014
0 0.680625 0.5183329999999999 0.03874999999999995 0.08999999999999997
0 0.729375 0.3245835 0.11125000000000007 0.12583300000000003
0 0.7240625 0.525 0.06187500000000001 0.061666
0 0.7353125 0.44083300000000003 0.05062500000000003 0.05499999999999999
0 0.7506250000000001 0.47750000000000004 0.06874999999999998 0.05333400000000005
0 0.7978125 0.6104164999999999 0.09562499999999996 0.07083300000000003
0 0.821875 0.9870835 0.10499999999999998 0.02416700000000005
0 0.824375 0.567917 0.03249999999999997 0.08250000000000002
0 0.9159375000000001 0.578333 0.166875 0.10999999999999999
0 0.861875 0.5233335 0.03749999999999998 0.05166699999999996
