0 0.3149415 0.2018225 0.014649000000000023 0.015625
0 0.3613285 0.14257799999999998 0.015625 0.027344000000000007
0 0.38720699999999997 0.23632799999999998 0.026368000000000003 0.05338600000000002
0 0.392578 0.0950525 0.007811999999999986 0.018228999999999995
0 0.416504 0.095703 0.010741999999999974 0.032552
0 0.419922 0.005859499999999999 0.009765999999999997 0.009115
0 0.45166 0.0065105 0.01269600000000004 0.010417000000000001
0 0.4555665 0.11588500000000002 0.014649000000000023 0.03385400000000001
0 0.4833985 0.3196615 0.01757900000000001 0.009114999999999984
0 0.5063475 0.171875 0.03222699999999995 0.033853999999999995
0 0.5029295 0.0175785 0.011719000000000035 0.011719
0 0.505371 0.003906 0.014647999999999994 0.007812
0 0.5097655 0.252604 0.00781300000000007 0.023437999999999987
0 0.5200195000000001 0.14518199999999998 0.016600999999999977 0.03515599999999999
0 0.5390625 0.0234375 0.015625 0.033854999999999996
0 0.554199 0.266276 0.014647999999999994 0.029947999999999975
0 0.5800780000000001 0.30924450000000003 0.013672000000000017 0.01171899999999998
0 0.583496 0.403646 0.014647999999999994 0.007812000000000041
0 0.6557615 0.516927 0.008788999999999936 0.02083400000000002
