0 0.28218750000000004 0.550833 0.07937500000000003 0.11999999999999994
0 0.2540625 0.296667 0.508125 0.585
0 0.048437499999999994 0.6487499999999999 0.049374999999999995 0.032500000000000084
0 0.0525 0.7616665 0.04875 0.06833299999999998
0 0.0840625 0.807083 0.045625 0.0675
0 0.20656249999999998 0.742917 0.024375000000000008 0.03749999999999998
0 0.5809375 0.12625 0.018124999999999947 0.020834000000000005
0 0.605 0.0554165 0.043749999999999956 0.06916699999999999
0 0.6140625 0.077917 0.020625000000000004 0.037500000000000006
0 0.65875 0.31791650000000005 0.02749999999999997 0.08083299999999999
0 0.6834374999999999 0.1066665 0.02937500000000004 0.053333000000000005
0 0.69875 0.40625 0.040000000000000036 0.029166000000000025
0 0.6975 0.13125 0.013749999999999929 0.030833999999999986
0 0.73375 0.46875 0.04249999999999998 0.030834000000000028
0 0.7828124999999999 0.4654165 0.05062500000000003 0.034167
0 0.7990625 0.2004165 0.020625000000000004 0.12083299999999997
0 0.7971874999999999 0.115 0.011874999999999969 0.033334
0 0.8203125 0.050417000000000003 0.009374999999999911 0.027500000000000004
0 0.8378125000000001 0.1729165 0.02312499999999995 0.06916699999999998
0 0.845625 0.4320835 0.03125 0.025832999999999995
0 0.8668750000000001 0.1875 0.03500000000000003 0.056665999999999994
0 0.8921875 0.6287499999999999 0.05437500000000006 0.02749999999999997
0 0.9824999999999999 0.795417 0.03375000000000006 0.12249999999999994
