0 0.31 0.6958335 0.13624999999999998 0.11666700000000008
0 0.0740625 0.548333 0.094375 0.05999999999999994
0 0.34562499999999996 0.5795835 0.08500000000000002 0.08416699999999999
0 0.370625 0.7541665 0.07750000000000001 0.10333300000000001
0 0.40437500000000004 0.6320835 0.044999999999999984 0.08583300000000005
0 0.4465625 0.60875 0.06937500000000002 0.07416599999999995
0 0.4671875 0.7258335 0.05937500000000001 0.07333299999999998
0 0.4828125 0.8970834999999999 0.06687499999999996 0.11416700000000002
0 0.521875 0.62 0.040000000000000036 0.08666599999999991
0 0.5525 0.5054164999999999 0.0625 0.07083300000000003
0 0.6196875 0.48375 0.06187500000000001 0.05916600000000005
0 0.6234375 0.4304165 0.06687500000000002 0.055832999999999966
0 0.61 0.49749999999999994 0.03499999999999992 0.09333399999999997
0 0.63375 0.61375 0.07999999999999996 0.07750000000000001
0 0.6828125 0.6433335 0.06437499999999996 0.06333300000000008
