0 0.513008 0.477236 0.030894000000000033 0.03739800000000004
0 0.5772355 0.2479675 0.07804900000000004 0.063415
0 0.5837395000000001 0.46178850000000005 0.08780500000000002 0.06829299999999999
0 0.63252 0.380488 0.035772000000000026 0.03251999999999999
0 0.6495934999999999 0.29837400000000003 0.03739900000000007 0.024389999999999967
0 0.639024 0.47398399999999996 0.01300800000000002 0.04065000000000002
0 0.717073 0.3487805 0.04227599999999998 0.017886999999999986
0 0.7447155 0.2699185 0.07804900000000004 0.045529000000000014
0 0.7560975000000001 0.473171 0.06504100000000002 0.04227599999999998
0 0.886179 0.1105695 0.182114 0.110569
0 0.8463415000000001 0.182927 0.07317099999999999 0.06016199999999999
0 0.8601624999999999 0.42845500000000003 0.048781000000000074 0.027642
0 0.8593500000000001 0.4569105 0.017885999999999957 0.02926899999999999
0 0.878862 0.2593495 0.02113799999999999 0.027643
0 0.8967480000000001 0.26504099999999997 0.02113799999999999 0.029268000000000016
0 0.9682925 0.27561 0.03739899999999996 0.030894000000000033
