0 0.7393749999999999 0.0919325 0.3075 0.16885499999999998
0 0.0540625 0.792214 0.029375000000000005 0.040337999999999985
0 0.11249999999999999 0.400094 0.0825 0.13602199999999998
0 0.0940625 0.7884614999999999 0.031875 0.025329000000000046
0 0.1025 0.8395874999999999 0.046249999999999986 0.05816100000000002
0 0.13375 0.526266 0.09875 0.150094
0 0.111875 0.727955 0.045 0.05816200000000005
0 0.2021875 0.600375 0.169375 0.14821799999999996
0 0.1925 0.8433395 0.057499999999999996 0.08067500000000005
0 0.2296875 0.47420249999999997 0.12437499999999999 0.12664099999999995
0 0.2078125 0.544559 0.078125 0.04784199999999994
0 0.2528125 0.2987805 0.158125 0.192307
0 0.265625 0.3789865 0.14500000000000002 0.14071299999999998
0 0.258125 0.170263 0.11374999999999999 0.17354599999999998
0 0.294375 0.053471 0.16374999999999998 0.106942
0 0.23875 0.729362 0.044999999999999984 0.040337999999999985
0 0.29312499999999997 0.821295 0.03375 0.04408999999999996
0 0.34468750000000004 0.142589 0.12312499999999998 0.15197
0 0.36 0.493433 0.14625 0.17260799999999993
0 0.375 0.445591 0.09999999999999998 0.07692399999999999
0 0.3565625 0.6913695 0.03687499999999999 0.05816100000000002
0 0.36250000000000004 0.325516 0.048750000000000016 0.08255200000000001
0 0.365 0.7462475 0.03375 0.03658499999999998
0 0.4503125 0.574109 0.18312499999999998 0.13508399999999998
0 0.4040625 0.32598499999999997 0.08812500000000001 0.11538399999999999
0 0.44375 0.2012195 0.11125000000000002 0.14165099999999997
0 0.41625 0.8827395 0.04375000000000001 0.07879900000000006
0 0.440625 0.40197 0.09250000000000003 0.05159400000000003
0 0.4821875 0.0487805 0.16312499999999996 0.097561
0 0.4496875 0.4878045 0.07937500000000003 0.09568499999999996
0 0.4659375 0.1500935 0.08187499999999998 0.097561
0 0.4653125 0.7303005 0.029374999999999984 0.030957000000000012
0 0.5709375 0.40478400000000003 0.23062500000000002 0.17354600000000003
0 0.5565625000000001 0.6683865 0.19562500000000005 0.18480300000000005
0 0.5378125 0.206848 0.08937500000000004 0.12289
0 0.6090625 0.2523455 0.193125 0.163227
0 0.6090625 0.5492495 0.193125 0.11913699999999999
0 0.6409374999999999 0.6927764999999999 0.026875000000000093 0.029081000000000023
0 0.8190625 0.36257 0.298125 0.17729799999999996
0 0.7128125000000001 0.5290805000000001 0.083125 0.10506500000000002
0 0.76 0.174953 0.15250000000000008 0.102252
0 0.849375 0.5656665000000001 0.30000000000000004 0.20637899999999998
0 0.725625 0.692777 0.03500000000000003 0.04784199999999994
0 0.7378125 0.893058 0.05687500000000001 0.08067599999999997
0 0.8634375000000001 0.2331145 0.271875 0.194183
0 0.775625 0.7556285 0.03499999999999992 0.040336999999999956
0 0.829375 0.7992495 0.03249999999999997 0.061912999999999996
0 0.856875 0.8827389999999999 0.053750000000000075 0.060037999999999925
0 0.9171875 0.704034 0.16437500000000005 0.12851800000000002
0 0.9 0.946998 0.06499999999999995 0.104128
0 0.9609375 0.513602 0.07687500000000003 0.14728000000000002
0 0.9709375 0.15572249999999999 0.05687500000000001 0.093809
