0 0.072917 0.807639 0.1 0.068056
0 0.18593749999999998 0.6618055 0.071875 0.04027700000000001
0 0.283333 0.50625 0.025000000000000022 0.023611999999999966
0 0.30052100000000004 0.6048614999999999 0.019791999999999976 0.023610999999999938
0 0.333854 0.525 0.03229199999999999 0.022221999999999964
0 0.44947899999999996 0.5583335 0.042708000000000024 0.030555
0 0.518229 0.5298615 0.02604200000000001 0.02361100000000005
0 0.5265625 0.7506945 0.03645900000000002 0.05694500000000002
0 0.5875 0.7416670000000001 0.09583399999999997 0.07500000000000007
0 0.565625 0.554861 0.029165999999999914 0.015278000000000014
0 0.5874999999999999 0.520833 0.025000000000000022 0.02777800000000008
0 0.8427085000000001 0.5277775 0.04166700000000001 0.04166700000000001
0 0.9427085 0.621528 0.029167000000000054 0.040278000000000036
