0 0.025 0.897222 0.0125 0.012222000000000066
0 0.1403125 0.791111 0.018125000000000002 0.022221999999999964
0 0.18 0.957778 0.09 0.08222200000000002
0 0.1690625 0.8200000000000001 0.016875 0.02444400000000002
0 0.1828125 0.8427775 0.02312499999999998 0.02111099999999999
0 0.2340625 0.6283335 0.020625000000000004 0.025554999999999994
0 0.2346875 0.842778 0.016875 0.04777799999999999
0 0.2403125 0.7072225000000001 0.023125000000000007 0.018889000000000045
0 0.275 0.5566665 0.010000000000000009 0.026666999999999996
0 0.2940625 0.9544445 0.018125000000000002 0.06666700000000003
0 0.3075 0.6283335 0.01375000000000004 0.025554999999999994
0 0.33125 0.6161110000000001 0.015000000000000013 0.014444000000000012
0 0.43000000000000005 0.623889 0.16875 0.21666600000000003
0 0.3571875 0.696667 0.020625000000000004 0.020000000000000018
0 0.4940625 0.406111 0.250625 0.31000000000000005
0 0.38125 0.9038889999999999 0.019999999999999962 0.025556000000000023
0 0.379375 0.7994445 0.011249999999999982 0.06555500000000003
0 0.408125 0.786111 0.0050000000000000044 0.0477780000000001
0 0.4203125 0.782222 0.02437499999999998 0.07777800000000001
0 0.43 0.196111 0.010000000000000009 0.056665999999999994
0 0.45218749999999996 0.883889 0.026875000000000038 0.05222199999999999
0 0.516875 0.512778 0.048750000000000016 0.052221999999999935
0 0.52875 0.7061109999999999 0.009999999999999898 0.06999999999999995
0 0.61 0.1844445 0.011249999999999982 0.033333
0 0.6309374999999999 0.231111 0.02312499999999995 0.026665999999999995
0 0.6428125 0.2855555 0.023125000000000062 0.026666999999999996
0 0.660625 0.752778 0.022499999999999964 0.02777799999999997
0 0.6834374999999999 0.5816669999999999 0.020625000000000004 0.04999999999999993
0 0.7009375 0.457778 0.016874999999999973 0.024443999999999966
0 0.7321875 0.46777749999999996 0.028124999999999956 0.00888899999999998
0 0.7778125 0.7788889999999999 0.046875 0.09777800000000003
0 0.7746875 0.021111 0.02562500000000001 0.042222
0 0.7971874999999999 0.0988885 0.021874999999999978 0.031111
0 0.8584375 0.29500000000000004 0.024375000000000036 0.03222200000000003
0 0.8559375 0.266111 0.014375000000000027 0.025556000000000023
0 0.8590625000000001 0.1683335 0.013124999999999942 0.025554999999999994
0 0.87 0.197778 0.016250000000000098 0.015555999999999987
0 0.8975 0.1705555 0.010000000000000009 0.02111099999999999
