0 0.360625 0.351667 0.17875000000000002 0.10499999999999998
0 0.0875 0.2333335 0.085 0.06666699999999998
0 0.0996875 0.1375 0.081875 0.03833400000000001
0 0.18312499999999998 0.14625 0.10624999999999998 0.04083400000000001
0 0.415 0.49624999999999997 0.11499999999999999 0.07583399999999996
0 0.4484375 0.17833300000000002 0.125625 0.05000000000000002
0 0.5578125 0.6095835000000001 0.09062500000000007 0.11083300000000007
0 0.59625 0.45208349999999997 0.11875000000000002 0.07416700000000004
0 0.68875 0.36250000000000004 0.022499999999999964 0.01166600000000001
0 0.92125 0.5249999999999999 0.011249999999999982 0.03833399999999998
0 0.9678125 0.4433335 0.06312499999999999 0.07333299999999998
0 0.9853125 0.5483335 0.028125000000000067 0.053332999999999964
