0 0.1071875 0.13518550000000001 0.165625 0.235185
0 0.1059375 0.5787035 0.18437499999999998 0.140741
0 0.1509375 0.4824075 0.02562500000000001 0.014815000000000023
0 0.2103125 0.502315 0.029375000000000012 0.05092599999999997
0 0.23875000000000002 0.6083335000000001 0.027499999999999997 0.03148099999999998
0 0.3246875 0.3143515 0.12687500000000002 0.26388900000000004
0 0.47250000000000003 0.2810185 0.09500000000000003 0.215741
0 0.5725 0.14907399999999998 0.125 0.255556
0 0.5853125 0.4134255 0.06937499999999996 0.18611099999999997
0 0.65625 0.3560185 0.04499999999999993 0.11944500000000002
0 0.676875 0.5060185 0.03750000000000009 0.10833300000000007
0 0.7153125 0.2060185 0.09562500000000007 0.20277699999999999
0 0.6975 0.32685200000000003 0.040000000000000036 0.08333399999999996
0 0.7168749999999999 0.4120375 0.04500000000000004 0.08703700000000003
0 0.7475 0.5388890000000001 0.04250000000000009 0.09444400000000003
0 0.7671875 0.4814815 0.028124999999999956 0.07037099999999996
0 0.7896875 0.5796295 0.01937499999999992 0.06666700000000003
0 0.8018749999999999 0.515278 0.036250000000000004 0.03240799999999999
0 0.8640625 0.31851850000000004 0.11187500000000006 0.07222299999999998
0 0.8309375 0.575 0.02937499999999993 0.07592600000000005
0 0.8653124999999999 0.5574075000000001 0.041874999999999996 0.146297
0 0.9115625 0.3018515 0.12187500000000007 0.061111000000000026
