0 0.799375 0.8275 0.36249999999999993 0.345
0 0.16562500000000002 0.32875 0.06625 0.120834
0 0.1946875 0.2291665 0.06437499999999999 0.11333300000000002
0 0.228125 0.1591665 0.08249999999999996 0.101667
0 0.243125 0.2570835 0.05499999999999999 0.08416700000000002
0 0.244375 0.37875000000000003 0.05249999999999999 0.09583400000000003
0 0.3134375 0.2754165 0.05687500000000001 0.120833
0 0.3140625 0.1454165 0.05812500000000004 0.13583299999999998
0 0.3703125 0.3033335 0.041874999999999996 0.10333300000000001
0 0.411875 0.23041699999999998 0.07750000000000001 0.08249999999999999
0 0.398125 0.1420835 0.03749999999999998 0.03916700000000001
0 0.4175 0.18625 0.06875000000000003 0.07583400000000001
0 0.45562499999999995 0.33499999999999996 0.10374999999999995 0.10833399999999999
0 0.49125 0.267917 0.10750000000000004 0.08750000000000002
0 0.46343749999999995 0.189167 0.049375 0.05499999999999999
0 0.5240625 0.2133335 0.08062499999999995 0.04833299999999999
0 0.534375 0.246667 0.05625000000000002 0.04999999999999999
0 0.9546875 0.687917 0.08937499999999998 0.1975
