0 0.4097655 0.3723955 0.09609299999999998 0.14687499999999998
0 0.0332035 0.4817705 0.063281 0.046875
0 0.0601565 0.052083500000000005 0.046875 0.027083000000000003
0 0.18945299999999998 0.43072900000000003 0.078906 0.05520799999999998
0 0.248828 0.782292 0.10390600000000003 0.043749999999999956
0 0.2566405 0.872396 0.09296899999999997 0.044792000000000054
0 0.2617185 0.6083335 0.05781300000000003 0.220833
0 0.38242200000000004 0.7234375 0.041406 0.11770899999999995
0 0.39375000000000004 0.821875 0.054688000000000014 0.0625
0 0.442578 0.19739600000000002 0.13046800000000003 0.03645800000000002
0 0.407422 0.5046875 0.03359400000000001 0.10937499999999994
0 0.4375 0.25 0.04687600000000003 0.08333400000000002
0 0.42929700000000004 0.1421875 0.02734399999999998 0.090625
0 0.46953100000000003 0.040625 0.07656200000000002 0.08125
0 0.5652345 0.4036455 0.11953100000000005 0.11562499999999998
0 0.6390625000000001 0.48541650000000003 0.10156299999999996 0.185417
0 0.7132815 0.9395830000000001 0.078125 0.04999999999999993
0 0.7195315 0.30625 0.07187499999999991 0.04999999999999999
0 0.736328 0.184896 0.058594000000000035 0.05729200000000001
0 0.7375 0.5125 0.03749999999999998 0.08333399999999996
0 0.7605465 0.44114600000000004 0.08046900000000001 0.048958
0 0.785547 0.275521 0.082032 0.03645799999999999
0 0.7820315 0.7375 0.057813 0.10416599999999998
0 0.7757815 0.1010415 0.03906300000000007 0.166667
0 0.836719 0.2296875 0.06093799999999994 0.03645899999999999
0 0.85625 0.7302085 0.051562 0.11458299999999999
0 0.8789065 0.125 0.06562499999999993 0.05625000000000001
0 0.969922 0.6572914999999999 0.058593999999999924 0.11458299999999999
