0 0.3262145 0.5884375 0.190117 0.12187500000000007
0 0.043551 0.5540625 0.087102 0.05437500000000006
0 0.082496 0.4815625 0.164992 0.06312500000000004
0 0.09296449999999999 0.6909375 0.130653 0.16062500000000002
0 0.24748750000000003 0.82375 0.21021700000000001 0.13
0 0.398241 0.7378125 0.265494 0.04937499999999995
0 0.484506 0.81 0.208542 0.08875
0 0.5527635 0.6871875000000001 0.19430500000000006 0.10562499999999997
0 0.5414570000000001 0.6059375 0.10804000000000002 0.104375
0 0.6524289999999999 0.8812500000000001 0.32495799999999997 0.07999999999999996
0 0.6017585 0.49750000000000005 0.19681700000000002 0.065
0 0.7269685 0.5640625 0.24958100000000005 0.04437500000000005
0 0.7420435 0.7359375 0.256281 0.11812500000000004
