0 0.135625 0.295417 0.13125 0.2225
0 0.0353125 0.604583 0.070625 0.07250000000000001
0 0.1271875 0.8791665 0.254375 0.16333300000000006
0 0.14625 0.55625 0.12249999999999998 0.08583399999999997
0 0.186875 0.625 0.12375 0.08333400000000002
0 0.2825 0.6791670000000001 0.0925 0.05999999999999994
0 0.33499999999999996 0.3970835 0.14875 0.08416699999999999
0 0.306875 0.5108335 0.07 0.10166700000000001
0 0.36406249999999996 0.5925 0.09562500000000002 0.08999999999999997
0 0.40375 0.6758335 0.08250000000000002 0.09166699999999994
0 0.41500000000000004 0.45625000000000004 0.08625 0.08583400000000002
0 0.435 0.5129165 0.05125000000000002 0.06916699999999998
0 0.4609375 0.9195835 0.10312499999999997 0.150833
0 0.455 0.5995835 0.07874999999999999 0.07583299999999993
0 0.7275 0.42083349999999997 0.53875 0.463333
0 0.5109375 0.7945835 0.051875000000000004 0.12916700000000003
0 0.5743750000000001 0.712083 0.10875000000000001 0.0675
