0 0.030273500000000002 0.625651 0.023437000000000003 0.022136000000000045
0 0.0688475 0.673177 0.040039 0.0625
0 0.07958950000000001 0.5865885 0.018555000000000002 0.040364999999999984
0 0.1015625 0.6158855000000001 0.03320300000000001 0.05208299999999999
0 0.1108395 0.5208335 0.036133 0.04427100000000006
0 0.1552735 0.770182 0.052735000000000004 0.08984400000000003
0 0.1494145 0.47981799999999997 0.015625 0.02474000000000004
0 0.17334 0.451172 0.049804000000000015 0.03255199999999997
0 0.20459 0.8821615 0.083008 0.035156999999999994
0 0.1933595 0.503906 0.056641 0.054688000000000014
0 0.18408200000000002 0.29752599999999996 0.022460000000000008 0.05859399999999998
0 0.221191 0.8144530000000001 0.03808600000000001 0.029947999999999975
0 0.243652 0.7682295 0.03808600000000001 0.07552099999999995
0 0.27050799999999997 0.309245 0.052734 0.06901000000000002
0 0.275391 0.8476565 0.04882799999999998 0.07552100000000006
0 0.287109 0.0852865 0.0625 0.04296900000000001
0 0.31640650000000003 0.10351550000000001 0.06445300000000004 0.040365
0 0.39013699999999996 0.734375 0.08691399999999999 0.05208400000000002
0 0.396973 0.5416665 0.07324199999999997 0.03906299999999996
0 0.387695 0.6705730000000001 0.04492200000000002 0.03645799999999999
0 0.4438475 0.752604 0.07519500000000001 0.07291600000000009
0 0.47998050000000003 0.8919275 0.05761700000000003 0.11197900000000005
0 0.5620115 0.307292 0.016601000000000088 0.033853999999999995
0 0.5805665 0.1028645 0.040038999999999936 0.046875
0 0.5766605 0.2708335 0.018554999999999988 0.02083299999999999
0 0.6210935 0.36263 0.005858999999999948 0.024739999999999984
0 0.632324 0.3424475 0.024413999999999936 0.018228999999999995
0 0.6474605 0.30013049999999997 0.033203000000000094 0.01953100000000002
0 0.6552735000000001 0.6940105 0.04101499999999991 0.11979099999999998
0 0.648926 0.3684895 0.016602000000000006 0.033855000000000024
0 0.673828 0.333984 0.035155999999999965 0.035155999999999965
0 0.692871 0.9472659999999999 0.05761799999999995 0.06380200000000003
0 0.6889645 0.424479 0.02636700000000003 0.02343799999999996
0 0.7163085 0.38737 0.04199299999999995 0.035155999999999965
0 0.716797 0.888672 0.037109999999999976 0.037760000000000016
0 0.7207034999999999 0.45638 0.029297000000000017 0.027344000000000035
0 0.7348635 0.5045575 0.040038999999999936 0.04557300000000003
0 0.734863 0.32747400000000004 0.024414000000000047 0.03515600000000002
0 0.750488 0.8684894999999999 0.05566400000000005 0.05468700000000004
0 0.7387695000000001 0.8964840000000001 0.024414999999999965 0.027343999999999924
0 0.765625 0.3476565 0.06445400000000001 0.046875
0 0.8442385 0.392578 0.094727 0.06380199999999997
0 0.8466795 0.34049450000000003 0.07031299999999996 0.02213499999999996
0 0.8740235000000001 0.830729 0.07226499999999991 0.09375
0 0.8994145 0.4440105 0.046875 0.026041000000000036
0 0.892578 0.57487 0.03125 0.06640599999999997
0 0.9497070000000001 0.5527344999999999 0.05957000000000001 0.048177000000000025
0 0.9628905 0.6796875 0.07226500000000002 0.05989500000000003
