0 0.0240625 0.33416650000000003 0.046875 0.04666699999999996
0 0.0478125 0.31 0.060625 0.040000000000000036
0 0.11125 0.38416649999999997 0.06625 0.04333300000000001
0 0.12875 0.349583 0.08500000000000002 0.04250000000000004
0 0.37 0.642917 0.47124999999999995 0.3375
0 0.19187500000000002 0.37124999999999997 0.07499999999999998 0.04083399999999998
0 0.206875 0.3545835 0.07374999999999998 0.035833000000000004
0 0.33875 0.384583 0.04749999999999999 0.02749999999999997
0 0.3884375 0.40541649999999996 0.051875000000000004 0.034167
0 0.4409375 0.4070835 0.06312499999999999 0.030833
0 0.453125 0.345417 0.0675 0.017500000000000016
0 0.4634375 0.3666665 0.08562499999999995 0.046667000000000014
0 0.53625 0.40041649999999995 0.07125000000000004 0.04416700000000001
0 0.5775 0.395 0.07624999999999993 0.04833399999999999
0 0.6209375 0.40249999999999997 0.06687500000000002 0.048334000000000044
0 0.665 0.38416649999999997 0.07750000000000001 0.04333300000000001
0 0.6656249999999999 0.45125000000000004 0.06874999999999998 0.03583399999999998
0 0.70875 0.399583 0.053749999999999964 0.03250000000000003
0 0.7303125 0.37458349999999996 0.09687500000000004 0.059167000000000025
0 0.746875 0.436667 0.07124999999999992 0.05499999999999999
0 0.76625 0.41000000000000003 0.07374999999999998 0.03666600000000003
0 0.8115625 0.4083335 0.055625000000000036 0.046667000000000014
0 0.8734375000000001 0.40249999999999997 0.08437499999999998 0.048334000000000044
0 0.9540625 0.44 0.08812500000000001 0.03833399999999998
