0 0.5562499999999999 0.5825 0.09875 0.11333400000000005
0 0.3884375 0.3991665 0.080625 0.048333000000000015
0 0.3775 0.14625 0.04749999999999999 0.030834
0 0.3859375 0.1829165 0.046875 0.025832999999999995
0 0.4459375 0.3908335 0.04562500000000003 0.031667
0 0.4525 0.443333 0.04749999999999999 0.02999999999999997
0 0.473125 0.1641665 0.07125000000000004 0.04333300000000001
0 0.4653125 0.21541700000000003 0.05312500000000003 0.027499999999999997
0 0.4915625 0.25375000000000003 0.06187499999999996 0.03250000000000003
0 0.518125 0.1004165 0.06874999999999998 0.029167
0 0.533125 0.32708349999999997 0.09249999999999997 0.055832999999999966
0 0.5331250000000001 0.139167 0.04874999999999996 0.045
0 0.536875 0.36583350000000003 0.04875000000000007 0.018332999999999988
0 0.594375 0.1970835 0.05249999999999999 0.025832999999999995
0 0.5943750000000001 0.42791650000000003 0.03749999999999998 0.03916700000000001
0 0.596875 0.25375000000000003 0.039999999999999925 0.03250000000000003
0 0.6196875 0.8233334999999999 0.06437499999999996 0.04166700000000001
0 0.6215625 0.5345835 0.055625000000000036 0.08416700000000005
0 0.6387499999999999 0.2916665 0.07999999999999996 0.053332999999999964
0 0.6268750000000001 0.23083299999999998 0.03500000000000003 0.044999999999999984
0 0.6390625 0.5958334999999999 0.059374999999999956 0.04166700000000001
0 0.6675 0.12291650000000001 0.05125000000000002 0.03583300000000002
0 0.68875 0.6112500000000001 0.06874999999999998 0.07916599999999996
0 0.701875 0.438333 0.07625000000000004 0.04999999999999999
0 0.6971875000000001 0.6637500000000001 0.04937500000000006 0.09083399999999997
0 0.6990624999999999 0.5254165 0.021874999999999978 0.07916699999999993
0 0.7240625 0.32958350000000003 0.051875000000000004 0.03583299999999995
0 0.735625 0.23333350000000003 0.07499999999999996 0.063333
0 0.7134375 0.244583 0.01937500000000003 0.017499999999999988
0 0.7315625 0.40625 0.016874999999999973 0.02083400000000002
0 0.7584375 0.420833 0.05062499999999992 0.03999999999999998
0 0.8334375 0.5625 0.104375 0.056666000000000105
0 0.8346875 0.2683335 0.06562500000000004 0.04833299999999999
0 0.825625 0.4408335 0.039999999999999925 0.06166700000000003
0 0.87125 0.74125 0.07499999999999996 0.07750000000000001
0 0.885 0.542083 0.08374999999999999 0.07250000000000001
0 0.9625 0.8825000000000001 0.07374999999999998 0.1050000000000001
0 0.9740625 0.7283335 0.05062500000000003 0.03833300000000006
