0 0.24166700000000002 0.44958299999999995 0.35 0.32249999999999995
0 0.0633335 0.7862499999999999 0.126667 0.119166
0 0.257778 0.165417 0.515556 0.1275
0 0.3566665 0.9095835 0.568889 0.17916700000000008
0 0.476111 0.3529165 0.35 0.099167
0 0.549444 0.2875 0.10999999999999999 0.068334
0 0.807778 0.3875 0.38222200000000006 0.265
0 0.833889 0.17833349999999998 0.33000000000000007 0.146667
0 0.8461110000000001 0.5870835 0.24333400000000005 0.08583300000000005
0 0.9005555000000001 0.64125 0.19666700000000004 0.07416599999999995
0 0.9122224999999999 0.1670835 0.17333300000000007 0.14083299999999999
0 0.872222 0.9437500000000001 0.062222 0.11083399999999999
0 0.957778 0.0225 0.08222200000000002 0.045
