0 0.11937500000000001 0.2833335 0.06874999999999999 0.11111099999999999
0 0.0071875 0.8583335000000001 0.014375 0.043332999999999955
0 0.0078125 0.727778 0.015625 0.03555600000000003
0 0.013125 0.20722249999999998 0.02625 0.056666999999999995
0 0.0353125 0.0994445 0.070625 0.058889
0 0.0365625 0.35666699999999996 0.073125 0.06
0 0.0584375 0.901111 0.116875 0.07333400000000001
0 0.0325 0.4666665 0.06375 0.088889
0 0.0471875 0.671111 0.07062500000000001 0.11333400000000005
0 0.086875 0.936111 0.1425 0.125556
0 0.063125 0.022777500000000003 0.08249999999999999 0.038889
0 0.098125 0.7655555 0.15 0.07555499999999993
0 0.06125 0.6344445 0.0425 0.12222299999999997
0 0.10500000000000001 0.8044439999999999 0.10125 0.07999999999999996
0 0.1309375 0.8733335 0.128125 0.07333299999999998
0 0.105625 0.5016665 0.04625 0.13888900000000004
0 0.10656249999999999 0.6005555 0.03812499999999999 0.12777700000000003
0 0.1471875 0.19944450000000002 0.078125 0.067777
0 0.16625 0.9372225 0.09375000000000001 0.11888900000000002
0 0.1859375 0.73 0.125625 0.08666600000000002
0 0.5646875 0.5316665 0.869375 0.934445
0 0.173125 0.5694444999999999 0.05375000000000002 0.13444500000000004
0 0.20937499999999998 0.2733335 0.05875 0.093333
0 0.236875 0.9644445 0.057499999999999996 0.06888899999999998
0 0.2515625 0.148889 0.08187499999999998 0.082222
0 0.24625 0.4088885 0.03875000000000001 0.10888900000000001
0 0.2746875 0.23833300000000002 0.08687499999999998 0.06777800000000003
0 0.2815625 0.081111 0.08562500000000003 0.1
0 0.2875 0.012222 0.05624999999999997 0.024444
0 0.31656249999999997 0.268889 0.07937500000000003 0.057777999999999996
0 0.34625 0.0505555 0.036250000000000004 0.101111
0 0.3559375 0.08222199999999999 0.041874999999999996 0.075556
0 0.36624999999999996 0.151111 0.04250000000000004 0.09555600000000002
0 0.395625 0.2916665 0.065 0.05666700000000002
0 0.3834375 0.0133335 0.03812500000000002 0.026667
0 0.3890625 0.19 0.026875000000000038 0.07333400000000001
0 0.4184375 0.26777799999999996 0.070625 0.035555999999999977
0 0.4225 0.18 0.04749999999999999 0.088888
0 0.4340625 0.058332999999999996 0.046875 0.067778
0 0.4475 0.091111 0.06374999999999997 0.08000000000000002
0 0.4528125 0.2466665 0.07437499999999997 0.09111099999999997
0 0.46406250000000004 0.7911115 0.09187499999999998 0.09111100000000005
0 0.445 0.02 0.01749999999999996 0.04
0 0.47 0.1966665 0.04999999999999999 0.095555
0 0.503125 0.033889 0.06250000000000006 0.067778
0 0.581875 0.0383335 0.06374999999999997 0.076667
0 0.6128125 0.1255555 0.03562500000000002 0.07111100000000001
0 0.6331249999999999 0.0255555 0.012500000000000067 0.051111
0 0.651875 0.13999999999999999 0.04749999999999999 0.073334
0 0.6890624999999999 0.0672225 0.073125 0.058889000000000004
0 0.7396875 0.069444 0.08437499999999998 0.05
0 0.759375 0.1172225 0.06499999999999995 0.063333
0 0.784375 0.161667 0.06625000000000003 0.07
0 0.79625 0.006111 0.05125000000000002 0.012222
0 0.8184375 0.17888900000000002 0.05812499999999998 0.08222199999999999
0 0.8165625000000001 0.9433335 0.04062500000000002 0.11111100000000007
0 0.8471875 0.218889 0.030625000000000013 0.097778
0 0.8665625 0.858889 0.06687500000000002 0.11555599999999999
0 0.8984375 0.25388900000000003 0.07687500000000003 0.11444400000000002
0 0.9015625 0.053889 0.083125 0.054444000000000006
0 0.8809374999999999 0.976111 0.024374999999999925 0.04555600000000004
0 0.9265625 0.20166699999999999 0.07437499999999997 0.06777799999999998
0 0.9390625 0.3733335 0.078125 0.08444499999999999
0 0.9453125 0.316667 0.07562500000000005 0.062222
0 0.9490624999999999 0.1405555 0.083125 0.036667000000000005
0 0.9453125 0.256111 0.06812499999999999 0.06777799999999998
0 0.9546874999999999 0.0783335 0.07437499999999997 0.041111
0 0.939375 0.701667 0.04125000000000001 0.13
0 0.95375 0.1366665 0.05875000000000008 0.07555499999999998
0 0.9725 0.018889 0.053749999999999964 0.037778
0 0.973125 0.7938885 0.05249999999999999 0.05888899999999997
0 0.9765625 0.2583335 0.04562500000000003 0.054444999999999966
0 0.9859375 0.40666650000000004 0.026874999999999982 0.086667
0 0.986875 0.323889 0.025000000000000022 0.04777799999999999
