0 0.5734375 0.5404515 0.249375 0.14393300000000003
0 0.07875 0.261524 0.1575 0.06020600000000004
0 0.1321875 0.497178 0.231875 0.110066
0 0.2840625 0.7544685 0.22312500000000002 0.09971700000000006
0 0.30125 0.08842900000000001 0.19375 0.075258
0 0.38968749999999996 0.0108185 0.02437499999999998 0.021637
0 0.4890625 0.268109 0.19687500000000002 0.16180599999999998
0 0.6959375 0.9595485 0.28812499999999996 0.07902100000000001
0 0.7203124999999999 0.0888995 0.14437500000000003 0.177799
0 0.9190625 0.4938855 0.16062500000000002 0.09595499999999996
0 0.9696875 0.9543745 0.05937500000000007 0.040451000000000015
