0 0.203125 0.35473299999999997 0.40625 0.14339200000000002
0 0.219375 0.223524 0.43875 0.15089
0 0.481875 0.499063 0.21375 0.47703799999999996
0 0.45999999999999996 0.784911 0.14749999999999996 0.319588
0 0.669375 0.6658855 0.18875000000000008 0.16588500000000006
0 0.6950000000000001 0.502343 0.235 0.491096
0 0.85625 0.533271 0.28500000000000003 0.44423599999999996
0 0.895625 0.3078725 0.20625000000000004 0.14714099999999997
0 0.895625 0.6663545 0.20625000000000004 0.17806899999999992
0 0.92875 0.45267100000000005 0.14 0.18369200000000002
