0 0.459028 0.8979165 0.11805599999999994 0.07083299999999992
0 0.251389 0.7458335 0.027778000000000025 0.014583000000000013
0 0.2659725 0.7953125000000001 0.02083299999999999 0.03020900000000004
0 0.27222199999999996 0.701042 0.027778000000000025 0.03125
0 0.2715275 0.8182290000000001 0.02083299999999999 0.02604200000000001
0 0.284028 0.8546875 0.03194399999999997 0.05729099999999998
0 0.304861 0.744271 0.04583400000000004 0.017708000000000057
0 0.3680555 0.3734375 0.011111000000000038 0.026041000000000036
0 0.6854169999999999 0.934896 0.09027799999999997 0.038541999999999965
0 0.7076389999999999 0.31354150000000003 0.03749999999999998 0.016667000000000043
0 0.7756945 0.333854 0.04861100000000007 0.02604200000000001
0 0.801389 0.868229 0.07222200000000001 0.030208000000000013
0 0.8062499999999999 0.2953125 0.04861199999999999 0.021875000000000033
0 0.836111 0.4046875 0.025000000000000022 0.019791000000000003
0 0.8680559999999999 0.311979 0.025000000000000022 0.007291999999999965
0 0.9604165 0.296354 0.02083299999999999 0.017708
