0 0.0668945 0.275915 0.077149 0.09451199999999998
0 0.10644500000000001 0.6753045 0.05273400000000002 0.16768300000000003
0 0.2680665 0.1981705 0.073243 0.146341
0 0.558594 0.425305 0.04101600000000005 0.07012200000000002
0 0.5893555 0.2408535 0.094727 0.158537
0 0.609375 0.442073 0.058594000000000035 0.079268
0 0.6523435 0.21646349999999998 0.042969000000000035 0.042683
0 0.7001955 0.28048799999999996 0.08203099999999997 0.085366
0 0.7060550000000001 0.3887195 0.08007799999999998 0.08231699999999997
0 0.7104495 0.1280485 0.08886699999999992 0.073171
0 0.746094 0.20274350000000002 0.07226600000000005 0.082317
0 0.7670895 0.2560975 0.04394500000000001 0.036585000000000034
0 0.81543 0.2560975 0.06640599999999997 0.134147
0 0.8403320000000001 0.550305 0.09277400000000002 0.16158600000000006
0 0.852051 0.3612805 0.045897999999999994 0.08841500000000002
0 0.8896485000000001 0.179878 0.06835899999999995 0.134146
0 0.8813475 0.3841465 0.030272999999999994 0.09756100000000001
