0 0.0259375 0.226937 0.021875 0.02583000000000002
0 0.0378125 0.16174650000000002 0.035625000000000004 0.045510999999999996
0 0.16593750000000002 0.627921 0.245625 0.567036
0 0.1790625 0.2257075 0.030624999999999986 0.057810999999999974
0 0.2140625 0.30750299999999997 0.021875000000000006 0.039360000000000006
0 0.21875 0.21894200000000003 0.007500000000000007 0.02706
0 0.2334375 0.383149 0.03437499999999999 0.03566999999999998
0 0.255 0.2539975 0.013750000000000012 0.023371000000000003
0 0.255625 0.1469865 0.010000000000000009 0.04059099999999999
0 0.3259375 0.06396099999999999 0.023125000000000007 0.024599999999999997
0 0.4696875 0.5012300000000001 0.17812499999999998 0.330874
0 0.459375 0.2564575 0.10125 0.153751
0 0.66875 0.3234935 0.04500000000000004 0.110701
0 0.7906249999999999 0.47355499999999995 0.25625 0.612546
0 0.711875 0.829643 0.06125000000000003 0.03320999999999996
0 0.9821875 0.4218945 0.034375000000000044 0.07626100000000002
