0 0.4329165 0.7190624999999999 0.13583299999999998 0.05812500000000009
0 0.4995835 0.5309375000000001 0.999167 0.34187500000000004
0 0.0225 0.7203124999999999 0.043334 0.020625000000000004
0 0.0445835 0.1378125 0.014166999999999999 0.013124999999999998
0 0.08666650000000001 0.9450000000000001 0.093333 0.032500000000000084
0 0.20625 0.823125 0.12250000000000003 0.03750000000000009
0 0.19166650000000002 0.7759375 0.061667 0.025624999999999898
0 0.1754165 0.7296875 0.025832999999999995 0.021874999999999978
0 0.302917 0.768125 0.09750000000000003 0.03375000000000006
0 0.30416699999999997 0.9484375 0.05499999999999999 0.05687500000000001
0 0.3075 0.7015625000000001 0.05166599999999999 0.04062500000000002
0 0.3633335 0.27749999999999997 0.023332999999999993 0.013749999999999984
0 0.4395835 0.28 0.07083299999999998 0.02250000000000002
0 0.521667 0.20500000000000002 0.07 0.04250000000000001
0 0.61625 0.3834375 0.10416599999999998 0.03437499999999999
0 0.6912499999999999 0.8346875 0.07750000000000001 0.020625000000000004
0 0.7262500000000001 0.7109375 0.03416600000000003 0.015625
0 0.90875 0.7459374999999999 0.04749999999999999 0.020625000000000004
0 0.9654165 0.8674999999999999 0.03416700000000006 0.01375000000000004
0 0.9716665 0.224375 0.036667000000000005 0.023749999999999993
