0 0.3303125 0.8433395 0.18062500000000004 0.27954900000000005
0 0.240625 0.22607850000000002 0.11125000000000002 0.13696100000000003
0 0.2815625 0.34052499999999997 0.134375 0.15384599999999998
0 0.3278125 0.625704 0.16562500000000002 0.15197000000000005
0 0.31125 0.5173545 0.10125 0.06097500000000006
0 0.3328125 0.464822 0.083125 0.11350800000000005
0 0.3890625 0.5431520000000001 0.116875 0.09005600000000002
0 0.395625 0.2654785 0.11875000000000002 0.18386499999999997
0 0.41093749999999996 0.3123825 0.085625 0.163227
0 0.4140625 0.6791745 0.07187500000000002 0.165103
0 0.4546875 0.7106005 0.080625 0.22795500000000002
0 0.505 0.330675 0.09499999999999997 0.130394
0 0.5059374999999999 0.7030959999999999 0.08562499999999995 0.10975600000000008
0 0.576875 0.3733585 0.05874999999999997 0.061912999999999996
0 0.699375 0.380394 0.19874999999999998 0.2692300000000001
0 0.649375 0.15197000000000002 0.09625000000000006 0.21576000000000004
0 0.83 0.10975599999999999 0.15749999999999997 0.168856
