0 0.2821875 0.4704165 0.191875 0.12416699999999997
0 0.045625 0.7104165 0.09125 0.060832999999999915
0 0.0571875 0.9575 0.114375 0.08333400000000002
0 0.114375 0.7316670000000001 0.04125000000000001 0.05500000000000005
0 0.1928125 0.4441665 0.09937499999999999 0.12333299999999997
0 0.184375 0.5974999999999999 0.07749999999999999 0.04500000000000004
0 0.283125 0.96875 0.13 0.060834000000000055
0 0.335625 0.6729165 0.15749999999999997 0.07916699999999999
0 0.3559375 0.2866665 0.09062500000000001 0.053332999999999964
0 0.39749999999999996 0.225833 0.15999999999999998 0.054999999999999966
0 0.3903125 0.200417 0.12312500000000004 0.04250000000000001
0 0.43562500000000004 0.9429164999999999 0.1275 0.06416699999999997
0 0.39625 0.0625 0.028749999999999998 0.06
0 0.471875 0.5774999999999999 0.15374999999999994 0.056665999999999994
0 0.43281250000000004 0.42625 0.060624999999999984 0.009166000000000007
0 0.4128125 0.61875 0.018125000000000002 0.03249999999999997
0 0.4409375 0.09666649999999999 0.05562499999999998 0.051667000000000005
0 0.4625 0.8154165 0.07624999999999998 0.23916700000000002
0 0.494375 0.3004165 0.09000000000000002 0.04583299999999996
0 0.5228125 0.8395835 0.05187499999999995 0.025832999999999995
0 0.575625 0.3504165 0.15249999999999997 0.07083299999999998
0 0.5378125 0.2866665 0.06312499999999999 0.08166700000000002
0 0.6056250000000001 0.7104165 0.16000000000000003 0.12916700000000003
0 0.5653125 0.8116665000000001 0.059374999999999956 0.156667
0 0.613125 0.19458350000000002 0.12624999999999997 0.065833
0 0.5896874999999999 0.9525 0.02312499999999995 0.09333400000000003
0 0.6471875 0.4916665 0.135625 0.14666699999999994
0 0.6371875 0.6000000000000001 0.026874999999999982 0.15333399999999997
0 0.673125 0.4095835 0.07874999999999999 0.06916699999999998
0 0.6653125 0.9354169999999999 0.026874999999999982 0.12750000000000006
0 0.7365625 0.5354165 0.140625 0.11083300000000007
0 0.691875 0.9575 0.026249999999999996 0.08333400000000002
0 0.7159375 0.5820835 0.0318750000000001 0.089167
0 0.731875 0.9225 0.04375000000000007 0.15333400000000008
0 0.743125 0.7362500000000001 0.03749999999999998 0.025834000000000024
0 0.771875 0.6433329999999999 0.03875000000000006 0.09500000000000008
0 0.8275 0.962917 0.14500000000000002 0.07250000000000001
0 0.7796875 0.81625 0.028124999999999956 0.13749999999999996
0 0.943125 0.931667 0.09125000000000005 0.135
0 0.9353125 0.7791665 0.06312499999999999 0.03333300000000006
0 0.9340625 0.5395835 0.05812499999999998 0.08416700000000005
0 0.9521875 0.6241665000000001 0.09437499999999999 0.11166700000000007
0 0.920625 0.6966665 0.026249999999999996 0.088333
0 0.943125 0.8454165 0.03499999999999992 0.07916699999999999
0 0.979375 0.91 0.040000000000000036 0.09166600000000003
0 0.98375 0.7620830000000001 0.03125 0.032500000000000084
0 0.9903124999999999 0.820417 0.018125000000000058 0.022500000000000075
