0 0.5625 0.7030959999999999 0.25499999999999995 0.130394
0 0.025625 0.48546 0.05125 0.042213999999999974
0 0.0653125 0.9329270000000001 0.130625 0.11350800000000005
0 0.0715625 0.6923075000000001 0.143125 0.136961
0 0.0878125 0.838649 0.175625 0.093808
0 0.0990625 0.4610695 0.188125 0.030957000000000012
0 0.10343749999999999 0.544559 0.169375 0.06285200000000002
0 0.0459375 0.3316135 0.04062500000000001 0.03470899999999999
0 0.085625 0.3616325 0.07375 0.029080999999999968
0 0.1471875 0.616792 0.135625 0.042213999999999974
0 0.12281249999999999 0.795497 0.05437499999999999 0.06941799999999998
0 0.1171875 0.3306755 0.03687499999999999 0.032833
0 0.1521875 0.384146 0.07437499999999998 0.04596600000000001
0 0.2009375 0.6078795 0.161875 0.05253299999999994
0 0.21437499999999998 0.7030959999999999 0.18625 0.130394
0 0.24125 0.3334895 0.15499999999999997 0.03470899999999999
0 0.286875 0.922608 0.20249999999999999 0.038461999999999996
0 0.23031249999999998 0.30863050000000003 0.081875 0.015008999999999995
0 0.30874999999999997 0.520169 0.10000000000000003 0.01970000000000005
0 0.3515625 0.5398689999999999 0.16562500000000002 0.04596600000000006
0 0.36312500000000003 0.865854 0.16499999999999998 0.08630399999999994
0 0.36124999999999996 0.7851779999999999 0.14875 0.15197000000000005
0 0.401875 0.9268295 0.15875 0.14446499999999995
0 0.5765625 0.8306755 0.23062500000000002 0.05159500000000006
0 0.5974999999999999 0.5605065 0.18125000000000002 0.10037499999999999
0 0.6084375 0.878987 0.176875 0.10131400000000002
0 0.7653125000000001 0.5154785 0.468125 0.248593
0 0.8 0.9493435 0.3212499999999999 0.099437
0 0.8243750000000001 0.67167 0.34750000000000003 0.08630399999999994
0 0.8218749999999999 0.84334 0.30625 0.08818000000000004
0 0.8121875000000001 0.7030959999999999 0.23312499999999992 0.04596600000000006
0 0.8275 0.7406189999999999 0.06374999999999997 0.06285200000000002
0 0.8787499999999999 0.883677 0.08750000000000002 0.13508399999999998
