0 0.401367 0.651042 0.802734 0.3125
0 0.0966795 0.9414065 0.193359 0.11458299999999999
0 0.118164 0.1679685 0.19336 0.111979
0 0.140625 0.49609349999999997 0.101562 0.046874999999999944
0 0.149414 0.292318 0.05664000000000001 0.08724000000000001
0 0.24707 0.24609399999999998 0.04882800000000001 0.07031200000000001
0 0.2695315 0.1484375 0.05468700000000001 0.023436999999999986
0 0.28125 0.120443 0.058594000000000035 0.03515600000000001
0 0.272461 0.1920575 0.037109999999999976 0.045573
0 0.310547 0.29622400000000004 0.09765600000000002 0.04036400000000001
0 0.34863299999999997 0.86263 0.09961000000000003 0.15755199999999991
0 0.375 0.2708335 0.08984400000000003 0.07031299999999999
0 0.45898400000000006 0.1731775 0.22265600000000002 0.10937500000000001
0 0.4326175 0.827474 0.12304700000000002 0.06640600000000008
0 0.44043 0.11523449999999999 0.04882799999999998 0.024738999999999997
0 0.625 0.7311195 0.1445320000000001 0.07421900000000003
0 0.6630855 0.794922 0.1894530000000001 0.13151000000000002
0 0.6191405000000001 0.9414065 0.097657 0.11458299999999999
0 0.942383 0.7226565 0.10742200000000002 0.11197899999999994
0 0.9619139999999999 0.5377605 0.07226600000000005 0.078125
0 0.9619139999999999 0.813151 0.07226600000000005 0.061197999999999975
