0 0.668125 0.1786305 0.10624999999999996 0.094885
0 0.043437500000000004 0.25206300000000004 0.043125000000000004 0.028878000000000015
0 0.105 0.106436 0.08249999999999999 0.04125400000000001
0 0.1340625 0.6027229999999999 0.013124999999999998 0.014025999999999983
0 0.451875 0.4517325 0.15999999999999998 0.094885
0 0.43625 0.563944 0.07749999999999996 0.09488399999999997
0 0.6190625000000001 0.502475 0.07437499999999997 0.03795400000000004
0 0.6018749999999999 0.6188115 0.008749999999999925 0.008251000000000008
0 0.628125 0.3518975 0.029999999999999916 0.025577000000000016
0 0.7634375 0.3304455 0.014375000000000027 0.02062699999999995
0 0.7859375 0.3584985 0.016875000000000084 0.02062699999999995
0 0.8384375 0.366749 0.018125000000000058 0.014025999999999983
0 0.9553125 0.165429 0.024375000000000036 0.030528
0 0.9746875 0.4278055 0.016874999999999973 0.01897700000000002
