0 0.4396495 0.6658805 0.12632899999999997 0.561321
0 0.3126955 0.619497 0.10006300000000001 0.39150999999999997
0 0.3298935 0.284984 0.07442099999999996 0.23191799999999999
0 0.37554699999999996 0.548349 0.05315799999999998 0.19418200000000002
0 0.44215150000000003 0.2712265 0.06003699999999995 0.20440299999999997
0 0.535022 0.32743750000000005 0.063164 0.398585
0 0.616323 0.5888365 0.11069399999999996 0.385221
0 0.619137 0.2818395 0.06128800000000001 0.238207
0 0.6791745 0.2818395 0.05878699999999992 0.21462300000000004
0 0.7270165 0.279874 0.066917 0.25943399999999994
0 0.7636025 0.4976415 0.071295 0.38207500000000005
