0 0.473125 0.78375 0.08250000000000002 0.07750000000000001
0 0.014375 0.8866665 0.0275 0.05166700000000002
0 0.041875 0.7533335 0.07625 0.036667000000000005
0 0.12281249999999999 0.9750000000000001 0.171875 0.04833399999999999
0 0.140625 0.6429165 0.0825 0.029166999999999943
0 0.2296875 0.89125 0.061874999999999986 0.07083400000000006
0 0.2425 0.7645835000000001 0.053749999999999964 0.02083299999999999
0 0.3434375 0.905833 0.06187500000000001 0.05499999999999994
0 0.4053125 0.941667 0.051875000000000004 0.04500000000000004
0 0.4478125 0.8583335 0.08562499999999995 0.05666700000000002
0 0.4340625 0.6733335 0.05312500000000003 0.03833299999999995
0 0.4434375 0.9650000000000001 0.06812499999999999 0.056665999999999994
0 0.4465625 0.9125 0.018125000000000002 0.05499999999999994
0 0.555625 0.881667 0.12500000000000006 0.07499999999999996
0 0.69375 0.9391665 0.08125000000000004 0.10166699999999995
