0 0.3292815 0.263125 0.48308700000000004 0.16249999999999998
0 0.2827695 0.148125 0.383721 0.07500000000000001
0 0.292812 0.7459374999999999 0.393234 0.09187500000000004
0 0.30708250000000004 0.41874999999999996 0.421775 0.10125
0 0.3276955 0.5228125 0.376321 0.09062500000000001
0 0.5026425 0.6325 0.5930230000000001 0.135
0 0.5026425 0.8184375 0.5697669999999999 0.05687500000000001
0 0.651691 0.365 0.445032 0.11249999999999999
0 0.684461 0.17781249999999998 0.43023199999999995 0.12437499999999999
0 0.711945 0.47 0.392178 0.10125
0 0.687632 0.7184375000000001 0.326638 0.08562499999999995
0 0.7420720000000001 0.27375 0.33826600000000007 0.056249999999999994
0 0.7552855 0.549375 0.2082449999999999 0.05124999999999991
