0 0.036 0.357778 0.045334 0.02400000000000002
0 0.05466699999999999 0.3862225 0.036 0.018667000000000045
0 0.1163335 0.44311100000000003 0.032667 0.025778000000000023
0 0.14400000000000002 0.339111 0.025333999999999995 0.02400000000000002
0 0.1543335 0.372 0.02066700000000002 0.02400000000000002
0 0.1923335 0.3417775 0.024666999999999994 0.01866699999999999
0 0.199 0.427111 0.021999999999999992 0.03466600000000003
0 0.2283335 0.372 0.031333 0.02400000000000002
0 0.241 0.429778 0.017999999999999988 0.022221999999999964
0 0.258 0.434222 0.028000000000000025 0.020444000000000018
0 0.2506665 0.386222 0.00933299999999998 0.022221999999999964
0 0.271 0.3648885 0.020666000000000018 0.031111
0 0.31566700000000003 0.355111 0.021999999999999964 0.025777999999999968
0 0.3436665 0.4306665 0.023332999999999993 0.027554999999999996
0 0.35 0.39422250000000003 0.03333400000000003 0.016888999999999987
0 0.3783335 0.407111 0.02066699999999999 0.019556000000000018
0 0.39866650000000003 0.5871109999999999 0.04533300000000001 0.039999999999999925
0 0.4126665 0.639111 0.04266700000000001 0.04977799999999999
0 0.4036665 0.685778 0.016666999999999987 0.03644399999999992
0 0.457333 0.333333 0.016000000000000014 0.016000000000000014
0 0.461333 0.290222 0.008000000000000007 0.02222200000000002
0 0.485 0.41200000000000003 0.03533399999999998 0.031111999999999973
0 0.47733349999999997 0.478667 0.014667000000000041 0.025777999999999968
0 0.4883335 0.45599999999999996 0.028666999999999998 0.026666000000000023
0 0.509333 0.652 0.04400000000000004 0.04888800000000004
0 0.525 0.4724445 0.02733399999999997 0.03822300000000001
0 0.5423335 0.427111 0.024666999999999994 0.02755599999999997
0 0.575 0.41200000000000003 0.03399999999999992 0.03466600000000003
0 0.5920000000000001 0.7933330000000001 0.05999999999999994 0.039999999999999925
0 0.612 0.37555550000000004 0.01733399999999996 0.02044499999999999
0 0.621 0.38888900000000004 0.01666600000000007 0.025778000000000023
0 0.643 0.30933299999999997 0.008666000000000063 0.01599999999999996
0 0.6596665 0.37644449999999996 0.00866699999999998 0.016888999999999987
0 0.6839999999999999 0.488 0.04133400000000009 0.04799999999999999
0 0.726 0.728889 0.045333999999999985 0.06044399999999994
0 0.7183335 0.404889 0.023332999999999937 0.022221999999999964
0 0.716 0.3124445 0.010665999999999953 0.022222999999999993
0 0.722 0.514222 0.022665999999999964 0.025777999999999968
0 0.7406665 0.280889 0.010666999999999982 0.01777799999999996
0 0.747 0.30533299999999997 0.015333999999999959 0.025778000000000023
0 0.7496665 0.326667 0.012666999999999984 0.02400000000000002
0 0.762333 0.5044445 0.02200000000000002 0.015110999999999986
0 0.7643335 0.411111 0.00866699999999998 0.020444000000000018
0 0.7829999999999999 0.579111 0.01666599999999996 0.02400000000000002
0 0.816333 0.31866700000000003 0.02200000000000002 0.025778000000000023
0 0.878333 0.4786665 0.02200000000000002 0.036445000000000005
0 0.920667 0.24888899999999997 0.008000000000000007 0.015999999999999986
0 0.9383334999999999 0.5826665 0.02733299999999994 0.034667
0 0.983 0.508 0.026000000000000023 0.02933399999999997
