0 0.7518750000000001 0.4233335 0.275 0.28333299999999995
0 0.085625 0.274583 0.11750000000000001 0.08749999999999997
0 0.303125 0.22625 0.3175 0.16416600000000003
0 0.27625 0.09958349999999999 0.03375 0.020833000000000004
0 0.2784375 0.2470835 0.023125000000000007 0.035833000000000004
0 0.379375 0.1825 0.017500000000000016 0.068334
0 0.4225 0.075 0.034999999999999976 0.06
0 0.4828125 0.0154165 0.06437500000000002 0.030833
0 0.5009375 0.5370835 0.02812500000000001 0.11416700000000002
0 0.9440625 0.10500000000000001 0.015625 0.045
