0 0.06 0.25333300000000003 0.12 0.044999999999999984
0 0.02875 0.5891664999999999 0.0425 0.10333300000000001
0 0.052500000000000005 0.055 0.03125000000000001 0.05833400000000001
0 0.125625 0.375417 0.13 0.08250000000000002
0 0.1146875 0.8591664999999999 0.046875 0.04166700000000001
0 0.15968749999999998 0.6066665 0.108125 0.05666700000000002
0 0.17125 0.5408335 0.11124999999999999 0.05833299999999997
0 0.173125 0.6516664999999999 0.11249999999999999 0.033332999999999946
0 0.1546875 0.09875 0.05937500000000001 0.0675
0 0.1634375 0.4116665 0.05687499999999998 0.093333
0 0.20968750000000003 0.26875000000000004 0.09937500000000002 0.08583400000000002
0 0.2521875 0.10166649999999999 0.08687500000000004 0.096667
0 0.25 0.40375 0.07250000000000001 0.029166000000000025
0 0.2546875 0.4804165 0.043125 0.06583300000000003
0 0.2953125 0.391667 0.085625 0.03999999999999998
0 0.303125 0.0195835 0.08749999999999997 0.039167
0 0.3325 0.726667 0.07624999999999998 0.05500000000000005
0 0.3303125 0.9720835 0.06937499999999996 0.054167000000000076
0 0.36375 0.3075 0.08000000000000002 0.05333399999999999
0 0.475 0.31333350000000004 0.10125 0.058333000000000024
0 0.513125 0.234167 0.09124999999999994 0.044999999999999984
0 0.5246875 0.93875 0.09687499999999999 0.07250000000000001
0 0.5440625 0.5475 0.09687500000000004 0.08333400000000002
0 0.5587500000000001 0.8179164999999999 0.07999999999999996 0.05916700000000008
0 0.5915625 0.4479165 0.114375 0.060833000000000026
0 0.595 0.6637500000000001 0.11124999999999996 0.032500000000000084
0 0.5959375 0.8033335 0.06062499999999993 0.10833300000000001
0 0.6643749999999999 0.962917 0.07625000000000004 0.07250000000000001
0 0.7265625 0.9108335000000001 0.13687500000000008 0.03833300000000006
0 0.7184375000000001 0.6441665 0.08187500000000003 0.09666700000000006
0 0.765 0.485417 0.11749999999999994 0.027500000000000024
0 0.81 0.507083 0.14875000000000005 0.0675
0 0.8103125 0.8291665 0.140625 0.046667000000000014
0 0.941875 0.89375 0.07624999999999993 0.09916599999999998
